39356 6
11708 8
21976 10
11833 12
7981 13
15383 20
33994 21
36520 27
39276 29
17200 30
22996 31
34661 32
20660 35
3015 36
1973 38
24260 39
40588 43
11451 46
44427 47
36969 49
26964 50
12922 52
27021 53
13653 55
32430 56
13114 59
8030 60
33034 62
84 63
29738 65
10655 67
26976 68
14275 71
29017 72
411 73
30717 77
33510 83
37822 85
30871 86
32789 87
41642 88
4947 91
29824 93
6184 94
38566 96
23715 97
26050 98
1694 100
8096 102
5161 103
12300 111
44247 112
37319 113
23725 115
5805 116
21642 117
13608 121
11529 126
20303 127
19927 129
42688 130
11024 133
2134 137
22549 138
39176 141
15069 144
21279 146
50 147
12400 149
7999 150
39984 151
10779 155
10250 156
7210 157
5444 160
38194 169
8748 170
36582 171
36051 173
10332 174
7349 178
33802 181
23268 182
15361 183
2807 184
16792 188
37502 189
39203 191
21592 192
43708 196
43030 197
39462 199
23483 200
36677 203
7537 205
26685 206
20668 211
25450 212
7935 213
37564 218
26508 219
25516 220
33481 222
36551 223
4964 224
21047 229
35258 232
4056 233
4949 234
34887 238
36432 239
14009 242
30894 246
4065 247
30541 248
40576 249
3383 251
8090 252
18067 253
18288 255
32548 259
34358 260
33277 262
25434 263
19622 264
3470 267
5348 268
16160 270
44154 271
40695 274
41044 275
23714 277
30055 278
34624 280
20542 281
39400 282
31768 291
9875 292
17098 293
24668 295
14282 297
26339 298
28559 302
12583 303
3395 307
43659 308
38227 314
3372 317
39974 318
11591 319
27613 320
28684 326
33983 327
17612 330
35832 332
14953 333
32350 336
21453 338
16897 339
11710 342
23008 343
43121 344
27912 348
41302 349
31677 350
33299 352
34479 353
36654 355
10470 356
31557 357
18242 360
14800 361
2924 363
30177 364
44333 366
43248 369
41282 370
6895 374
5996 375
20628 376
18575 380
15656 381
11662 382
22546 385
37415 386
16623 387
21541 390
21621 391
24718 394
9366 396
23296 397
34189 401
32577 402
43737 406
2788 407
4820 409
4293 411
22518 412
16950 415
23005 417
27081 418
25383 419
36825 421
7224 422
12457 424
9377 426
3749 429
27145 430
10280 432
12905 433
6155 438
30028 439
2657 447
11664 448
29186 452
4833 453
42584 454
5211 456
42895 457
39981 458
5070 461
17819 462
10568 468
22999 469
18744 473
27525 474
33259 475
36132 479
38780 480
27949 482
21617 483
27141 487
12346 488
3512 490
11017 491
1400 492
18004 497
18277 500
15022 501
43717 506
34079 507
1765 509
17620 510
30652 513
27250 514
40081 515
2400 517
683 518
28116 524
24829 528
12651 529
17909 531
29754 532
26184 533
24942 534
24897 537
42484 538
35034 539
39250 542
23713 544
22749 545
32473 547
5013 549
43326 550
30323 553
35249 554
17809 556
16323 558
41430 559
25976 560
9767 561
23746 565
3016 567
18486 570
28460 571
28512 572
7283 576
9926 577
39908 578
23160 582
1665 585
23168 587
9809 589
43595 590
24822 591
15528 593
40658 594
4923 595
26295 598
33262 599
29593 601
17293 602
11215 603
30663 606
19658 608
20033 609
26366 610
33850 613
34993 614
8280 615
2396 619
25273 620
36853 623
7187 624
4872 626
32173 628
41215 629
41665 630
1165 632
37209 636
12985 638
43111 640
34191 641
36245 644
34511 645
39412 651
28745 654
24651 655
8643 656
15733 660
43498 662
24469 663
28917 666
31532 669
36552 670
4102 671
14278 673
24786 674
22233 677
14006 678
5551 679
40564 681
19459 682
11726 684
7673 687
33794 688
11378 690
9455 691
15634 696
12848 697
8599 700
29148 701
26844 702
42478 705
25826 706
38928 714
10279 718
34512 719
3730 722
43455 723
21438 724
27509 725
32750 733
27461 735
15946 737
24420 738
9406 743
37610 744
19717 749
24664 750
1721 752
39969 757
42529 758
16381 759
12203 762
41090 764
33955 765
21379 766
5138 769
42184 771
12553 776
18572 777
6784 779
34608 780
42232 782
44021 783
43293 784
7838 787
3281 790
16641 791
36846 792
30333 793
9770 796
15280 797
29614 801
2495 802
39719 803
22756 805
33155 806
40113 811
32090 812
23820 814
23779 815
11735 816
7405 817
34230 824
40169 825
28078 826
43462 828
13473 829
12122 831
8056 835
9413 836
32323 837
8837 839
8166 842
12726 843
21321 844
21657 846
37946 848
10077 850
19759 851
32125 853
3155 854
26962 855
24448 859
22520 860
14597 861
8161 865
7458 866
954 867
34760 868
16981 870
37643 871
22251 873
10826 874
8001 875
11112 880
34302 882
25870 886
13623 887
13394 888
22084 890
30112 891
38358 895
23311 897
17712 898
33787 900
10009 903
43790 904
16275 906
38533 909
6202 910
20241 912
23003 914
13818 916
5443 917
15531 920
40295 921
8018 923
23345 924
11266 927
21304 929
19863 930
38960 934
19776 935
25896 936
11272 937
12190 938
21176 940
8184 941
43115 946
28556 948
22761 950
8602 951
30838 954
5047 957
30853 958
35770 960
35951 961
25706 962
1842 963
41542 965
43019 966
12542 968
3230 974
38148 976
21410 977
32962 979
13904 980
34210 983
9945 984
43114 986
15075 988
23607 989
8124 993
14844 994
37614 998
36250 999
23235 1000
17917 1005
39535 1006
19228 1012
5886 1013
10955 1015
22846 1016
7083 1020
37016 1021
6492 1025
4484 1026
35999 1027
42357 1028
5745 1031
23042 1033
14371 1034
11413 1039
38963 1040
31133 1041
29119 1047
18132 1048
39701 1049
17482 1050
6576 1051
3299 1052
4013 1054
16095 1055
17655 1056
659 1057
10846 1058
40457 1061
16532 1062
23829 1063
33673 1066
12700 1068
17957 1070
23995 1071
4467 1072
36171 1073
30603 1074
212 1075
9389 1079
13578 1080
16489 1082
25847 1083
35192 1084
21342 1085
15841 1087
32186 1090
18238 1091
38711 1092
31476 1093
38233 1096
33161 1097
2177 1099
41117 1100
34599 1103
13371 1105
30915 1106
11609 1107
24 1108
34108 1110
9722 1111
38482 1114
33661 1115
25955 1119
23084 1120
20076 1125
26812 1127
39414 1128
35940 1129
20612 1131
39738 1133
5430 1134
3344 1135
12434 1137
31177 1140
18755 1141
16200 1143
1145 1144
30782 1148
26715 1149
20557 1151
20217 1154
26261 1158
42691 1159
2330 1161
44071 1162
16810 1163
25692 1165
33382 1167
21346 1168
41185 1169
41863 1170
22331 1173
43066 1174
5049 1178
14091 1179
34042 1181
8569 1182
43221 1184
27114 1186
38470 1187
40047 1191
14486 1194
8792 1198
22701 1201
26409 1202
1506 1203
40720 1209
10746 1210
30741 1212
18980 1213
37125 1219
31379 1220
17967 1221
7791 1225
29261 1226
187 1227
30659 1230
2271 1231
2486 1232
1787 1235
7634 1236
40218 1237
32404 1241
8437 1243
29732 1244
40157 1246
22732 1247
9342 1249
31631 1252
16519 1256
39216 1257
3769 1259
22497 1260
7264 1261
25262 1263
10665 1264
27526 1266
27998 1268
15458 1270
7025 1271
34733 1275
8362 1277
19975 1278
5816 1280
14684 1281
4700 1284
30282 1286
1668 1287
18455 1289
27623 1290
28308 1292
1218 1294
27864 1296
1578 1298
36784 1299
35009 1301
20999 1303
21099 1304
15562 1306
33747 1307
35305 1308
35629 1312
29676 1313
194 1314
15410 1315
17196 1319
31712 1323
25607 1324
12429 1326
23517 1327
31346 1329
23061 1330
14521 1333
34743 1337
13945 1339
23547 1340
31999 1341
3745 1342
42812 1349
30067 1350
42605 1351
42875 1356
23955 1357
22011 1358
38029 1362
2594 1363
42959 1367
7277 1368
11813 1369
22421 1370
28226 1372
8858 1374
8194 1376
33805 1377
25494 1378
17391 1381
22464 1382
13919 1383
27756 1386
22049 1387
16966 1391
12444 1392
36569 1393
11078 1398
10581 1399
31615 1400
3952 1401
5372 1404
38735 1405
35964 1406
43501 1415
9196 1418
40783 1419
14557 1425
16031 1426
35685 1429
21987 1430
35228 1431
5446 1434
19362 1436
271 1437
7038 1442
5309 1444
18490 1445
19637 1446
30078 1447
40530 1449
29983 1450
20810 1453
37375 1454
15028 1458
379 1459
8663 1460
6061 1462
18686 1463
41809 1466
28568 1467
28769 1468
40781 1471
26251 1472
35688 1473
42888 1474
2711 1477
19651 1478
3403 1480
1566 1481
32762 1483
15400 1484
5599 1489
41456 1490
31146 1491
8261 1496
2194 1497
42621 1498
36916 1499
20919 1504
9638 1506
4620 1508
13103 1509
10030 1511
23367 1512
18143 1517
31009 1519
27302 1520
8156 1523
39741 1524
34279 1526
7796 1527
38137 1530
23394 1531
43428 1533
38755 1534
18550 1538
1604 1539
18628 1541
19535 1544
32429 1545
7247 1549
20355 1550
32678 1551
33561 1552
32239 1555
23846 1559
32609 1560
39303 1564
14615 1565
35326 1568
570 1569
27686 1570
11003 1573
44014 1578
14124 1579
33048 1580
23422 1582
13319 1583
25585 1585
5094 1586
14973 1589
31525 1591
1166 1592
4131 1593
12108 1595
6863 1596
29470 1597
26253 1601
21007 1602
41366 1603
24362 1606
24628 1607
41910 1608
29340 1610
10166 1613
9844 1616
38215 1617
42015 1619
41057 1622
22131 1623
10577 1624
10727 1626
20809 1627
40749 1631
6553 1632
18428 1634
9000 1635
43805 1638
17440 1639
34131 1641
24478 1642
14112 1645
6085 1647
11379 1648
42526 1655
41956 1656
2379 1658
33018 1659
41201 1661
10521 1663
34469 1664
30589 1668
34817 1672
3468 1674
22997 1675
42367 1678
26734 1679
24679 1682
11707 1683
40634 1685
3014 1686
4682 1689
27761 1691
20456 1692
28182 1693
7229 1696
15802 1697
16549 1701
5435 1702
322 1704
37031 1705
40487 1708
3850 1709
43031 1710
28273 1717
14320 1718
30671 1720
14961 1721
42743 1723
11534 1725
34971 1727
12714 1729
20506 1730
29301 1735
32022 1736
24333 1738
38146 1741
5063 1744
25357 1746
5036 1747
43442 1748
4172 1749
18994 1756
8787 1757
29236 1760
7623 1763
31907 1764
37787 1767
8153 1768
9940 1770
22995 1772
16203 1773
23319 1775
11829 1777
30157 1779
13054 1780
2107 1782
30765 1783
42858 1786
43327 1787
7542 1791
6860 1792
829 1793
2337 1794
22461 1796
38409 1797
28605 1801
40841 1802
39628 1803
26376 1804
42070 1809
41025 1811
22166 1812
35767 1814
17453 1815
42731 1817
1235 1818
14487 1824
37666 1825
15009 1826
30742 1827
9069 1829
40883 1830
41684 1833
41043 1835
37821 1836
15334 1837
6740 1840
24418 1841
34922 1842
24780 1845
12291 1846
37794 1848
33076 1849
21200 1851
41086 1852
7654 1856
19183 1857
30952 1860
40832 1861
10129 1863
35637 1864
29472 1868
23573 1870
29034 1871
16566 1875
7167 1878
7670 1879
11551 1881
38932 1882
262 1887
11557 1888
10029 1890
30456 1893
8311 1894
32490 1897
18656 1898
23036 1900
35243 1902
13637 1904
35855 1905
18622 1907
17933 1908
794 1909
654 1913
24934 1915
10048 1918
31856 1920
16980 1924
17152 1925
32453 1926
26671 1927
4819 1929
15342 1930
20173 1932
37775 1933
41363 1935
28732 1937
24577 1938
6125 1943
3633 1944
36447 1946
37668 1947
35984 1949
34988 1950
34143 1952
3881 1953
7647 1960
31750 1961
20030 1963
15963 1964
17005 1967
9034 1968
4991 1969
33712 1972
43835 1974
34640 1975
38933 1977
2793 1978
22883 1981
13435 1983
2574 1984
23219 1987
36900 1988
12763 1990
33323 1991
38627 1994
17831 1995
2794 1996
34652 1997
33328 1998
