2642 4
30262 10
16568 11
6144 13
3814 16
7817 21
23548 22
28390 23
42727 24
41182 27
31927 29
10652 30
43667 34
794 38
19857 39
33856 42
14901 43
13019 44
11229 46
41506 47
3929 50
9867 51
29312 53
27727 55
23160 56
34471 58
35253 59
30486 61
11607 62
8163 68
42219 69
28046 70
6785 73
31264 75
8643 78
26124 79
19434 80
27582 85
2107 86
16544 88
39576 89
40101 96
18579 97
30851 98
28945 101
7645 102
41046 108
25469 110
25753 111
24575 112
13003 113
39302 116
45470 117
31680 118
36838 121
33932 123
31525 124
43296 126
13503 128
32182 129
14743 133
7676 138
27664 140
26426 141
34374 142
37499 143
26573 146
37183 147
13692 149
5111 151
35807 153
39661 154
35010 159
26180 162
27278 163
26319 165
11579 166
32388 167
134 168
7053 172
6682 173
9069 175
31111 179
38105 180
40471 182
39717 183
23410 186
6804 187
29582 188
41880 190
28097 191
5757 193
18521 194
24182 200
24870 201
29460 203
5610 204
24724 206
38822 208
5145 210
35608 211
8951 212
22608 213
24058 217
19606 218
2337 220
34458 222
13399 223
42950 227
21748 229
30938 233
25250 235
32295 236
14693 238
3997 239
31298 241
24927 242
43597 245
34335 246
10789 247
16912 254
503 255
12085 256
7529 259
24537 260
415 263
14201 264
31679 267
11378 268
23051 270
36635 271
4246 277
21613 278
10290 280
33526 281
24867 287
17444 289
7502 290
7030 293
4178 294
3723 296
17331 297
19364 299
3503 300
2177 303
21337 305
1814 306
3038 308
4066 309
26382 315
40750 316
25666 317
28471 319
3383 320
42287 329
15530 331
39993 332
32422 336
3076 337
8813 338
43454 342
13469 344
8482 345
43943 348
16382 349
42904 350
3474 352
570 354
19210 355
15623 359
31057 363
21521 364
6643 365
5389 366
31286 368
21995 370
4202 371
38951 380
9460 385
36094 386
9239 388
6582 389
19932 391
30530 392
20959 393
43071 394
2567 399
17019 400
29680 401
14499 403
5233 404
29886 405
26428 408
29282 411
25734 412
23713 413
25275 414
4082 416
36510 417
7347 418
45026 421
27564 423
20418 424
23598 426
14180 427
40484 433
30084 434
4079 436
3030 438
20442 439
18646 441
10908 442
42878 446
16731 447
271 449
13753 450
13635 452
13664 455
15327 456
16102 458
21480 459
44348 462
10450 463
27198 464
11334 472
39867 473
1506 474
3190 475
20762 480
42629 481
31642 491
9145 492
1416 495
38912 496
37293 497
20031 501
19515 503
11536 506
3645 507
10371 508
20287 511
22062 512
45015 515
6318 516
29673 517
42169 518
26498 520
27422 521
33110 527
19284 528
17916 529
9406 531
45055 533
32919 535
36452 536
40056 538
3775 539
18611 542
24005 543
20353 546
31206 547
17440 548
15089 549
9666 553
33694 554
13311 557
8380 558
44217 561
38881 562
21616 563
36790 565
42899 566
30007 568
18570 569
21270 570
3853 575
22390 576
31796 577
41277 579
33092 580
4819 585
2931 587
10029 588
44935 589
5211 592
25060 593
29266 594
29607 598
30216 599
22522 601
42187 602
17220 603
40277 604
10062 608
13904 609
1480 610
28890 612
20425 613
30443 617
4131 618
34325 620
5036 621
24144 625
2486 626
18828 627
25981 628
23456 630
40122 632
31352 633
31228 637
31287 638
2980 640
30681 643
13049 644
40844 645
24189 648
11592 649
7072 650
9736 653
8541 654
30211 656
21579 657
14789 660
20248 661
43160 664
10719 665
24149 666
45234 668
14945 669
2251 674
13542 675
36416 676
38756 680
27537 682
27054 683
27855 685
30180 686
7634 689
10799 690
23042 691
25340 696
14914 697
37087 699
27247 700
9739 702
11596 704
23351 705
29056 708
12700 709
41782 710
27419 714
41525 715
33492 718
20136 719
6528 720
21783 727
19543 728
27820 730
30329 731
22105 732
16444 734
5996 737
8328 738
10291 739
4068 742
8706 743
7460 744
23009 754
26940 755
7064 757
29645 759
25016 760
31425 764
36091 765
15305 766
19894 769
21258 779
2619 780
35583 782
24442 784
31956 788
6347 789
42824 792
29101 793
13052 794
7811 797
3719 799
22112 800
31499 801
23172 804
32426 805
44997 806
19363 809
12616 810
5551 812
2616 814
41554 815
20228 817
41403 819
5663 820
39866 822
22841 824
40258 828
15152 829
34107 830
28702 831
33999 837
33164 838
5745 839
32531 840
39635 842
5882 846
26326 848
14700 849
35898 851
6540 854
2154 856
36685 857
11658 858
44647 859
33211 862
8707 863
18832 866
15834 869
10470 872
9602 875
683 876
12099 879
18923 881
18213 883
34067 884
5752 885
25079 886
1665 888
4891 889
37053 893
659 894
26204 895
829 897
16935 899
22741 900
41843 902
24842 903
24469 905
16313 906
36846 907
1235 911
2748 912
34025 913
28987 916
19717 918
41424 919
262 922
34667 924
40850 925
12181 927
9519 928
14553 931
28243 933
12851 934
43793 935
8484 938
8124 939
40311 940
20239 942
32256 943
44164 947
19272 948
36393 950
20656 951
32952 953
2377 954
6863 958
12661 959
15558 960
13447 961
14861 967
43520 968
11202 969
18569 971
22125 973
32992 975
20836 977
40661 979
34041 980
1369 983
26182 984
25098 986
25829 988
19477 989
18997 991
25276 992
37025 994
12906 995
44994 999
11158 1001
32323 1005
8644 1006
24807 1007
17272 1010
15342 1011
16437 1012
6504 1013
899 1015
16181 1016
17259 1018
10242 1019
34628 1020
31638 1021
34857 1025
19179 1026
36290 1029
13103 1030
954 1033
40616 1034
31283 1043
3011 1044
10755 1048
15252 1050
917 1051
7121 1053
44894 1056
11773 1057
6665 1058
20140 1059
4691 1061
27909 1062
41676 1067
34083 1069
41258 1070
39654 1071
24326 1075
10831 1076
12761 1077
36791 1079
39727 1080
23028 1082
40815 1083
5160 1086
33693 1087
43561 1094
44572 1095
39080 1096
32462 1098
8122 1099
14085 1100
15312 1101
4139 1103
23658 1107
9533 1108
23238 1113
16645 1114
14190 1115
15990 1118
37862 1121
20285 1122
28225 1123
16515 1127
40519 1129
7110 1131
43612 1132
26538 1135
40043 1139
3286 1140
28355 1142
39961 1143
42359 1145
37029 1147
44960 1149
9836 1150
7895 1156
43415 1157
37931 1158
18726 1162
2672 1163
28290 1165
2379 1166
21789 1168
2374 1169
25523 1173
43400 1174
29678 1175
3737 1178
44494 1180
19388 1181
23079 1184
38997 1185
3347 1186
42262 1189
8864 1190
17711 1193
39692 1194
26583 1195
30858 1198
16406 1201
3157 1202
27624 1203
10821 1207
6557 1210
18921 1211
28398 1212
29052 1213
151 1218
31185 1219
27335 1221
11512 1222
14524 1223
22658 1225
9075 1226
6912 1228
12513 1229
42631 1230
40337 1233
35836 1235
43541 1238
35432 1241
28147 1242
2383 1243
16989 1245
3772 1246
23039 1249
27225 1251
10393 1252
17628 1254
15644 1255
14665 1258
20038 1259
29530 1261
11068 1262
42134 1265
39996 1269
19510 1270
27913 1271
43099 1272
43492 1274
7038 1275
41456 1278
40638 1279
39127 1281
3977 1282
4752 1284
44111 1293
8366 1294
15872 1296
1990 1297
44169 1300
2714 1302
28741 1303
29026 1304
7950 1306
26085 1309
36725 1310
16487 1311
16265 1312
31372 1315
24973 1316
4665 1318
27173 1322
15157 1325
2293 1326
11283 1327
29983 1329
16943 1330
19370 1334
43232 1335
8184 1336
6173 1338
38056 1339
35100 1341
23796 1343
28589 1344
18962 1345
22838 1351
10762 1353
15948 1354
36224 1356
17564 1357
2794 1358
42503 1369
21828 1370
25521 1374
43907 1376
2581 1377
20751 1380
22624 1382
9470 1383
17655 1386
2728 1387
35216 1389
19545 1390
34861 1391
37899 1397
20303 1398
1721 1400
8198 1401
29806 1403
17814 1406
28280 1407
16899 1408
33919 1410
14735 1411
25131 1413
17156 1418
16846 1420
1872 1422
11539 1423
19774 1424
43928 1432
36135 1433
18742 1435
42057 1437
15040 1438
31875 1441
12714 1443
38220 1444
12402 1446
194 1447
17677 1453
5047 1454
33017 1456
654 1457
7188 1460
17195 1461
5321 1462
1165 1470
23698 1472
31683 1473
26216 1475
30205 1478
16356 1481
44507 1482
39529 1483
19938 1484
18288 1485
11332 1488
20674 1489
11693 1493
9134 1494
22246 1495
7408 1496
11907 1499
31291 1500
4904 1501
45063 1502
16745 1504
21233 1506
4407 1507
19818 1511
8156 1512
29180 1516
41905 1518
22280 1519
595 1523
45164 1524
39433 1527
34102 1528
32094 1530
3299 1531
43080 1532
24 1535
17131 1536
34873 1537
18992 1541
43787 1544
26506 1545
16847 1547
25704 1548
4908 1549
26683 1551
41672 1552
10028 1553
41474 1555
40814 1556
25767 1557
44503 1558
24488 1560
13864 1561
12501 1564
12270 1565
12846 1569
19456 1571
6465 1572
41981 1573
9807 1574
19209 1576
4923 1577
17065 1579
31977 1581
32372 1582
31706 1584
37393 1585
19646 1591
5372 1592
41689 1594
7288 1595
3749 1598
27217 1599
24213 1607
37538 1608
13171 1609
3137 1610
17812 1611
19956 1613
18938 1614
1734 1616
27656 1617
28966 1621
26656 1622
42622 1626
26348 1627
3392 1628
35508 1629
5268 1633
43637 1634
16737 1638
8636 1639
40104 1643
14918 1645
23222 1647
406 1649
39719 1650
34657 1652
31169 1653
40342 1654
38776 1660
9644 1662
26286 1663
17979 1665
35032 1667
37213 1668
11251 1672
28078 1679
12246 1681
36763 1682
31257 1684
44110 1687
3014 1688
12829 1689
19330 1691
27992 1692
39506 1696
17330 1697
156 1699
5246 1700
30823 1701
8729 1703
21971 1706
7217 1707
3281 1708
31297 1715
28114 1716
31745 1719
5621 1720
3016 1721
34037 1724
32431 1725
4516 1729
13632 1731
4263 1732
39583 1733
25769 1735
19422 1737
22452 1738
32205 1740
15507 1741
3015 1744
3769 1746
36608 1747
11591 1750
7975 1751
43474 1752
34004 1755
11740 1758
16228 1759
18172 1762
22912 1763
27332 1765
35418 1766
37182 1768
12699 1769
26597 1771
12789 1777
39494 1779
11301 1780
21981 1783
30976 1784
44523 1785
9933 1786
6109 1788
15607 1789
34947 1791
30662 1793
31470 1794
12004 1795
27959 1796
16925 1797
5062 1800
15448 1801
41953 1805
16611 1806
42395 1807
15677 1810
39786 1811
17960 1814
4937 1815
26606 1817
44950 1818
29314 1821
37221 1822
1218 1825
36381 1827
30101 1830
29381 1831
27393 1832
27163 1833
27825 1837
4138 1839
32958 1840
38886 1842
15848 1845
45067 1846
6492 1847
27480 1856
39216 1857
23356 1858
10195 1861
16402 1862
6155 1863
11110 1865
27772 1866
41749 1868
18006 1869
42893 1871
35213 1872
8576 1873
2530 1874
9715 1879
4172 1880
44154 1885
21105 1886
31491 1891
11103 1892
31276 1895
32386 1896
19538 1898
39142 1900
25862 1901
39778 1902
16600 1904
29984 1906
36547 1909
35567 1910
29313 1912
11274 1914
3468 1915
43263 1922
15532 1923
35700 1924
8709 1927
43638 1928
35902 1929
24604 1930
14216 1933
35743 1935
24053 1936
31967 1937
8858 1939
24046 1942
10826 1943
17420 1944
42202 1946
41770 1948
8214 1949
40917 1952
6020 1954
44943 1956
7458 1957
28500 1963
20763 1964
43712 1966
18684 1967
29443 1968
84 1971
9547 1972
45112 1973
23188 1976
32618 1977
25140 1980
3432 1981
19645 1983
26963 1984
12886 1986
12255 1987
33408 1988
7025 1992
40495 1993
19766 1995
1934 1996
38241 1997
23948 1998
