1 2 4.072763
1 3 0.18412599999999998
3 4 0.21761599999999998
4 5 0.284647
5 6 0.298147
6 7 0.063268
7 8 0.15650799999999998
8 9 0.048105
9 10 0.105026
10 11 0.036998
11 12 0.312482
12 13 5.595880999999999
12 14 6.043794999999999
11 15 5.532659
10 16 0.171313
16 17 0.13646999999999998
17 18 0.07015600000000001
18 19 5.950701
18 20 0.223388
20 21 5.774432
20 22 5.865244
17 23 0.074506
23 24 0.044572999999999995
24 25 0.069535
25 26 0.072213
26 27 0.069651
27 28 0.101783
28 29 5.764367
28 30 0.20729199999999998
30 31 6.271738
30 32 6.177655
27 33 0.163906
33 34 5.833756999999999
33 35 5.805918999999999
26 36 0.035517
36 37 0.058926
37 38 0.051543
38 39 6.264372
38 40 6.083806
37 41 5.945421
36 42 0.067592
42 43 5.770883
42 44 5.9193999999999996
25 45 0.018054
45 46 0.05519500000000001
46 47 0.13428500000000002
47 48 0.09281299999999999
48 49 0.131962
49 50 6.321219
49 51 6.229388
48 52 6.320468
47 53 6.612652
46 54 0.064981
54 55 0.123029
55 56 5.997529
55 57 5.844576
54 58 0.180615
58 59 6.1587179999999995
58 60 5.987031
45 61 0.03952
61 62 0.128775
62 63 0.193325
63 64 5.697717
63 65 5.992567
62 66 0.148275
66 67 5.7658689999999995
66 68 5.671378
61 69 0.054058999999999996
69 70 0.08866199999999999
70 71 0.019146
71 72 0.109913
72 73 6.002485
72 74 6.092657
71 75 0.11149400000000001
75 76 0.072672
76 77 0.134298
77 78 6.280302
77 79 6.017269
76 80 0.181998
80 81 6.280152
80 82 5.966812
75 83 6.234261
70 84 0.138804
84 85 0.118309
85 86 0.268682
86 87 6.242319999999999
86 88 6.460109
85 89 6.057229
84 90 0.11416799999999999
90 91 6.167287
90 92 0.032105
92 93 0.125798
93 94 6.266465999999999
93 95 6.638392
92 96 6.402542
69 97 0.080309
97 98 0.339413
98 99 0.109264
99 100 0.031351000000000004
100 101 7.1215
100 102 0.039431
102 103 6.790435
102 104 7.025354
99 105 6.889196
98 106 6.368469
97 107 0.045676
107 108 0.126545
108 109 6.092149
108 110 6.559673000000001
107 111 6.0981510000000005
24 112 0.021036000000000003
112 113 0.184017
113 114 5.783583
113 115 5.704271
112 116 6.015376
23 117 6.415220000000001
16 118 0.193644
118 119 0.11091600000000001
119 120 0.29627899999999996
120 121 0.096966
121 122 0.338366
122 123 0.339339
123 124 0.035893999999999995
124 125 0.17380500000000002
125 126 7.840058
125 127 7.595165
124 128 0.134008
128 129 0.132281
129 130 0.11552299999999999
130 131 0.172955
131 132 7.391475
131 133 7.689496
130 134 0.122546
134 135 0.090692
135 136 0.202265
136 137 7.51959
136 138 7.5107740000000005
135 139 0.12245299999999999
139 140 0.097828
140 141 0.074807
141 142 0.066606
142 143 0.066029
143 144 0.18565199999999998
144 145 0.329872
145 146 8.764213999999999
145 147 9.960481999999999
144 148 0.10028999999999999
148 149 8.536923
148 150 8.163482
143 151 0.067261
151 152 0.20993299999999998
152 153 0.090957
153 154 9.061099
153 155 0.124124
155 156 8.251614
155 157 8.195753999999999
152 158 0.074845
158 159 0.043976
159 160 8.553215999999999
159 161 8.754476
158 162 0.18556899999999998
162 163 0.139391
163 164 9.517254999999999
163 165 8.903798
162 166 0.143426
166 167 0.233724
167 168 8.603976000000001
167 169 0.23135299999999998
169 170 0.539597
170 171 0.28176999999999996
171 172 0.368667
172 173 0.066248
173 174 0.081342
174 175 0.1904
175 176 9.842533000000001
175 177 0.253621
177 178 9.232052
177 179 9.189001
174 180 0.08893100000000001
180 181 0.06736
181 182 0.07536100000000001
182 183 0.06604399999999999
183 184 0.07324900000000001
184 185 0.21668400000000002
185 186 9.140523
185 187 9.685388
184 188 9.3987
183 189 0.268351
189 190 9.742799
189 191 9.336148
182 192 0.136385
192 193 9.172204
192 194 9.299456000000001
181 195 0.073199
195 196 0.077078
196 197 0.072489
197 198 0.120294
198 199 0.122573
199 200 0.123518
200 201 0.084539
201 202 9.51238
201 203 9.667781999999999
200 204 10.163437
199 205 0.08998199999999999
205 206 0.14267
206 207 0.067208
207 208 0.17985500000000001
208 209 9.868447
208 210 10.374468
207 211 9.890995
206 212 9.940383
205 213 0.151485
213 214 10.117898
213 215 9.770766
198 216 0.10318300000000001
216 217 0.06957200000000001
217 218 9.546635
217 219 9.481705
216 220 9.267472999999999
197 221 0.060134
221 222 0.142547
222 223 9.19016
222 224 0.298707
224 225 8.94627
224 226 9.474783
221 227 0.174558
227 228 0.17334
228 229 0.090188
229 230 0.086953
230 231 0.185533
231 232 10.229624
231 233 0.059705999999999995
233 234 0.221959
234 235 10.881864
234 236 10.67684
233 237 0.128608
237 238 0.163039
238 239 10.745242000000001
238 240 0.128265
240 241 0.082325
241 242 0.064259
242 243 0.213219
243 244 0.039216
244 245 0.09889600000000001
245 246 0.063685
246 247 0.260193
247 248 11.570329
247 249 11.304165
246 250 0.128561
250 251 0.050082999999999996
251 252 0.23164800000000002
252 253 0.274019
253 254 11.912196
253 255 11.164727000000001
252 256 12.200677
251 257 0.252284
257 258 0.158751
258 259 0.218023
259 260 13.144759
259 261 12.361314
258 262 11.877119
257 263 11.468273
250 264 0.111435
264 265 11.708575
264 266 0.520397
266 267 0.115267
267 268 12.189864
267 269 11.747383
266 270 0.150128
270 271 0.41992799999999997
271 272 0.080046
272 273 0.011821
273 274 12.796144000000002
273 275 0.081091
275 276 0.093488
276 277 0.103042
277 278 0.03435
278 279 0.423854
279 280 0.276401
280 281 0.120812
281 282 14.485481
281 283 0.38040999999999997
283 284 14.578949999999999
283 285 0.12246699999999999
285 286 15.037538
285 287 13.909830000000001
280 288 13.859451
279 289 0.067966
289 290 13.565968
289 291 0.047393000000000005
291 292 14.104659999999999
291 293 0.11598800000000001
293 294 13.245412000000002
293 295 0.443859
295 296 13.266782
295 297 14.364797000000001
278 298 0.22870400000000002
298 299 13.382777
298 300 13.084835
277 301 0.066172
301 302 0.356597
302 303 14.579310000000001
302 304 0.375143
304 305 13.872784
304 306 13.1009
301 307 13.345325999999998
276 308 0.074528
308 309 0.357875
309 310 12.476834
309 311 13.38349
308 312 0.09759000000000001
312 313 12.870747
312 314 0.16063
314 315 13.069452
314 316 12.436621
275 317 0.091489
317 318 0.05305000000000001
318 319 13.234139
318 320 0.176792
320 321 12.959469000000002
320 322 12.749033
317 323 0.120913
323 324 13.408937000000002
323 325 0.09372
325 326 0.23165
326 327 0.218294
327 328 13.495676000000001
327 329 13.832258999999999
326 330 0.110654
330 331 13.672756999999999
330 332 15.072182000000002
325 333 0.230142
333 334 14.117887000000001
333 335 14.019765000000001
272 336 0.15239
336 337 0.10752500000000001
337 338 12.527241
337 339 0.25109899999999996
339 340 0.274367
340 341 12.456403
340 342 13.201492
339 343 19.437171
336 344 12.360846
271 345 12.577343999999998
270 346 12.991189
245 347 0.148318
347 348 12.025428
347 349 0.170929
349 350 11.046861
349 351 0.061439
351 352 11.770138
351 353 11.306785
244 354 0.08298900000000001
354 355 0.14887699999999998
355 356 11.221997
355 357 0.21525
357 358 12.05688
357 359 11.020043
354 360 0.07831500000000001
360 361 0.05144700000000001
361 362 11.138293
361 363 0.089632
363 364 11.430975
363 365 0.17443599999999998
365 366 10.633863
365 367 0.084493
367 368 0.18337699999999998
368 369 0.155478
369 370 0.146222
370 371 0.05792800000000001
371 372 0.06812
372 373 0.195114
373 374 0.134226
374 375 11.734233
374 376 12.253621
373 377 0.194722
377 378 11.947629
377 379 13.102978000000002
372 380 0.085466
380 381 0.09139800000000001
381 382 0.34831100000000004
382 383 11.447428
382 384 11.933138999999999
381 385 12.025170000000001
380 386 0.060146
386 387 0.269296
387 388 11.582370000000001
387 389 11.545161
386 390 0.06500800000000001
390 391 0.07172100000000001
391 392 0.052851
392 393 0.0668
393 394 0.117086
394 395 11.899656
394 396 0.246093
396 397 11.642638
396 398 11.535499
393 399 0.035425000000000005
399 400 0.02889
400 401 0.027861
401 402 0.37594299999999997
402 403 12.348818999999999
402 404 0.176485
404 405 11.573466999999999
404 406 11.655278
401 407 0.044598
407 408 0.1406
408 409 0.22781300000000002
409 410 11.740454999999999
409 411 12.905294000000001
408 412 12.044454
407 413 0.084276
413 414 0.434103
414 415 0.185595
415 416 12.676578999999998
415 417 0.192635
417 418 0.070686
418 419 0.162441
419 420 0.217003
420 421 0.226787
421 422 0.216135
422 423 13.707509000000002
422 424 0.032369
424 425 13.574043999999999
424 426 14.411786
421 427 0.030171
427 428 0.101328
428 429 0.166046
429 430 0.2254
430 431 0.696252
431 432 1.803413
432 433 1.8403409999999998
433 434 0.8988370000000001
434 435 0.681064
435 436 0.617981
436 437 22.117618
436 438 24.491693
435 439 22.079388
434 440 19.675718
433 441 20.501720000000002
432 442 18.399412
431 443 2.152653
443 444 12.872544
443 445 13.797496
430 446 0.373618
446 447 19.587334000000002
446 448 15.685945
429 449 0.19201100000000001
449 450 15.703503999999999
449 451 0.26309499999999997
451 452 15.377947
451 453 16.201
428 454 3.286468
454 455 11.405129
454 456 10.760863
427 457 0.148072
457 458 0.287413
458 459 0.159391
459 460 14.528547999999999
459 461 14.570642
458 462 0.134714
462 463 0.11521999999999999
463 464 0.045541
464 465 0.079223
465 466 0.085316
466 467 0.069903
467 468 0.37607399999999996
468 469 16.94974
468 470 15.540139
467 471 0.146996
471 472 0.12201000000000001
472 473 0.180468
473 474 0.283661
474 475 16.738375
474 476 15.498467
473 477 0.247715
477 478 15.265043
477 479 16.111476
472 480 15.697568
471 481 0.21787600000000001
481 482 0.5894189999999999
482 483 17.433194
482 484 16.220651999999998
481 485 0.22558999999999998
485 486 0.27175099999999996
486 487 0.206791
487 488 16.967509
487 489 0.23193699999999998
489 490 0.071461
490 491 0.198466
491 492 0.093273
492 493 16.527140000000003
492 494 0.046945
494 495 0.09116099999999999
495 496 0.5816169999999999
496 497 17.247054000000002
496 498 16.609222000000003
495 499 0.230472
499 500 0.417559
500 501 18.744436
500 502 18.907386000000002
499 503 0.618803
503 504 0.282739
504 505 0.103432
505 506 0.507197
506 507 18.907466
506 508 18.390103999999997
505 509 17.534301
504 510 0.18281599999999998
510 511 17.621578
510 512 0.344009
512 513 18.655192
512 514 0.069504
514 515 18.430896
514 516 19.170319
503 517 0.563154
517 518 0.713447
518 519 21.003963
518 520 0.187839
520 521 1.3202180000000001
521 522 21.631220000000003
521 523 26.951776
520 524 20.111968
517 525 19.023395
494 526 17.941639000000002
491 527 0.34119900000000003
527 528 0.092783
528 529 0.27664500000000003
529 530 16.421933
529 531 0.06339
531 532 0.190581
532 533 15.745097999999999
532 534 15.985671000000002
531 535 15.447069999999998
528 536 0.232607
536 537 0.399402
537 538 0.13551100000000002
538 539 0.012894
539 540 0.160937
540 541 0.054982
541 542 0.099605
542 543 0.077298
543 544 0.158029
544 545 0.11757600000000001
545 546 0.242797
546 547 14.739041
546 548 14.613186
545 549 14.888782
544 550 15.962888999999999
543 551 14.790097999999999
542 552 0.063849
552 553 0.089172
553 554 0.24670799999999998
554 555 14.623478
554 556 14.172068
553 557 0.38588300000000003
557 558 16.258409
557 559 15.472359999999998
552 560 14.6502
541 561 0.21411999999999998
561 562 14.767784
561 563 15.19173
540 564 0.143497
564 565 0.362744
565 566 0.298582
566 567 14.994199
566 568 0.567542
568 569 14.395380999999999
568 570 13.9447
565 571 0.20907299999999998
571 572 0.174282
572 573 0.350907
573 574 13.956977
573 575 13.522780000000001
572 576 0.5600240000000001
576 577 14.122273
576 578 14.268416
571 579 0.142013
579 580 14.823558
579 581 14.882919
564 582 0.23418100000000003
582 583 0.166664
583 584 0.239241
584 585 0.21350700000000003
585 586 15.472776
585 587 16.359208
584 588 0.18897899999999998
588 589 16.251038
588 590 0.074557
590 591 18.90978
590 592 0.23005399999999998
592 593 0.254959
593 594 17.53223
593 595 0.129713
595 596 17.982763
595 597 18.454483999999997
592 598 0.255859
598 599 0.08823700000000001
599 600 17.844902
599 601 18.136879
598 602 0.291317
602 603 16.052992
602 604 0.293162
604 605 16.220453000000003
604 606 17.433393
583 607 0.237179
607 608 0.474237
608 609 18.48029
608 610 15.224162999999999
607 611 15.26463
582 612 0.26731
612 613 0.237769
613 614 0.17608000000000001
614 615 0.11442799999999999
615 616 16.549431000000002
615 617 16.901986
614 618 17.092049
613 619 0.043745
619 620 16.061533999999998
619 621 0.14545
621 622 0.238993
622 623 16.68392
622 624 15.856565
621 625 16.208375999999998
612 626 15.716969
539 627 0.212514
627 628 15.549579
627 629 16.029367999999998
538 630 15.758671
537 631 15.875536
536 632 15.764961999999999
527 633 0.418914
633 634 16.23244
633 635 16.864726
490 636 0.11665099999999999
636 637 16.682466
636 638 17.021987
489 639 0.172327
639 640 0.09349099999999999
640 641 0.169546
641 642 0.276423
642 643 0.208999
643 644 17.829075
643 645 19.316674
642 646 0.197154
646 647 0.29087599999999997
647 648 0.781857
648 649 21.504963999999998
648 650 19.993012
647 651 0.41486500000000004
651 652 0.20629799999999998
652 653 0.236547
653 654 0.545881
654 655 0.08611200000000001
655 656 0.317608
656 657 0.8680709999999999
657 658 19.352331
657 659 19.918924
656 660 18.033751000000002
655 661 19.115589999999997
654 662 0.44526499999999997
662 663 18.607694
662 664 20.612954
653 665 19.054954
652 666 0.126262
666 667 0.363
667 668 0.41911600000000004
668 669 0.419966
669 670 0.182501
670 671 0.48451700000000003
671 672 23.292564
671 673 0.250895
673 674 0.383359
674 675 0.20695000000000002
675 676 24.483919
675 677 0.187133
677 678 0.327808
678 679 0.122616
679 680 23.373749
679 681 0.032121
681 682 23.028864
681 683 22.871946
678 684 0.256938
684 685 23.444989
684 686 23.771610000000003
677 687 22.812374
674 688 0.50086
688 689 0.154649
689 690 23.127948
689 691 0.42974399999999996
691 692 0.19806200000000002
692 693 23.028083
692 694 22.417261
691 695 22.423396
688 696 25.389379
673 697 21.737116
670 698 0.21620099999999998
698 699 0.11277
699 700 20.561276
699 701 0.203526
701 702 0.370488
702 703 20.733446999999998
702 704 22.23214
701 705 0.401273
705 706 25.188460000000003
705 707 0.431479
707 708 0.40525500000000003
708 709 20.391278
708 710 19.993337
707 711 20.495555
698 712 22.568784
669 713 0.248787
713 714 0.09704499999999999
714 715 20.539704
714 716 21.869203000000002
713 717 0.239513
717 718 0.202917
718 719 0.263052
719 720 1.542884
720 721 26.248561999999996
720 722 0.45943399999999995
722 723 0.414394
723 724 23.215448
723 725 24.659046
722 726 24.965161
719 727 23.292642
718 728 0.687416
728 729 24.704404
728 730 23.220697
717 731 0.323913
731 732 0.598982
732 733 0.678906
733 734 23.719771
733 735 0.9765849999999999
735 736 23.009168
735 737 21.575853000000002
732 738 0.383847
738 739 23.545754
738 740 24.733598
731 741 0.385488
741 742 0.264728
742 743 22.153016
742 744 22.280183
741 745 0.155945
745 746 0.9549409999999999
746 747 20.433473
746 748 19.192033
745 749 0.063531
749 750 21.893318
749 751 0.551014
751 752 20.411208
751 753 22.453165
668 754 24.162968000000003
667 755 19.614722
666 756 0.150534
756 757 0.141628
757 758 0.37436600000000003
758 759 18.449266
758 760 17.937374000000002
757 761 18.932314
756 762 19.051186
651 763 0.171168
763 764 0.499047
764 765 0.111643
765 766 19.963163
765 767 19.965987
764 768 19.852932000000003
763 769 0.37076600000000004
769 770 21.99758
769 771 0.446752
771 772 18.37472
771 773 18.467385
646 774 18.628477
641 775 1.246062
775 776 0.332006
776 777 0.29068900000000003
777 778 0.7001959999999999
778 779 0.842657
779 780 25.836662999999998
779 781 23.404228
778 782 0.207444
782 783 25.529197999999997
782 784 21.484972
777 785 0.319067
785 786 0.262531
786 787 0.20661
787 788 0.6364070000000001
788 789 24.073112
788 790 24.408669
787 791 0.19228699999999999
791 792 0.830768
792 793 23.00356
792 794 25.883080000000003
791 795 0.978442
795 796 24.912548
795 797 24.429557
786 798 21.516568
785 799 0.6910999999999999
799 800 22.001904
799 801 22.481901
776 802 0.46001899999999996
802 803 0.26194999999999996
803 804 0.8095120000000001
804 805 21.35293
804 806 25.661240000000003
803 807 21.052836
802 808 20.385823
775 809 0.21180000000000002
809 810 19.053955000000002
809 811 0.04397
811 812 19.728084000000003
811 813 0.29975
813 814 1.130273
814 815 20.726709
814 816 21.631591
813 817 20.807986
640 818 0.399006
818 819 18.438224
818 820 0.387687
820 821 19.186157
820 822 20.43935
639 823 17.919221
486 824 1.4296639999999998
824 825 16.932781
824 826 15.405276
485 827 3.6487079999999996
827 828 7.497892
828 829 6.668528
828 830 4.009609
827 831 16.312837
466 832 0.155606
832 833 0.264422
833 834 16.557864
833 835 15.223512
832 836 0.153088
836 837 16.253094
836 838 0.118364
838 839 15.298007
838 840 15.370009000000001
465 841 0.062461
841 842 0.30700900000000003
842 843 14.610018
842 844 15.197675
841 845 15.963234000000002
464 846 0.09576
846 847 14.979567999999999
846 848 14.828125
463 849 0.174579
849 850 14.860082
849 851 0.726962
851 852 14.419705999999998
851 853 14.274626000000001
462 854 0.061613
854 855 0.098137
855 856 14.69069
855 857 0.130919
857 858 0.237749
858 859 0.078644
859 860 0.178533
860 861 14.355271
860 862 14.237846000000001
859 863 0.12511
863 864 0.15145899999999998
864 865 16.364487
864 866 14.151708
863 867 14.1451
858 868 0.039176
868 869 0.10453699999999999
869 870 13.785726
869 871 13.947068000000002
868 872 0.110544
872 873 0.144554
873 874 0.026812
874 875 13.676331
874 876 13.55039
873 877 0.049099
877 878 14.061240999999999
877 879 15.544021999999998
872 880 0.15908999999999998
880 881 14.005980000000001
880 882 0.164061
882 883 14.301915000000001
882 884 13.785129
857 885 15.377366
854 886 0.139776
886 887 0.058608
887 888 14.569897000000001
887 889 15.845082999999999
886 890 15.401918
457 891 14.277029999999998
420 892 0.156213
892 893 13.474114
892 894 13.904428999999999
419 895 0.157023
895 896 13.262561999999999
895 897 0.338146
897 898 0.321225
898 899 13.998422999999999
898 900 15.050160000000002
897 901 13.443958
418 902 0.089436
902 903 13.820628
902 904 0.096376
904 905 0.14810500000000001
905 906 0.208087
906 907 12.750415
906 908 13.109909
905 909 12.722075
904 910 0.13023500000000002
910 911 13.188554
910 912 12.621163
417 913 0.066956
913 914 0.170451
914 915 12.848770000000002
914 916 12.353659
913 917 0.297666
917 918 13.112646999999999
917 919 12.646462
414 920 0.070642
920 921 12.738102000000001
920 922 12.514934
413 923 0.178843
923 924 0.239367
924 925 0.022595
925 926 0.32802600000000004
926 927 12.687679
926 928 0.179224
928 929 12.385822000000001
928 930 0.696162
930 931 11.485186
930 932 12.705097000000002
925 933 13.108209
924 934 0.157694
934 935 12.396199
934 936 0.053194
936 937 12.337415
936 938 13.371087000000001
923 939 12.682888
400 940 12.227692
399 941 0.6743210000000001
941 942 11.250994
941 943 11.269249
392 944 0.150345
944 945 11.738191
944 946 11.439945999999999
391 947 12.294882999999999
390 948 0.34661200000000003
948 949 12.444751
948 950 0.13116
950 951 12.143998999999999
950 952 0.128269
952 953 12.634746
952 954 12.921933999999998
371 955 0.037902
955 956 0.07749299999999999
956 957 11.446131
956 958 0.09233000000000001
958 959 0.112455
959 960 12.026911
959 961 11.606692
958 962 11.577829000000001
955 963 0.178706
963 964 11.711396
963 965 11.517349000000001
370 966 0.063376
966 967 11.808143
966 968 0.040288
968 969 11.843964999999999
968 970 0.175266
970 971 0.193972
971 972 12.525011
971 973 12.171345
970 974 11.977079999999999
369 975 0.238675
975 976 0.16402
976 977 11.094871000000001
976 978 10.969907
975 979 0.316749
979 980 11.072021999999999
979 981 11.296399
368 982 0.089812
982 983 11.131242
982 984 0.154183
984 985 11.450794
984 986 11.069448
367 987 0.8272510000000001
987 988 10.446269
987 989 10.302719
360 990 0.09665900000000001
990 991 0.188358
991 992 10.697822
991 993 10.759668
990 994 11.223586000000001
243 995 0.016645
995 996 0.239119
996 997 10.758787
996 998 0.12178
998 999 10.495176
998 1000 10.911707
995 1001 0.26062799999999997
1001 1002 10.91948
1001 1003 10.740439
242 1004 0.095615
1004 1005 0.148833
1005 1006 0.353786
1006 1007 10.247026
1006 1008 10.400748
1005 1009 0.10167999999999999
1009 1010 10.551109
1009 1011 10.855774
1004 1012 0.063085
1012 1013 0.133344
1013 1014 10.314882
1013 1015 10.434106
1012 1016 0.06908500000000001
1016 1017 11.079548
1016 1018 10.833407000000001
241 1019 0.08355599999999999
1019 1020 0.37660699999999997
1020 1021 10.541618
1020 1022 11.573767
1019 1023 0.255984
1023 1024 10.718613000000001
1023 1025 10.587055
240 1026 10.776805
237 1027 10.850287999999999
230 1028 0.133711
1028 1029 0.138462
1029 1030 10.771527
1029 1031 10.432927
1028 1032 0.092433
1032 1033 0.10687100000000001
1033 1034 0.318469
1034 1035 10.184692
1034 1036 10.210045
1033 1037 10.840437999999999
1032 1038 10.444749
229 1039 0.050164
1039 1040 10.056097999999999
1039 1041 0.122292
1041 1042 0.237157
1042 1043 0.301831
1043 1044 9.78997
1043 1045 10.048087
1042 1046 10.275093
1041 1047 10.289159
228 1048 0.124402
1048 1049 0.116051
1049 1050 9.796557
1049 1051 10.395751
1048 1052 10.207835
227 1053 0.085899
1053 1054 9.688502999999999
1053 1055 0.255829
1055 1056 9.658652
1055 1057 9.167259
196 1058 9.242538999999999
195 1059 9.117964
180 1060 0.191993
1060 1061 0.17738
1061 1062 9.071724
1061 1063 9.298722
1060 1064 0.06300499999999999
1064 1065 8.725828
1064 1066 9.543401999999999
173 1067 0.30257
1067 1068 0.168439
1068 1069 0.168271
1069 1070 0.112129
1070 1071 0.321331
1071 1072 0.061389
1072 1073 0.319478
1073 1074 11.349983
1073 1075 0.555382
1075 1076 0.17313
1076 1077 11.699843
1076 1078 11.93376
1075 1079 0.37089900000000003
1079 1080 2.101822
1080 1081 34.036550999999996
1080 1082 13.939157
1079 1083 21.101619999999997
1072 1084 11.348664999999999
1071 1085 0.089642
1085 1086 10.510587000000001
1085 1087 0.091639
1087 1088 10.232299000000001
1087 1089 10.364867
1070 1090 0.092819
1090 1091 0.152811
1091 1092 10.066665
1091 1093 9.670177
1090 1094 10.348201
1069 1095 0.23628999999999997
1095 1096 9.707149
1095 1097 9.928478
1068 1098 10.307139999999999
1067 1099 9.53017
172 1100 9.19049
171 1101 0.21721100000000002
1101 1102 0.08629
1102 1103 9.428681999999998
1102 1104 8.536905
1101 1105 0.211028
1105 1106 8.455948000000001
1105 1107 0.703971
1107 1108 8.577437999999999
1107 1109 9.084505
170 1110 0.409158
1110 1111 7.718253
1110 1112 7.666363
169 1113 8.115885
166 1114 0.10646699999999999
1114 1115 8.61183
1114 1116 8.797077
151 1117 8.402506
142 1118 0.16787200000000002
1118 1119 8.703445
1118 1120 7.895745
141 1121 0.013369
1121 1122 0.078897
1122 1123 0.07462
1123 1124 0.211161
1124 1125 8.399656
1124 1126 8.047712
1123 1127 0.294912
1127 1128 8.765091
1127 1129 7.985921
1122 1130 0.10328399999999999
1130 1131 8.359259
1130 1132 0.050891
1132 1133 0.097347
1133 1134 0.10250000000000001
1134 1135 0.057828000000000004
1135 1136 0.15043700000000002
1136 1137 0.077341
1137 1138 0.06929
1138 1139 9.606429
1138 1140 0.287295
1140 1141 8.788134
1140 1142 8.468950999999999
1137 1143 0.08095100000000001
1143 1144 0.142713
1144 1145 0.22383899999999998
1145 1146 0.285367
1146 1147 10.508475
1146 1148 9.987476000000001
1145 1149 0.385179
1149 1150 8.868694000000001
1149 1151 9.501751
1144 1152 9.334613
1143 1153 9.175353
1136 1154 0.179649
1154 1155 8.935339
1154 1156 8.321746
1135 1157 0.19393
1157 1158 0.330394
1158 1159 0.10869300000000001
1159 1160 9.586322
1159 1161 9.290196
1158 1162 8.772886
1157 1163 8.500578
1134 1164 0.124832
1164 1165 9.204214
1164 1166 0.158134
1166 1167 8.417388
1166 1168 8.78909
1133 1169 0.271915
1169 1170 8.158667999999999
1169 1171 0.140927
1171 1172 8.114238
1171 1173 8.434345
1132 1174 8.112055
1121 1175 0.084987
1175 1176 0.231061
1176 1177 8.093159
1176 1178 8.404817000000001
1175 1179 7.942016000000001
140 1180 0.07873999999999999
1180 1181 0.165961
1181 1182 7.598531
1181 1183 7.988513
1180 1184 0.11237899999999999
1184 1185 7.593729000000001
1184 1186 7.942708
139 1187 0.165336
1187 1188 0.034071
1188 1189 8.125857
1188 1190 0.22434600000000002
1190 1191 8.15676
1190 1192 8.391823
1187 1193 7.797407000000001
134 1194 7.186172
129 1195 0.063981
1195 1196 0.090713
1196 1197 0.054041
1197 1198 0.113651
1198 1199 0.24099099999999998
1199 1200 0.089968
1200 1201 0.088312
1201 1202 0.055446
1202 1203 0.029695999999999997
1203 1204 0.07625
1204 1205 7.30074
1204 1206 7.4765880000000005
1203 1207 0.14515699999999998
1207 1208 0.15540400000000001
1208 1209 7.159363000000001
1208 1210 6.96007
1207 1211 0.028048
1211 1212 7.164473
1211 1213 0.19888699999999998
1213 1214 7.688577
1213 1215 8.100897
1202 1216 0.09639600000000001
1216 1217 0.059774
1217 1218 0.064834
1218 1219 7.433325
1218 1220 0.271635
1220 1221 0.793899
1221 1222 6.906023
1221 1223 6.960374
1220 1224 7.429785
1217 1225 0.098058
1225 1226 0.078503
1226 1227 7.508798
1226 1228 0.132903
1228 1229 7.372892
1228 1230 7.050185000000001
1225 1231 0.146067
1231 1232 7.084967000000001
1231 1233 0.101268
1233 1234 6.944901000000001
1233 1235 7.376961
1216 1236 0.314904
1236 1237 0.160915
1237 1238 0.132723
1238 1239 0.219887
1239 1240 0.190073
1240 1241 0.119919
1241 1242 0.251812
1242 1243 9.352091
1242 1244 10.992037999999999
1241 1245 0.069976
1245 1246 0.267441
1246 1247 8.506559
1246 1248 8.548096
1245 1249 0.083214
1249 1250 0.090295
1250 1251 0.098332
1251 1252 0.041936
1252 1253 0.257017
1253 1254 9.576544
1253 1255 0.16535899999999998
1255 1256 0.220097
1256 1257 0.12326
1257 1258 8.416962999999999
1257 1259 8.941336
1256 1260 8.581194
1255 1261 8.901866
1252 1262 0.108304
1262 1263 10.093872
1262 1264 9.238112
1251 1265 0.060256000000000004
1265 1266 0.024368
1266 1267 0.12790200000000002
1267 1268 0.02287
1268 1269 2.435235
1269 1270 1.654651
1270 1271 6.017569
1270 1272 4.407533
1269 1273 6.644944999999999
1268 1274 9.394219
1267 1275 9.630469999999999
1266 1276 0.13228499999999999
1276 1277 0.04413
1277 1278 0.299975
1278 1279 0.065733
1279 1280 0.266272
1280 1281 0.164077
1281 1282 10.211615
1281 1283 9.778262999999999
1280 1284 0.15221900000000002
1284 1285 9.294246000000001
1284 1286 9.43045
1279 1287 0.23031200000000002
1287 1288 3.117394
1288 1289 6.37794
1288 1290 6.172667
1287 1291 9.863375000000001
1278 1292 0.389733
1292 1293 0.088921
1293 1294 8.828764
1293 1295 0.103422
1295 1296 9.245842
1295 1297 8.567923
1292 1298 0.110345
1298 1299 0.35856899999999997
1299 1300 8.505523
1299 1301 8.093667
1298 1302 0.18545899999999998
1302 1303 8.046671
1302 1304 8.501912
1277 1305 0.278308
1305 1306 10.889122
1305 1307 0.125722
1307 1308 10.51351
1307 1309 0.320404
1309 1310 0.121916
1310 1311 9.743252
1310 1312 0.486932
1312 1313 0.227464
1313 1314 0.065381
1314 1315 0.14874
1315 1316 0.020506
1316 1317 0.164292
1317 1318 11.133814000000001
1317 1319 11.639465
1316 1320 0.07609300000000001
1320 1321 0.252207
1321 1322 11.365346
1321 1323 10.90186
1320 1324 0.190606
1324 1325 10.537056999999999
1324 1326 11.224076
1315 1327 0.501382
1327 1328 11.059587
1327 1329 11.56187
1314 1330 0.22211599999999998
1330 1331 0.343989
1331 1332 10.433054
1331 1333 10.265326
1330 1334 10.890829
1313 1335 0.10779100000000001
1335 1336 10.514526
1335 1337 0.11300500000000001
1337 1338 10.343667
1337 1339 10.455928
1312 1340 10.91978
1309 1341 9.72476
1276 1342 0.19497
1342 1343 0.167443
1343 1344 9.915657
1343 1345 9.517541
1342 1346 0.363934
1346 1347 9.414409
1346 1348 9.006644
1265 1349 9.493197
1250 1350 0.179473
1350 1351 8.822549
1350 1352 9.29486
1249 1353 9.010425
1240 1354 0.079342
1354 1355 0.126581
1355 1356 0.407725
1356 1357 9.407174
1356 1358 9.216307
1355 1359 1.932862
1359 1360 6.816041
1359 1361 6.7467120000000005
1354 1362 0.11380299999999999
1362 1363 0.208229
1363 1364 8.474347999999999
1363 1365 0.584357
1365 1366 8.86632
1365 1367 8.036514
1362 1368 8.888430999999999
1239 1369 0.068159
1369 1370 0.143854
1370 1371 9.238019
1370 1372 0.099026
1372 1373 8.328806
1372 1374 8.270385
1369 1375 0.12816
1375 1376 0.21205999999999997
1376 1377 8.632012
1376 1378 8.321429
1375 1379 0.588168
1379 1380 1.220144
1380 1381 6.702344
1380 1382 0.68632
1382 1383 6.595192
1382 1384 6.1072370000000005
1379 1385 8.167508
1238 1386 0.204895
1386 1387 0.176381
1387 1388 8.171174
1387 1389 8.276195
1386 1390 0.152567
1390 1391 8.803821000000001
1390 1392 7.997798
1237 1393 1.000634
1393 1394 7.536451
1393 1395 7.291485000000001
1236 1396 0.10217
1396 1397 0.176789
1397 1398 7.688721
1397 1399 7.7465019999999996
1396 1400 7.717948
1201 1401 0.091649
1401 1402 7.155876
1401 1403 0.080966
1403 1404 6.976522
1403 1405 6.889874999999999
1200 1406 0.025113000000000003
1406 1407 0.08800000000000001
1407 1408 0.062095
1408 1409 6.721687
1408 1410 6.992888
1407 1411 0.045446
1411 1412 0.15104800000000002
1412 1413 6.661104
1412 1414 6.952257
1411 1415 0.1779
1415 1416 7.295233
1415 1417 7.127843
1406 1418 0.036146000000000005
1418 1419 0.08414100000000001
1419 1420 6.720144
1419 1421 0.23835800000000001
1421 1422 0.020661
1422 1423 6.886676
1422 1424 6.929114
1421 1425 6.659501
1418 1426 0.157825
1426 1427 0.18667499999999998
1427 1428 6.755298999999999
1427 1429 6.908669000000001
1426 1430 6.645309000000001
1199 1431 7.206621
1198 1432 7.10684
1197 1433 7.064541
1196 1434 8.197486
1195 1435 0.067468
1435 1436 0.346767
1436 1437 7.001466000000001
1436 1438 7.067360000000001
1435 1439 0.235217
1439 1440 7.239342
1439 1441 7.1837349999999995
128 1442 0.077021
1442 1443 0.06368
1443 1444 0.076204
1444 1445 8.223243
1444 1446 7.920482
1443 1447 0.18948500000000001
1447 1448 7.92867
1447 1449 7.8101959999999995
1442 1450 0.09446800000000001
1450 1451 0.296296
1451 1452 7.587692
1451 1453 7.645101
1450 1454 0.076933
1454 1455 0.181003
1455 1456 0.073842
1456 1457 7.5651839999999995
1456 1458 7.819431000000001
1455 1459 7.694376999999999
1454 1460 0.034078
1460 1461 7.973497999999999
1460 1462 7.917190000000001
123 1463 7.987083
122 1464 1.529808
1464 1465 6.902318999999999
1464 1466 5.8507169999999995
121 1467 0.123638
1467 1468 0.044201
1468 1469 0.096445
1469 1470 0.25843
1470 1471 0.39879700000000007
1471 1472 0.206594
1472 1473 0.172262
1473 1474 7.783055999999999
1473 1475 8.917349
1472 1476 3.3164779999999996
1476 1477 1.197132
1477 1478 4.813677
1477 1479 5.611424
1476 1480 0.612078
1480 1481 2.236259
1481 1482 4.369396
1481 1483 3.322912
1480 1484 1.1544290000000001
1484 1485 2.696727
1484 1486 5.653475
1471 1487 7.828894
1470 1488 7.540221
1469 1489 7.346106
1468 1490 7.001227
1467 1491 0.171671
1491 1492 6.711725
1491 1493 6.901635000000001
120 1494 0.12542499999999998
1494 1495 7.173942
1494 1496 6.692455
119 1497 6.452299999999999
118 1498 0.291856
1498 1499 5.839151
1498 1500 6.255991
9 1501 0.086606
1501 1502 0.03642
1502 1503 0.115167
1503 1504 0.137062
1504 1505 0.030834999999999998
1505 1506 0.11438100000000001
1506 1507 6.301906
1506 1508 0.125219
1508 1509 6.321166
1508 1510 5.31851
1505 1511 5.477723999999999
1504 1512 0.033728
1512 1513 0.221372
1513 1514 5.553821
1513 1515 5.225531
1512 1516 0.020742
1516 1517 0.064671
1517 1518 0.091931
1518 1519 0.248224
1519 1520 0.058812
1520 1521 5.142463
1520 1522 0.066039
1522 1523 0.109405
1523 1524 0.006962
1524 1525 0.181187
1525 1526 0.224567
1526 1527 4.488875
1526 1528 0.110063
1528 1529 0.281992
1529 1530 4.500032
1529 1531 0.30766
1531 1532 4.600077000000001
1531 1533 4.458628
1528 1534 4.8926039999999995
1525 1535 4.946865000000001
1524 1536 5.0788079999999995
1523 1537 0.072507
1537 1538 5.194234
1537 1539 4.826009
1522 1540 0.103693
1540 1541 5.694529999999999
1540 1542 0.168008
1542 1543 0.21244800000000003
1543 1544 0.125566
1544 1545 5.8271429999999995
1544 1546 0.37225
1546 1547 5.180408
1546 1548 5.548337
1543 1549 0.068956
1549 1550 5.48037
1549 1551 0.035824
1551 1552 0.23299599999999998
1552 1553 5.58839
1552 1554 5.393392
1551 1555 5.510931
1542 1556 5.3393299999999995
1519 1557 0.174802
1557 1558 5.088106
1557 1559 5.083959
1518 1560 0.26592899999999997
1560 1561 5.634858
1560 1562 5.903603
1517 1563 0.044953
1563 1564 5.454663
1563 1565 5.67894
1516 1566 0.07471
1566 1567 5.460748
1566 1568 0.257876
1568 1569 5.4190000000000005
1568 1570 5.917033
1503 1571 0.411543
1571 1572 5.506245
1571 1573 5.171892
1502 1574 0.092573
1574 1575 0.165407
1575 1576 0.033684
1576 1577 0.40738199999999997
1577 1578 0.010865
1578 1579 0.090385
1579 1580 0.272597
1580 1581 4.509729
1580 1582 3.891081
1579 1583 0.10063100000000001
1583 1584 4.441450000000001
1583 1585 0.062598
1585 1586 4.248145
1585 1587 4.60813
1578 1588 0.112044
1588 1589 4.332736000000001
1588 1590 0.095402
1590 1591 4.096399
1590 1592 4.101982
1577 1593 0.11953000000000001
1593 1594 0.186313
1594 1595 0.074491
1595 1596 4.857637
1595 1597 4.70714
1594 1598 0.165894
1598 1599 6.137223
1598 1600 7.526745
1593 1601 0.171871
1601 1602 0.091254
1602 1603 5.3297289999999995
1602 1604 0.161162
1604 1605 4.894147
1604 1606 4.822452
1601 1607 0.039945999999999995
1607 1608 0.169047
1608 1609 0.09157399999999999
1609 1610 0.096581
1610 1611 0.113696
1611 1612 0.136411
1612 1613 0.061425
1613 1614 0.054354
1614 1615 0.127198
1615 1616 3.870578
1615 1617 0.115438
1617 1618 0.06662
1618 1619 0.070381
1619 1620 0.045945
1620 1621 0.061359000000000004
1621 1622 3.996921
1621 1623 0.12757300000000002
1623 1624 3.9975910000000003
1623 1625 4.099575
1620 1626 3.784795
1619 1627 0.16280999999999998
1627 1628 3.586847
1627 1629 3.5993869999999997
1618 1630 0.042695
1630 1631 3.1879989999999996
1631 1632 0.441245
1631 1633 0.469686
1630 1634 0.129941
1634 1635 0.078022
1635 1636 3.792197
1635 1637 4.558006
1634 1638 0.1165
1638 1639 0.017231
1639 1640 0.18307600000000002
1640 1641 3.987011
1640 1642 3.857119
1639 1643 0.044656999999999995
1643 1644 0.09917999999999999
1644 1645 4.252232
1644 1646 4.3004
1643 1647 4.00001
1638 1648 3.993397
1617 1649 0.384892
1649 1650 0.27242099999999997
1650 1651 4.05876
1650 1652 3.6335480000000002
1649 1653 3.801465
1614 1654 0.348876
1654 1655 3.7946269999999998
1654 1656 3.897681
1613 1657 4.281984
1612 1658 0.121748
1658 1659 0.146542
1659 1660 4.2934600000000005
1659 1661 4.866459
1658 1662 4.559934999999999
1611 1663 5.193876
1610 1664 5.062134
1609 1665 0.298584
1665 1666 0.108059
1666 1667 4.177467
1666 1668 0.085607
1668 1669 0.24417000000000003
1669 1670 0.037873
1670 1671 0.050069
1671 1672 0.03552
1672 1673 0.041323
1673 1674 0.035707
1674 1675 3.1888060000000005
1674 1676 3.1371049999999996
1673 1677 0.056018
1677 1678 0.111562
1678 1679 0.230737
1679 1680 3.1398420000000002
1679 1681 2.730603
1678 1682 3.033433
1677 1683 0.04026
1683 1684 3.2051049999999996
1683 1685 3.120806
1672 1686 0.042496
1686 1687 0.176603
1687 1688 3.000671
1687 1689 4.08435
1686 1690 0.025826
1690 1691 3.307937
1690 1692 3.8276909999999997
1671 1693 0.06055700000000001
1693 1694 0.086071
1694 1695 0.261994
1695 1696 3.1469869999999998
1695 1697 3.3813530000000003
1694 1698 0.079605
1698 1699 3.2492430000000003
1698 1700 3.4309190000000003
1693 1701 0.051652
1701 1702 0.370946
1702 1703 2.895269
1702 1704 0.09942
1704 1705 0.027942
1705 1706 0.047755
1706 1707 0.061147
1707 1708 0.145355
1708 1709 2.6532690000000003
1708 1710 0.332561
1710 1711 2.327487
1710 1712 2.227169
1707 1713 0.053911
1713 1714 3.577171
1713 1715 0.117161
1715 1716 2.6613100000000003
1715 1717 2.703062
1706 1718 0.042008
1718 1719 0.20407799999999998
1719 1720 0.30312
1720 1721 0.025333
1721 1722 0.39887000000000006
1722 1723 0.233987
1723 1724 4.410426
1723 1725 4.547063
1722 1726 3.536255
1721 1727 0.143927
1727 1728 0.030572
1728 1729 0.102727
1729 1730 0.056164
1730 1731 0.264751
1731 1732 2.148334
1731 1733 2.001464
1730 1734 0.041864
1734 1735 0.030486
1735 1736 0.036602
1736 1737 0.100812
1737 1738 2.788506
1737 1739 0.136931
1739 1740 0.12812800000000002
1740 1741 0.251987
1741 1742 0.08344700000000001
1742 1743 1.632376
1742 1744 0.062968
1744 1745 2.315823
1744 1746 1.5809380000000002
1741 1747 1.257646
1740 1748 0.110468
1748 1749 0.254509
1749 1750 6.150648
1749 1751 0.153122
1751 1752 4.485173
1751 1753 0.5059710000000001
1753 1754 0.10354400000000001
1754 1755 0.17385
1755 1756 1.6158160000000001
1755 1757 1.268799
1754 1758 0.028579
1758 1759 0.728559
1758 1760 3.269416
1753 1761 4.109513
1748 1762 1.7334080000000003
1739 1763 0.319479
1763 1764 2.860368
1763 1765 2.75704
1736 1766 0.292221
1766 1767 2.03914
1766 1768 0.170184
1768 1769 2.453997
1768 1770 0.098508
1770 1771 0.11431799999999999
1771 1772 0.267084
1772 1773 0.545656
1773 1774 3.919219
1773 1775 6.860133
1772 1776 6.058595
1771 1777 0.26745599999999997
1777 1778 3.2382269999999997
1777 1779 0.253676
1779 1780 3.080167
1779 1781 2.9927070000000002
1770 1782 1.9589990000000002
1735 1783 0.181332
1783 1784 2.4135980000000004
1783 1785 0.05508899999999999
1785 1786 0.181833
1786 1787 0.057171999999999994
1787 1788 0.12043200000000001
1788 1789 1.484676
1788 1790 0.058845999999999996
1790 1791 2.352864
1790 1792 1.746327
1787 1793 0.126279
1793 1794 0.094093
1794 1795 2.685619
1794 1796 0.40142600000000006
1796 1797 2.297171
1796 1798 2.004449
1793 1799 0.089359
1799 1800 1.6337399999999997
1799 1801 1.8581629999999998
1786 1802 2.936566
1785 1803 2.3738349999999997
1734 1804 2.636402
1729 1805 2.320911
1728 1806 0.062077
1806 1807 2.735307
1806 1808 2.376029
1727 1809 0.099039
1809 1810 0.029651
1810 1811 2.550794
1810 1812 0.044411
1812 1813 0.165538
1813 1814 0.254905
1814 1815 2.345767
1814 1816 2.714962
1813 1817 2.629711
1812 1818 0.223505
1818 1819 3.027864
1818 1820 0.10978800000000001
1820 1821 3.2635530000000004
1820 1822 2.758715
1809 1823 0.044679
1823 1824 2.491862
1823 1825 2.568866
1720 1826 0.271923
1826 1827 3.593922
1826 1828 2.883811
1719 1829 0.06686500000000001
1829 1830 3.457733
1829 1831 0.135385
1831 1832 0.322112
1832 1833 4.218186
1832 1834 3.5753369999999998
1831 1835 3.346917
1718 1836 0.11081
1836 1837 0.314458
1837 1838 3.1739829999999998
1837 1839 3.2025360000000003
1836 1840 0.128356
1840 1841 3.0606769999999996
1840 1842 3.012198
1705 1843 0.059848
1843 1844 0.114887
1844 1845 3.750132
1844 1846 3.132459
1843 1847 3.073373
1704 1848 0.015824
1848 1849 0.067415
1849 1850 3.9163209999999995
1849 1851 0.031048000000000003
1851 1852 2.895827
1851 1853 3.126441
1848 1854 0.060685
1854 1855 0.102451
1855 1856 2.933928
1855 1857 0.07720500000000001
1857 1858 3.263605
1857 1859 3.6695930000000003
1854 1860 0.05886
1860 1861 2.979045
1860 1862 0.108
1862 1863 2.87622
1862 1864 2.994226
1701 1865 3.4510449999999997
1670 1866 0.361605
1866 1867 0.392627
1867 1868 3.248405
1867 1869 2.8750769999999997
1866 1870 0.056512999999999994
1870 1871 0.160046
1871 1872 3.109553
1871 1873 0.078706
1873 1874 2.823881
1873 1875 2.9453489999999998
1870 1876 0.10564299999999999
1876 1877 3.097271
1876 1878 2.773174
1669 1879 0.107682
1879 1880 0.08920399999999999
1880 1881 0.113294
1881 1882 3.5620529999999997
1881 1883 3.927826
1880 1884 0.08913499999999999
1884 1885 4.011001
1884 1886 3.630699
1879 1887 0.125877
1887 1888 3.526194
1887 1889 0.18079
1889 1890 0.060015000000000006
1890 1891 3.656471
1890 1892 3.8840149999999998
1889 1893 3.9632639999999997
1668 1894 4.109421
1665 1895 0.152703
1895 1896 4.516859
1895 1897 5.047919
1608 1898 0.303987
1898 1899 1.084672
1899 1900 0.611051
1900 1901 1.9993440000000002
1901 1902 2.635009
1901 1903 0.9581080000000001
1900 1904 4.022923
1899 1905 4.892492
1898 1906 1.01553
1906 1907 4.608371
1906 1908 3.691225
1607 1909 0.164414
1909 1910 0.359756
1910 1911 4.688831
1910 1912 4.875947
1909 1913 0.31079100000000004
1913 1914 4.777818
1913 1915 4.736352
1576 1916 5.015168
1575 1917 5.551305
1574 1918 0.1047
1918 1919 5.158056
1918 1920 0.250722
1920 1921 0.031540000000000006
1921 1922 0.149946
1922 1923 4.427511
1922 1924 4.681801
1921 1925 0.046849
1925 1926 0.100222
1926 1927 0.086959
1927 1928 4.534009
1927 1929 4.423481
1926 1930 4.644822
1925 1931 0.08659
1931 1932 0.021864
1932 1933 0.0941
1933 1934 0.058330999999999994
1934 1935 0.168208
1935 1936 4.9202639999999995
1935 1937 5.403622
1934 1938 4.867217
1933 1939 0.20735699999999999
1939 1940 5.159185
1939 1941 5.265917
1932 1942 0.180681
1942 1943 0.050615999999999994
1943 1944 5.189232
1943 1945 0.175141
1945 1946 0.15628899999999998
1946 1947 4.184895
1946 1948 4.266521999999999
1945 1949 4.474277
1942 1950 5.016439
1931 1951 4.933103
1920 1952 0.151269
1952 1953 0.28913099999999997
1953 1954 0.132061
1954 1955 4.931922
1954 1956 4.17739
1953 1957 4.8527569999999995
1952 1958 0.11889
1958 1959 4.443536
1958 1960 0.08581599999999999
1960 1961 4.336983
1960 1962 4.367471
1501 1963 0.021255
1963 1964 0.20332700000000004
1964 1965 5.573198
1964 1966 5.0543320000000005
1963 1967 0.112969
1967 1968 5.057292
1967 1969 5.013558
8 1970 0.373683
1970 1971 0.271181
1971 1972 4.433352
1971 1973 5.536284
1970 1974 5.1437990000000005
7 1975 0.08104199999999999
1975 1976 0.11333599999999999
1976 1977 0.348315
1977 1978 5.0795710000000005
1977 1979 2.739255
1979 1980 2.829572
1979 1981 3.29391
1976 1982 0.6258750000000001
1982 1983 4.851492
1982 1984 5.0675360000000005
1975 1985 0.114397
1985 1986 4.934062
1985 1987 5.4404319999999995
6 1988 5.811101
5 1989 0.27835899999999997
1989 1990 6.159063
1989 1991 4.670897
4 1992 0.5225160000000001
1992 1993 1.137552
1993 1994 6.745601
1993 1995 10.713913
1992 1996 8.300707000000001
3 1997 7.735914000000001
1 1998 4.935334
