1 2 1.702132
2 3 0.155241
3 4 0.18393500000000002
4 5 0.208108
5 6 15.895380000000001
5 7 0.110024
7 8 14.621841
7 9 0.912741
9 10 16.671409
9 11 19.16768
11 12 2.0547340000000003
11 13 2.332664
4 14 0.15202
14 15 0.258306
15 16 0.204034
16 17 0.226399
17 18 0.307175
18 19 3.479815
19 20 11.507689000000001
19 21 11.975286
18 22 0.386907
22 23 0.326455
23 24 0.614505
24 25 1.543454
25 26 1.213206
26 27 18.492107
26 28 4.200354
28 29 12.955962
28 30 11.112973
25 31 20.673482
24 32 16.661952
23 33 0.299141
33 34 0.714475
34 35 19.809145
34 36 20.775516
33 37 6.3014719999999995
37 38 12.266123
37 39 13.141821
22 40 0.345379
40 41 0.33566999999999997
41 42 0.809349
42 43 21.342231
42 44 0.186558
44 45 0.6951309999999999
45 46 21.941668
45 47 23.433763
44 48 1.294237
48 49 29.308768
48 50 21.849329
41 51 0.534613
51 52 19.67904
51 53 19.409079000000002
40 54 5.1438369999999995
54 55 13.905276
54 56 12.870965000000002
17 57 2.5024319999999998
57 58 5.8263620000000005
58 59 9.02379
58 60 8.559575
57 61 2.5850310000000003
61 62 10.863489
61 63 11.679044
16 64 0.854097
64 65 15.530018000000002
64 66 5.143879
66 67 7.921462
66 68 12.021346
15 69 2.4755
69 70 3.069787
70 71 11.64027
70 72 10.117647
69 73 13.379833999999999
14 74 0.343417
74 75 0.34806899999999996
75 76 0.180713
76 77 15.274142
76 78 2.90677
78 79 1.913464
79 80 0.860518
80 81 0.9915989999999999
81 82 2.253488
82 83 7.881943
82 84 2.600812
84 85 5.534772
84 86 7.966450999999999
81 87 11.217315
80 88 10.911151
79 89 2.018439
89 90 4.719852
90 91 11.217139
90 92 9.230048
92 93 2.93915
92 94 3.572762
89 95 3.795805
95 96 5.358058000000001
95 97 6.744693
78 98 17.487815
75 99 0.189191
99 100 15.511187000000001
99 101 0.7794869999999999
101 102 14.717284
101 103 13.065931
74 104 0.147135
104 105 0.178058
105 106 0.105584
106 107 0.167908
107 108 0.297117
108 109 0.182775
109 110 0.7026870000000001
110 111 12.825391999999999
110 112 13.874047000000001
109 113 14.757911000000002
108 114 1.0198
114 115 14.479000000000001
114 116 13.617286
107 117 14.244388999999998
106 118 0.21694700000000003
118 119 0.065852
119 120 0.15825699999999998
120 121 12.42431
120 122 0.161043
122 123 0.134719
123 124 0.189091
124 125 0.71712
125 126 12.295104
125 127 12.365391
124 128 0.288881
128 129 12.285682000000001
128 130 11.636241
123 131 0.109611
131 132 0.214412
132 133 13.475439
132 134 0.18476700000000001
134 135 0.102104
135 136 0.384822
136 137 13.248303
136 138 12.084492
135 139 0.309092
139 140 0.6822940000000001
140 141 12.308192
140 142 0.40787999999999996
142 143 3.433473
143 144 9.264234
143 145 4.90078
145 146 4.12936
145 147 5.679409
142 148 1.5116340000000001
148 149 10.742376
148 150 9.131703
139 151 11.433171999999999
134 152 0.325129
152 153 2.3815880000000003
153 154 1.456774
154 155 8.217392
154 156 9.830389
153 157 9.410817
152 158 0.374981
158 159 0.147105
159 160 10.954389
159 161 0.068882
161 162 0.14721499999999998
162 163 0.24770399999999998
163 164 0.408059
164 165 0.39455799999999996
165 166 0.058372999999999994
166 167 1.462605
167 168 5.3112140000000005
168 169 9.330405
168 170 5.415629
167 171 12.356883999999999
166 172 6.496395000000001
172 173 6.726211
172 174 7.207605
165 175 0.131405
175 176 0.11437699999999999
176 177 0.431622
177 178 14.00364
177 179 0.30147
179 180 0.44667500000000004
180 181 12.857456
180 182 14.072667
179 183 14.186283999999999
176 184 12.73946
175 185 0.074991
185 186 0.8943720000000001
186 187 1.7368979999999998
187 188 11.743632
187 189 10.798900999999999
186 190 2.978975
190 191 10.095528
190 192 8.959917
185 193 0.21181899999999998
193 194 0.063877
194 195 0.20518799999999998
195 196 14.034165000000002
195 197 13.050215000000001
194 198 0.294548
198 199 11.887849000000001
198 200 11.304222
193 201 0.176518
201 202 0.52742
202 203 11.987435
202 204 5.384209
204 205 7.602304999999999
204 206 8.095452
201 207 0.30615
207 208 0.46996099999999996
208 209 2.003796
209 210 5.838867
210 211 4.30336
210 212 4.7615240000000005
209 213 9.780107000000001
208 214 0.5779099999999999
214 215 0.087285
215 216 0.279779
216 217 4.339003
217 218 5.513962
217 219 8.357852000000001
216 220 9.910074
215 221 0.46831700000000004
221 222 11.885932
221 223 11.816127
214 224 10.040665
207 225 0.08457
225 226 0.21349400000000002
226 227 0.07199
227 228 0.358632
228 229 14.17988
228 230 4.156959
230 231 5.191213
231 232 3.176338
231 233 2.315721
230 234 6.969454999999999
227 235 0.41817800000000005
235 236 0.752404
236 237 8.293165
237 238 3.5066720000000005
237 239 2.627212
236 240 0.757731
240 241 0.9511890000000001
241 242 12.153134
241 243 1.599455
243 244 5.112946
244 245 2.3518730000000003
245 246 5.384928
245 247 4.7706159999999995
244 248 4.645996
243 249 11.893054
240 250 0.5857720000000001
250 251 12.700511
250 252 11.074749
235 253 12.097049
226 254 0.605789
254 255 11.609685
254 256 0.338607
256 257 1.167871
257 258 4.340007
258 259 4.877668
258 260 5.743672
257 261 9.746286999999999
261 262 3.344117
261 263 3.1677950000000004
256 264 13.01214
225 265 0.049686999999999995
265 266 0.299417
266 267 10.946173
266 268 33.724928
265 269 5.8313440000000005
269 270 6.735671999999999
269 271 5.910172
164 272 1.425534
272 273 2.733983
273 274 8.164961
273 275 7.596807
272 276 1.327061
276 277 7.609653
276 278 10.705162
163 279 1.073151
279 280 9.306709
279 281 12.309631
162 282 10.390101999999999
161 283 0.21905100000000002
283 284 0.127448
284 285 0.20445200000000002
285 286 0.027955
286 287 0.130318
287 288 0.16074
288 289 0.449256
289 290 0.289234
290 291 9.821569
290 292 8.627218000000001
289 293 9.342752
288 294 0.13241
294 295 9.660655
294 296 0.310828
296 297 9.826934
296 298 10.047145
287 299 0.080119
299 300 0.159288
300 301 1.644631
301 302 9.95681
301 303 8.491977
300 304 0.128516
304 305 0.40605800000000003
305 306 1.4920630000000001
306 307 9.8606
306 308 9.944828
305 309 0.294588
309 310 0.65383
310 311 0.09788799999999999
311 312 0.627289
312 313 2.3138289999999997
313 314 7.881475
313 315 2.761977
315 316 4.424689
316 317 1.364205
316 318 0.78227
315 319 9.062432
312 320 9.12539
311 321 0.6684370000000001
321 322 0.16020299999999998
322 323 0.056271
323 324 0.451817
324 325 2.355131
325 326 13.799558000000001
325 327 11.98549
324 328 0.732235
328 329 3.0130980000000003
329 330 12.640573
329 331 2.222618
331 332 8.669224999999999
331 333 8.061303
328 334 2.932009
334 335 1.4243860000000002
335 336 10.754848
335 337 3.777609
337 338 6.908613
337 339 6.346891
334 340 1.5820020000000001
340 341 4.740831
341 342 3.593268
341 343 3.6279069999999995
340 344 7.378556
323 345 0.453302
345 346 5.019205
346 347 3.954431
347 348 3.5382730000000002
347 349 3.737854
346 350 7.7548960000000005
345 351 3.9115749999999996
351 352 7.234799
351 353 8.207621
322 354 2.747055
354 355 8.854693
354 356 9.193087
321 357 11.852778
310 358 0.533183
358 359 2.542986
359 360 7.928288
359 361 6.629282
358 362 1.536378
362 363 10.519963
362 364 13.844045999999999
309 365 0.43887300000000007
365 366 9.512736
365 367 0.578124
367 368 0.719209
368 369 7.827937
368 370 7.550825
367 371 0.689687
371 372 1.695367
372 373 1.8726880000000001
373 374 6.39895
373 375 3.988999
372 376 6.523084
371 377 0.433412
377 378 0.920877
378 379 2.571092
379 380 5.741935
379 381 3.4367349999999997
378 382 7.2307120000000005
377 383 5.681376
383 384 1.759053
384 385 6.3437339999999995
384 386 4.102469999999999
383 387 7.680421
304 388 0.369994
388 389 2.267244
389 390 7.44778
389 391 6.734718000000001
388 392 0.228846
392 393 0.263762
393 394 9.571582
393 395 1.8033690000000002
395 396 8.362350000000001
395 397 8.433340000000001
392 398 0.031677000000000004
398 399 0.7198880000000001
399 400 0.361898
400 401 10.231888999999999
400 402 8.620645
399 403 4.629577
403 404 2.0645819999999997
404 405 1.482586
405 406 2.478646
405 407 2.431873
404 408 0.5829909999999999
408 409 3.080107
408 410 0.503455
410 411 3.046086
410 412 4.010573
403 413 0.425903
413 414 0.449367
414 415 4.860895
414 416 1.106578
416 417 3.789646
416 418 4.54139
413 419 6.305882
398 420 3.412738
420 421 6.535641
420 422 7.0271799999999995
299 423 0.24498699999999998
423 424 10.204703
423 425 0.158154
425 426 9.835324
425 427 0.35911
427 428 0.48663999999999996
428 429 9.385245000000001
428 430 11.318831
427 431 0.41836599999999996
431 432 9.002855
431 433 9.917239
286 434 0.262111
434 435 0.17435199999999998
435 436 0.111501
436 437 0.176534
437 438 9.178197
437 439 9.33769
436 440 0.142449
440 441 0.006685
441 442 0.197708
442 443 0.16586299999999998
443 444 0.187638
444 445 0.249681
445 446 0.297735
446 447 10.16963
446 448 10.743749
445 449 0.9387460000000001
449 450 3.5634440000000005
450 451 2.456556
451 452 3.101771
451 453 3.3018579999999997
450 454 7.659295000000001
449 455 2.2831040000000002
455 456 8.109453
455 457 7.909070999999999
444 458 9.98559
443 459 0.193256
459 460 8.335507
460 461 0.866575
460 462 0.734664
459 463 0.342389
463 464 9.694393
464 465 1.425977
465 466 0.728657
466 467 0.649219
467 468 0.775053
467 469 0.678497
466 470 0.611593
470 471 1.113309
471 472 0.074812
472 473 0.259016
472 474 0.22083699999999998
471 475 0.406801
470 476 0.246525
476 477 0.279673
477 478 0.125298
478 479 0.7073659999999999
478 480 0.452094
477 481 0.15407
481 482 0.347077
481 483 0.132776
476 484 0.159139
484 485 0.305047
485 486 0.024523999999999997
486 487 0.16759100000000002
486 488 0.023797
485 489 0.071769
489 490 0.27605
489 491 0.059363000000000006
484 492 0.39453200000000005
465 493 0.19979799999999998
493 494 0.291103
494 495 0.557617
495 496 0.55534
496 497 0.9138790000000001
496 498 0.862289
498 499 0.5950460000000001
499 500 1.072164
499 501 0.875366
498 502 0.218023
502 503 0.052565
503 504 0.041430999999999996
504 505 0.102983
505 506 0.41682100000000005
505 507 0.498866
504 508 0.036543
508 509 0.153309
508 510 1.695039
503 511 0.024135
511 512 0.042413
512 513 0.42928999999999995
512 514 0.292225
511 515 0.245776
502 516 0.092933
516 517 0.31181400000000004
516 518 0.26456399999999997
495 519 0.23376999999999998
519 520 0.091892
520 521 0.084093
521 522 0.109182
522 523 0.217832
523 524 0.524073
523 525 0.062405999999999996
525 526 0.094616
526 527 0.21193599999999999
527 528 0.247994
527 529 0.813814
526 530 0.129128
530 531 0.306199
530 532 0.270179
525 533 0.424568
522 534 0.413667
521 535 0.06552799999999999
535 536 0.088564
536 537 0.295377
536 538 0.6203099999999999
535 539 0.296853
520 540 0.033762
540 541 0.08977600000000001
541 542 0.338565
541 543 0.070339
543 544 0.23182099999999997
543 545 0.19983900000000002
540 546 0.21286
546 547 0.287663
546 548 0.096357
548 549 0.097294
548 550 0.046179
519 551 0.220003
551 552 0.19248200000000001
552 553 0.362801
552 554 0.213578
551 555 0.085449
555 556 0.17837
555 557 0.061673
557 558 0.033086
557 559 0.25427299999999997
494 560 1.3784619999999999
493 561 2.354758
464 562 1.4255
562 563 0.46064900000000003
563 564 0.5924470000000001
564 565 1.6789950000000002
564 566 0.35535100000000003
566 567 0.692692
566 568 0.628171
568 569 0.12377600000000001
569 570 0.937622
569 571 0.46679299999999996
568 572 0.432479
563 573 0.260861
573 574 0.30178900000000003
574 575 0.48295200000000005
575 576 0.941284
575 577 1.155382
574 578 2.133109
573 579 0.619117
579 580 0.296322
580 581 0.217908
581 582 0.8843190000000001
581 583 0.192135
583 584 0.097598
584 585 0.532509
584 586 0.218148
586 587 0.26289999999999997
586 588 0.33973200000000003
588 589 0.090906
588 590 0.29260800000000003
583 591 0.256523
580 592 2.3204849999999997
592 593 0.386257
592 594 0.19012199999999999
579 595 0.909403
562 596 0.756496
596 597 0.597908
597 598 1.182718
597 599 1.4142439999999998
596 600 2.146675
600 601 0.370769
600 602 0.39921999999999996
463 603 9.196403
442 604 0.268485
604 605 0.425967
605 606 9.920323
605 607 0.379138
607 608 8.852306
607 609 8.79718
604 610 9.307393
441 611 0.396644
611 612 0.11323699999999999
612 613 9.673502000000001
612 614 9.381943
611 615 9.448458
440 616 0.144306
616 617 0.212578
617 618 0.486136
618 619 8.958629
618 620 9.490158
617 621 0.158671
621 622 0.326203
622 623 10.52385
622 624 9.487766
621 625 0.23974199999999998
625 626 8.987427
625 627 0.032976
627 628 9.475162
627 629 9.920014
616 630 10.055432
435 631 0.126406
631 632 8.133302
631 633 0.223869
633 634 0.168908
634 635 0.41000400000000004
635 636 8.770085
635 637 0.127537
637 638 11.077951
637 639 0.48046
639 640 7.313007000000001
639 641 8.641221
634 642 0.18415700000000002
642 643 0.319193
643 644 7.343832
643 645 7.528191
642 646 0.14277
646 647 0.282522
647 648 0.21174800000000002
648 649 0.160776
649 650 0.362797
650 651 6.3269969999999995
650 652 0.240458
652 653 0.5102920000000001
653 654 5.721899
653 655 6.501085
652 656 5.994739
649 657 0.056739
657 658 0.129464
658 659 0.20006500000000002
659 660 7.028325000000001
659 661 0.314056
661 662 7.250077000000001
661 663 8.832815
658 664 0.277648
664 665 0.127068
665 666 8.945349
665 667 0.386609
667 668 0.5217280000000001
668 669 6.679982
668 670 7.689744
667 671 8.832511
664 672 0.214074
672 673 7.7485479999999995
672 674 7.566626
657 675 0.257443
675 676 0.662012
676 677 6.926009
676 678 7.4437169999999995
675 679 7.501569
648 680 0.25827900000000004
680 681 6.589694
680 682 6.421153
647 683 0.077391
683 684 6.504703000000001
683 685 0.18898299999999998
685 686 0.399347
686 687 9.385358
686 688 8.065989
685 689 0.5887749999999999
689 690 6.573008
689 691 6.989813
646 692 0.092718
692 693 0.072145
693 694 0.133584
694 695 0.306502
695 696 6.228711
695 697 6.721138
694 698 0.245875
698 699 0.106983
699 700 7.412286999999999
699 701 7.396706999999999
698 702 7.740213
693 703 0.218081
703 704 3.4678229999999997
704 705 4.714402
704 706 4.3504819999999995
703 707 0.24733899999999998
707 708 0.239946
708 709 0.23343499999999998
709 710 0.29533099999999995
710 711 0.19120499999999999
711 712 0.091081
712 713 0.167873
713 714 7.133194
713 715 1.6431250000000002
715 716 1.529182
716 717 3.553004
717 718 1.340297
717 719 1.357315
716 720 1.189844
720 721 5.5611500000000005
721 722 0.25578799999999996
721 723 0.175872
720 724 5.43222
715 725 7.2385459999999995
712 726 0.191743
726 727 0.08358499999999999
727 728 0.393394
728 729 0.450378
729 730 0.18083000000000002
730 731 0.15837500000000002
731 732 0.18344100000000002
732 733 4.7722489999999995
732 734 0.231293
734 735 4.023691
734 736 0.45350599999999996
736 737 4.596678
736 738 3.846613
731 739 0.071766
739 740 0.243532
740 741 0.20171799999999998
741 742 0.386433
742 743 2.845759
742 744 3.93783
741 745 0.20397900000000002
745 746 0.368068
746 747 0.20766500000000002
747 748 0.066733
748 749 2.5322109999999998
748 750 1.75119
747 751 0.130772
751 752 1.656333
751 753 0.043341000000000005
753 754 0.134237
754 755 0.191686
755 756 0.224683
756 757 2.515236
756 758 1.405805
755 759 1.91903
754 760 0.198994
760 761 0.8613799999999999
761 762 0.983615
761 763 0.33613699999999996
763 764 0.814475
763 765 0.442824
760 766 2.669145
753 767 0.188356
767 768 0.137192
768 769 1.449577
768 770 0.17319900000000002
770 771 3.022905
770 772 0.130057
772 773 0.237119
773 774 0.269217
774 775 0.21421700000000002
775 776 4.077788
775 777 2.651355
774 778 1.848029
778 779 3.522554
778 780 2.7730129999999997
773 781 3.5591600000000003
781 782 1
781 783 1
772 784 2.105568
767 785 0.13041
785 786 0.24695899999999998
786 787 0.43285399999999996
786 788 0.05992499999999999
788 789 0.15912700000000002
789 790 1.075979
789 791 2.639132
788 792 5.819425000000001
785 793 0.8616699999999999
746 794 0.068342
794 795 0.09092599999999999
795 796 1.9693450000000001
795 797 2.106684
794 798 0.242201
798 799 0.045768
799 800 0.311244
800 801 1.5088759999999999
800 802 2.309098
799 803 2.0932079999999997
798 804 0.60747
804 805 5.46818
804 806 6.096702
745 807 0.221988
807 808 0.074947
808 809 0.841491
809 810 2.200788
810 811 13.300658000000002
810 812 23.243928999999998
809 813 1.857708
813 814 12.856841
813 815 64.023181
808 816 3.9191869999999995
807 817 3.34865
740 818 0.214683
818 819 0.18702
819 820 0.132062
820 821 0.317898
821 822 0.250924
822 823 0.9242049999999999
823 824 1.350961
823 825 1.296302
822 826 2.662921
821 827 1.202697
827 828 1.260364
827 829 1.236146
820 830 0.021092
830 831 3.419661
830 832 0.167103
832 833 0.26908499999999996
833 834 0.228986
834 835 4.346211
834 836 3.095109
833 837 4.441015
832 838 0.12965100000000002
838 839 3.2511940000000004
838 840 0.635988
840 841 0.39984699999999995
841 842 5.844110000000001
841 843 3.6200669999999997
840 844 3.977787
819 845 0.189951
845 846 4.5875699999999995
845 847 0.5263709999999999
847 848 2.31502
847 849 0.616766
849 850 2.738428
849 851 2.435628
818 852 0.189555
852 853 3.234708
852 854 4.041418
739 855 4.412859
730 856 0.24991800000000003
856 857 0.10215
857 858 0.857974
858 859 4.7991850000000005
858 860 5.067228
857 861 5.656017
856 862 0.07741300000000001
862 863 0.374988
863 864 0.164899
864 865 5.894175
864 866 5.909120000000001
863 867 5.024555
862 868 5.78168
729 869 0.47960499999999995
869 870 5.786095
869 871 6.37674
728 872 1.022875
872 873 4.965766
872 874 4.958352
727 875 5.790725
726 876 1.061658
876 877 0.7071270000000001
877 878 0.691103
878 879 0.761187
879 880 3.180011
879 881 0.5784130000000001
881 882 2.28149
881 883 0.484574
883 884 2.989234
884 885 2.285991
885 886 1
885 887 1
884 888 1.2240060000000001
883 889 0.7594489999999999
889 890 1.120792
889 891 1.47617
878 892 0.67389
892 893 0.7505010000000001
893 894 0.8406769999999999
894 895 2.6256999999999997
894 896 1.6078510000000001
896 897 0.006585000000000001
896 898 0.041193
893 899 0.550491
899 900 4.339773
899 901 0.209891
901 902 0.742053
902 903 2.592374
902 904 2.581683
901 905 0.769437
905 906 2.229379
905 907 0.944889
907 908 0.25980000000000003
908 909 2.455232
908 910 2.2977999999999996
907 911 0.6418550000000001
911 912 3.01988
911 913 1.194607
913 914 1.871208
913 915 1.210559
915 916 2.087824
915 917 1.8332169999999999
892 918 1.303069
918 919 1.281001
919 920 0.021401999999999997
919 921 0.026375999999999997
918 922 1.803325
922 923 0.068865
922 924 0.12252400000000001
877 925 0.480257
925 926 0.776276
926 927 4.251607
926 928 3.112346
928 929 1.765492
928 930 1.693354
925 931 1.243654
931 932 2.087215
932 933 3.292452
933 934 3.821242
933 935 1.7772469999999998
932 936 3.815115
931 937 4.036318
876 938 6.365072
711 939 0.209768
939 940 6.91304
939 941 7.644531000000001
710 942 2.675217
942 943 0.536015
943 944 0.880414
944 945 2.594804
945 946 1.10525
945 947 0.36497999999999997
947 948 0.458284
947 949 0.24428100000000003
949 950 0.548087
949 951 0.758203
944 952 0.209861
952 953 1.952053
953 954 0.9045030000000001
953 955 0.401432
955 956 0.28417899999999996
956 957 0.197709
956 958 0.185804
955 959 0.17715
959 960 0.628186
959 961 0.384869
952 962 3.078051
943 963 4.764428
942 964 3.14182
964 965 1.704983
964 966 2.2676689999999997
709 967 0.08720699999999999
967 968 8.437880999999999
967 969 0.755315
969 970 3.422694
970 971 1.653477
971 972 3.772956
972 973 4.368396
973 974 5.302262
973 975 4.04224
975 976 0.106416
975 977 0.132934
972 978 6.723299000000001
978 979 0.024987000000000002
978 980 0.022792
971 981 6.63963
981 982 0.5527029999999999
982 983 0.856903
982 984 0.645829
981 985 0.49318399999999996
985 986 0.559261
985 987 0.166333
987 988 0.42805200000000004
987 989 0.293464
970 990 0.9473290000000001
990 991 2.4840649999999997
991 992 1.4544380000000001
992 993 3.372605
992 994 2.172642
991 995 1.9013019999999998
995 996 1.012652
996 997 0.047209
997 998 1.5794240000000002
997 999 1.522776
996 1000 1.911713
995 1001 0.368495
1001 1002 0.900826
1002 1003 0.87095
1003 1004 0.124738
1004 1005 0.5976170000000001
1004 1006 0.220891
1003 1007 0.625106
1007 1008 0.142776
1008 1009 0.370833
1009 1010 0.710986
1010 1011 1.064058
1011 1012 0.023815
1011 1013 0.023963
1010 1014 0.334582
1014 1015 1.095728
1014 1016 0.7526200000000001
1009 1017 0.48873199999999994
1017 1018 0.6622720000000001
1018 1019 0.094912
1019 1020 1
1019 1021 1
1018 1022 0.048578
1022 1023 0.000127
1023 1024 0.000127
1024 1025 0.047906000000000004
1024 1026 1
1023 1027 1
1022 1028 1
1017 1029 0.19830799999999998
1029 1030 0.5710500000000001
1030 1031 0.133078
1030 1032 0.058403000000000004
1032 1033 0.034371
1032 1034 0.013406999999999999
1029 1035 0.11876899999999999
1035 1036 0.15187799999999999
1036 1037 0.086362
1037 1038 1
1038 1039 1
1038 1040 1
1037 1041 1
1036 1042 0.105032
1042 1043 1.8e-05
1043 1044 1.8e-05
1044 1045 1.8e-05
1045 1046 1.8e-05
1046 1047 1
1046 1048 0.047797
1045 1049 1
1044 1050 1
1043 1051 1
1042 1052 1
1035 1053 0.184507
1053 1054 0.014074000000000001
1053 1055 0.081529
1008 1056 0.771076
1007 1057 0.534743
1002 1058 0.501019
1001 1059 0.33571500000000004
1059 1060 0.967931
1060 1061 0.363141
1060 1062 0.406847
1059 1063 0.8933399999999999
990 1064 3.376344
1064 1065 1.309828
1065 1066 6.052619
1065 1067 1.7563430000000002
1067 1068 6.319167
1067 1069 2.952036
1069 1070 3.4768640000000004
1069 1071 6.852891
1064 1072 8.782434
969 1073 9.393169
708 1074 8.258359
707 1075 7.307766
692 1076 0.270571
1076 1077 0.589859
1077 1078 0.47757900000000003
1078 1079 6.759152
1078 1080 6.927064
1077 1081 0.8388140000000001
1081 1082 5.899045
1081 1083 6.686196
1076 1084 7.644299
633 1085 8.653119
434 1086 0.087975
1086 1087 8.30171
1086 1088 0.097739
1088 1089 0.313049
1089 1090 9.576202
1089 1091 8.671740999999999
1088 1092 10.164849
285 1093 10.860224
284 1094 0.334977
1094 1095 0.426346
1095 1096 10.804902
1095 1097 9.275601
1094 1098 2.1163279999999998
1098 1099 7.789
1098 1100 8.229524000000001
283 1101 0.36176200000000003
1101 1102 0.31081400000000003
1102 1103 10.099335
1102 1104 0.0782
1104 1105 10.365659
1104 1106 10.89818
1101 1107 10.357681000000001
158 1108 10.587734
131 1109 0.5153300000000001
1109 1110 13.244623
1109 1111 12.995961000000001
122 1112 0.130707
1112 1113 0.161602
1113 1114 11.983299
1113 1115 12.232997
1112 1116 0.45762499999999995
1116 1117 0.360982
1117 1118 0.30517700000000003
1118 1119 11.419442
1118 1120 11.194923
1117 1121 3.31242
1121 1122 2.057324
1122 1123 1.542997
1123 1124 0.465739
1124 1125 8.95735
1124 1126 0.530864
1126 1127 6.4362829999999995
1126 1128 10.686316
1123 1129 7.440134
1122 1130 6.141694
1130 1131 0.591527
1130 1132 0.06138199999999999
1132 1133 0.545343
1132 1134 0.419004
1121 1135 15.361214
1116 1136 0.351697
1136 1137 11.890839999999999
1136 1138 0.149494
1138 1139 0.15035700000000002
1139 1140 11.720862
1139 1141 11.471209
1138 1142 0.323246
1142 1143 10.272971
1142 1144 10.640407999999999
119 1145 0.139236
1145 1146 0.076113
1146 1147 5.417195
1147 1148 7.674366000000001
1147 1149 7.9594499999999995
1146 1150 1.27794
1150 1151 11.584519
1150 1152 2.907056
1152 1153 0.488581
1153 1154 8.61295
1153 1155 1.7920539999999998
1155 1156 0.591165
1156 1157 1.9498330000000001
1157 1158 8.204577
1157 1159 8.525951
1156 1160 4.071623
1160 1161 1.093009
1160 1162 1.053466
1155 1163 7.796268
1152 1164 2.745168
1164 1165 12.450124
1164 1166 8.056165
1166 1167 1.6162409999999998
1166 1168 1.740453
1145 1169 13.862485
118 1170 13.097695000000002
105 1171 0.354465
1171 1172 0.11633299999999999
1172 1173 16.655063000000002
1172 1174 14.658636
1171 1175 0.20677
1175 1176 0.058721
1176 1177 0.328225
1177 1178 14.693071
1177 1179 15.314418
1176 1180 0.338903
1180 1181 14.747252
1180 1182 14.696924
1175 1183 0.275559
1183 1184 17.010142000000002
1183 1185 0.388936
1185 1186 14.703624000000001
1185 1187 13.707275999999998
104 1188 0.237791
1188 1189 0.172122
1189 1190 1.33169
1190 1191 16.813111
1190 1192 2.087171
1192 1193 1.328239
1193 1194 11.244219
1193 1195 0.8601630000000001
1195 1196 0.746042
1196 1197 1.195672
1197 1198 9.859574
1197 1199 1.275927
1199 1200 1.430433
1200 1201 8.614108
1200 1202 7.597734000000001
1199 1203 10.546688
1196 1204 0.50739
1204 1205 0.255923
1205 1206 0.473033
1206 1207 2.71337
1207 1208 3.22928
1208 1209 5.833735
1208 1210 6.8121089999999995
1207 1211 1.9089519999999998
1211 1212 6.404341
1211 1213 7.158479
1206 1214 0.300423
1214 1215 1.474761
1215 1216 1.7174530000000001
1216 1217 7.760306999999999
1217 1218 2.9718299999999997
1218 1219 2.4972339999999997
1218 1220 3.1545509999999997
1217 1221 4.8243920000000005
1216 1222 0.8071780000000001
1222 1223 2.149441
1223 1224 5.292279
1224 1225 2.633582
1224 1226 2.224389
1223 1227 8.913701
1222 1228 1.913401
1228 1229 6.522511000000001
1229 1230 1.8205010000000001
1229 1231 0.92751
1228 1232 8.938437
1215 1233 5.0611299999999995
1233 1234 2.5740160000000003
1234 1235 6.22685
1234 1236 1.8245669999999998
1233 1237 7.294747
1214 1238 0.848311
1238 1239 1.432255
1239 1240 2.290701
1240 1241 9.173233
1240 1242 3.2986799999999996
1242 1243 5.536072
1242 1244 6.088317
1239 1245 1.2407730000000001
1245 1246 6.550677
1245 1247 10.7032
1238 1248 0.970562
1248 1249 10.538611000000001
1248 1250 0.396394
1250 1251 1.790925
1251 1252 9.150324999999999
1251 1253 2.4108069999999997
1253 1254 1.574784
1254 1255 2.2803
1255 1256 4.941957
1255 1257 7.160793999999999
1254 1258 2.199309
1258 1259 3.141492
1258 1260 2.7240159999999998
1253 1261 7.093608
1250 1262 1.9455710000000002
1262 1263 18.098479
1262 1264 16.598806
1205 1265 4.811713
1265 1266 5.008776
1265 1267 1.9072490000000002
1267 1268 4.760044
1267 1269 1.126037
1269 1270 0.9535359999999999
1269 1271 5.612601
1204 1272 1.169854
1272 1273 1.222246
1273 1274 1.3442
1274 1275 8.539221
1274 1276 2.754365
1276 1277 3.7233259999999997
1276 1278 8.139731999999999
1273 1279 8.186307
1279 1280 8.530383
1279 1281 9.119102
1272 1282 0.34861200000000003
1282 1283 2.945607
1283 1284 5.152745
1283 1285 3.171693
1285 1286 2.286098
1285 1287 6.495360999999999
1282 1288 5.358835
1288 1289 2.58289
1288 1290 4.858429
1195 1291 1.024287
1291 1292 9.822573
1291 1293 5.445898
1293 1294 4.397942
1293 1295 2.058749
1295 1296 5.585509
1295 1297 3.276819
1297 1298 3.5668640000000003
1297 1299 3.162279
1192 1300 1.7133200000000002
1300 1301 16.698383
1300 1302 3.123973
1302 1303 9.919769
1302 1304 10.784307
1189 1305 1.104349
1305 1306 17.230073
1305 1307 15.164452
1188 1308 15.993011
3 1309 1.396766
1309 1310 1.626563
1310 1311 5.240159
1311 1312 9.961162
1311 1313 16.815078
1310 1314 11.026463
1309 1315 14.030190000000001
2 1316 0.611632
1316 1317 0.343918
1317 1318 1.4983659999999999
1318 1319 21.058873
1318 1320 3.687931
1320 1321 4.473567
1321 1322 9.482751
1322 1323 0.12162200000000001
1322 1324 0.21379099999999998
1321 1325 7.843341
1325 1326 0.27837
1325 1327 0.29800899999999997
1320 1328 7.315314000000001
1328 1329 10.309616
1328 1330 8.610478
1317 1331 0.468428
1331 1332 0.470881
1332 1333 18.059407999999998
1332 1334 1.3523459999999998
1334 1335 0.752844
1335 1336 0.524017
1336 1337 16.82396
1336 1338 0.736195
1338 1339 13.274004999999999
1338 1340 15.691211
1335 1341 16.432371
1334 1342 17.609762
1331 1343 0.194075
1343 1344 0.21251799999999998
1344 1345 0.138695
1345 1346 0.559896
1346 1347 2.7418109999999998
1347 1348 2.393961
1348 1349 21.522337999999998
1348 1350 17.565781
1347 1351 20.910736999999997
1346 1352 0.200691
1352 1353 0.829331
1353 1354 0.666839
1354 1355 3.797081
1355 1356 23.773982
1355 1357 20.398198
1354 1358 27.022102999999998
1353 1359 1.237576
1359 1360 2.759851
1360 1361 2.119258
1361 1362 18.615617
1361 1363 21.969044
1360 1364 2.260817
1364 1365 1.00731
1365 1366 3.029337
1366 1367 16.51302
1366 1368 24.545951
1365 1369 24.245896000000002
1364 1370 19.345371
1359 1371 1.5839969999999999
1371 1372 21.755863
1371 1373 2.597501
1373 1374 20.373622
1373 1375 7.139500999999999
1375 1376 13.760163
1375 1377 21.547299
1352 1378 21.51869
1345 1379 1.7570579999999998
1379 1380 4.349349
1380 1381 11.992561
1380 1382 14.630171
1379 1383 16.837434000000002
1344 1384 0.138273
1384 1385 6.487316999999999
1385 1386 12.00061
1385 1387 13.407334
1384 1388 0.234643
1388 1389 3.900154
1389 1390 9.015415
1390 1391 10.171980999999999
1390 1392 8.209782
1389 1393 19.937627
1388 1394 0.170674
1394 1395 0.371365
1395 1396 3.9695340000000003
1396 1397 5.080215
1397 1398 8.833362000000001
1397 1399 10.019173
1396 1400 15.300776999999998
1395 1401 17.855604
1394 1402 1.219399
1402 1403 1.294209
1403 1404 15.565536999999999
1403 1405 21.426392
1402 1406 16.096453
1343 1407 0.035603
1407 1408 0.305632
1408 1409 0.297512
1409 1410 0.24667899999999998
1410 1411 0.150937
1411 1412 0.113449
1412 1413 0.36883699999999997
1413 1414 0.31150700000000003
1414 1415 20.519829
1414 1416 0.423524
1416 1417 0.376309
1417 1418 26.358510000000003
1417 1419 19.728158
1416 1420 0.8733390000000001
1420 1421 0.266752
1421 1422 0.350313
1422 1423 0.713461
1423 1424 0.881669
1424 1425 21.002100000000002
1424 1426 22.87238
1423 1427 0.30789300000000003
1427 1428 1.65257
1428 1429 46.716148000000004
1428 1430 27.945288
1427 1431 27.969973999999997
1422 1432 1.0603660000000001
1432 1433 1.529151
1433 1434 29.164168
1433 1435 2.768602
1435 1436 39.597225
1435 1437 27.385330000000003
1432 1438 0.856914
1438 1439 0.589367
1439 1440 0.507679
1440 1441 0.372713
1441 1442 30.024437999999996
1441 1443 1.2255989999999999
1443 1444 33.603573
1443 1445 28.080737
1440 1446 27.842652
1439 1447 29.794059
1438 1448 1.274996
1448 1449 30.319257999999998
1448 1450 36.796872
1421 1451 0.420504
1451 1452 2.976337
1452 1453 26.016663
1452 1454 23.840785
1451 1455 0.6243219999999999
1455 1456 0.022492
1456 1457 1.626056
1457 1458 28.582133999999996
1457 1459 53.54190199999999
1456 1460 25.905224
1455 1461 2.763738
1461 1462 28.113307
1461 1463 48.318493000000004
1420 1464 0.8759589999999999
1464 1465 2.840257
1465 1466 42.018185
1465 1467 29.347643
1464 1468 26.830529
1413 1469 0.370483
1469 1470 1.5736549999999998
1470 1471 26.103782
1470 1472 18.868336
1469 1473 22.976959
1412 1474 18.733245
1411 1475 0.20323199999999997
1475 1476 0.5066499999999999
1476 1477 19.788063
1476 1478 19.392654
1475 1479 0.376618
1479 1480 17.927077
1479 1481 22.280431
1410 1482 0.600624
1482 1483 17.522326999999997
1482 1484 20.737933
1409 1485 0.290509
1485 1486 0.125137
1486 1487 0.169843
1487 1488 1.4302000000000001
1488 1489 19.07446
1488 1490 19.921184
1487 1491 17.152566999999998
1486 1492 0.32581099999999996
1492 1493 0.34429
1493 1494 0.582207
1494 1495 1.1721219999999999
1495 1496 16.687747
1495 1497 20.214479
1494 1498 17.03638
1493 1499 19.247084
1492 1500 0.31959699999999996
1500 1501 0.142112
1501 1502 0.26206100000000004
1502 1503 0.29154599999999997
1503 1504 16.858788
1503 1505 7.888487
1505 1506 10.594223
1505 1507 2.835862
1507 1508 4.683357
1507 1509 7.5998410000000005
1502 1510 1.003762
1510 1511 17.331862
1510 1512 15.991232
1501 1513 0.194504
1513 1514 0.222315
1514 1515 0.223434
1515 1516 0.250182
1516 1517 16.374902
1516 1518 0.439392
1518 1519 14.901748000000001
1518 1520 15.429846
1515 1521 0.229321
1521 1522 2.371566
1522 1523 16.340949
1522 1524 16.727607
1521 1525 6.235604
1525 1526 11.067141
1525 1527 11.835397
1514 1528 1.587283
1528 1529 0.643773
1529 1530 14.711916
1529 1531 13.384371
1528 1532 2.466395
1532 1533 15.34925
1532 1534 12.825545
1513 1535 0.16241
1535 1536 0.233543
1536 1537 0.249965
1537 1538 15.341524000000001
1537 1539 15.071349000000001
1536 1540 0.202346
1540 1541 15.663357999999999
1540 1542 0.462408
1542 1543 0.284915
1543 1544 14.568301
1543 1545 15.520063
1542 1546 3.320032
1546 1547 4.024547
1547 1548 1.76457
1548 1549 4.705019
1548 1550 4.587674
1547 1551 7.681947
1546 1552 12.678437
1535 1553 0.24150500000000003
1553 1554 0.301114
1554 1555 18.232515999999997
1554 1556 0.222307
1556 1557 0.352796
1557 1558 0.479101
1558 1559 13.124797999999998
1558 1560 13.959583
1557 1561 0.041624
1561 1562 0.9395270000000001
1562 1563 2.924825
1563 1564 9.54516
1563 1565 8.970727
1562 1566 2.8199359999999998
1566 1567 1.381482
1567 1568 9.029207
1567 1569 15.780063
1566 1570 11.103696000000001
1561 1571 0.13199799999999998
1571 1572 1.117041
1572 1573 13.912453
1572 1574 0.7251289999999999
1574 1575 0.7999869999999999
1575 1576 3.5283750000000005
1576 1577 4.197639000000001
1577 1578 5.098062
1577 1579 6.824822
1576 1580 12.536719
1575 1581 1.411228
1581 1582 12.139410999999999
1581 1583 10.045226
1574 1584 0.340353
1584 1585 11.835184
1584 1586 11.429483999999999
1571 1587 0.621675
1587 1588 2.085864
1588 1589 12.794343999999999
1588 1590 1.608832
1590 1591 10.864756
1590 1592 13.35154
1587 1593 17.347272
1556 1594 0.32540199999999997
1594 1595 13.931851
1594 1596 13.695403
1553 1597 17.269968
1500 1598 0.17258600000000002
1598 1599 1.060142
1599 1600 13.163943999999999
1600 1601 5.250262
1600 1602 5.546771000000001
1599 1603 19.106751
1598 1604 1.799864
1604 1605 0.9996400000000001
1605 1606 16.143248
1605 1607 13.783467
1604 1608 16.039228
1485 1609 0.741686
1609 1610 19.711651999999997
1609 1611 2.474178
1611 1612 1.493241
1612 1613 19.049598
1612 1614 1.572388
1614 1615 1.494175
1615 1616 11.827933
1615 1617 12.981335999999999
1614 1618 1.539453
1618 1619 14.059696999999998
1618 1620 3.4404039999999996
1620 1621 3.656877
1621 1622 7.6413720000000005
1621 1623 14.686171
1620 1624 7.5530990000000005
1611 1625 5.688706000000001
1625 1626 11.988936
1625 1627 12.745902000000001
1408 1628 0.20947000000000002
1628 1629 0.76971
1629 1630 0.781261
1630 1631 19.21884
1630 1632 22.413553999999998
1629 1633 0.7096210000000001
1633 1634 19.300049
1633 1635 21.190134
1628 1636 0.451338
1636 1637 4.055222
1637 1638 18.051421
1637 1639 18.671751
1636 1640 0.964641
1640 1641 21.888682
1640 1642 21.10004
1407 1643 0.517772
1643 1644 1.8738299999999999
1644 1645 19.512514
1644 1646 10.454713
1646 1647 8.487308
1646 1648 14.704763000000002
1643 1649 0.40396
1649 1650 0.367006
1650 1651 0.152133
1651 1652 0.780785
1652 1653 1.340384
1653 1654 8.301165000000001
1654 1655 17.857530999999998
1654 1656 14.788952
1653 1657 32.150519
1657 1658 0.6422340000000001
1657 1659 0.615065
1652 1660 18.206823999999997
1660 1661 6.012963
1660 1662 5.6153
1662 1663 1.617764
1662 1664 1.6369809999999998
1651 1665 0.8094769999999999
1665 1666 0.171705
1666 1667 1.4799039999999999
1667 1668 28.477943
1667 1669 1.6501289999999997
1669 1670 7.7404589999999995
1670 1671 3.9383099999999995
1671 1672 10.947632
1671 1673 5.854276
1673 1674 10.325389
1673 1675 10.239555
1670 1676 1.7535669999999999
1676 1677 4.911401
1677 1678 7.349907999999999
1677 1679 5.783135
1676 1680 2.351011
1680 1681 9.074881
1681 1682 1.245335
1681 1683 1.553125
1680 1684 1.264262
1684 1685 7.630315
1684 1686 10.019171
1669 1687 3.6931779999999996
1687 1688 6.383507
1688 1689 19.572275
1688 1690 11.186119
1690 1691 0.5891869999999999
1690 1692 0.521424
1687 1693 23.371586999999998
1666 1694 0.31670000000000004
1694 1695 7.367698000000001
1695 1696 18.445995
1695 1697 18.098592
1694 1698 0.676426
1698 1699 0.187761
1699 1700 0.9484940000000001
1700 1701 25.844692000000002
1700 1702 22.628794
1699 1703 0.9211179999999999
1703 1704 28.047301
1703 1705 29.018572
1698 1706 7.375989
1706 1707 5.056878
1707 1708 14.366324
1707 1709 9.997685
1706 1710 17.439073999999998
1665 1711 0.541659
1711 1712 0.527492
1712 1713 0.95824
1713 1714 0.752229
1714 1715 1.834069
1715 1716 6.110145
1716 1717 38.675455
1716 1718 48.0069
1715 1719 12.926761
1719 1720 16.211451
1719 1721 15.848617
1714 1722 4.008811000000001
1722 1723 29.895065
1722 1724 7.794813
1724 1725 15.96359
1724 1726 8.792819
1726 1727 13.091112999999998
1726 1728 2.039654
1728 1729 15.447952
1728 1730 20.652211
1713 1731 0.610253
1731 1732 0.601687
1732 1733 0.881823
1733 1734 24.032996
1734 1735 11.479271
1734 1736 11.7128
1733 1737 1.37213
1737 1738 34.018227
1737 1739 1.9051019999999999
1739 1740 9.910956
1740 1741 35.461917
1740 1742 4.018762
1742 1743 4.721220000000001
1743 1744 13.357983
1743 1745 2.347142
1745 1746 9.35472
1745 1747 14.493828
1742 1748 25.544510999999996
1739 1749 40.012771
1732 1750 0.69991
1750 1751 0.639831
1751 1752 0.464649
1752 1753 0.960241
1753 1754 1.378897
1754 1755 11.116255
1755 1756 31.958332
1755 1757 30.606582999999997
1754 1758 28.81009
1758 1759 10.359614
1759 1760 4.923954
1759 1761 0.9566659999999999
1761 1762 3.2664480000000005
1762 1763 1.144452
1762 1764 1.101788
1761 1765 2.873219
1765 1766 4.079610000000001
1766 1767 0.59653
1766 1768 0.70976
1765 1769 2.254688
1769 1770 0.5782780000000001
1769 1771 0.437971
1771 1772 0.239193
1771 1773 0.09622
1758 1774 7.575499
1774 1775 7.7966679999999995
1774 1776 2.36917
1776 1777 6.070912
1776 1778 7.638958
1778 1779 4.811207
1778 1780 3.017554
1753 1781 6.795808
1781 1782 46.028608
1781 1783 34.990472
1752 1784 2.856807
1784 1785 3.398792
1785 1786 43.415163
1785 1787 48.235661
1784 1788 3.701575
1788 1789 15.489449
1789 1790 16.948334000000003
1790 1791 12.957693
1790 1792 9.872674
1789 1793 41.297254
1788 1794 51.84540199999999
1751 1795 10.840101
1795 1796 27.434586
1795 1797 29.867762
1750 1798 0.565136
1798 1799 5.808345
1799 1800 5.200194000000001
1800 1801 23.256363
1800 1802 25.006476
1799 1803 28.685912000000002
1798 1804 37.160734
1731 1805 0.435826
1805 1806 0.875103
1806 1807 0.6630149999999999
1807 1808 1.175321
1808 1809 28.813022
1808 1810 1.6931999999999998
1810 1811 27.853567
1810 1812 29.094334
1807 1813 0.667856
1813 1814 26.271694
1813 1815 33.313274
1806 1816 2.249876
1816 1817 26.081103
1816 1818 23.134394999999998
1805 1819 0.373916
1819 1820 3.5548480000000002
1820 1821 1.076874
1821 1822 15.030008
1822 1823 11.709124
1823 1824 10.966505
1823 1825 7.081275
1822 1826 16.709327
1821 1827 25.615162
1820 1828 1.584155
1828 1829 28.726969000000004
1828 1830 24.988336999999998
1819 1831 2.353224
1831 1832 14.851501
1832 1833 12.98668
1832 1834 2.2838279999999997
1834 1835 10.224585
1834 1836 14.361656
1831 1837 29.000583000000002
1712 1838 8.111956
1838 1839 13.685754
1839 1840 17.968153
1839 1841 13.098631999999998
1838 1842 25.510035
1711 1843 6.372558000000001
1843 1844 15.831418
1844 1845 11.376437000000001
1844 1846 21.438552
1843 1847 5.613466000000001
1847 1848 10.333566
1847 1849 14.924171
1650 1850 14.923803
1850 1851 5.489662
1850 1852 5.778634
1649 1853 0.215835
1853 1854 0.180151
1854 1855 0.181855
1855 1856 19.930688
1855 1857 20.27682
1854 1858 0.596352
1858 1859 11.750384
1859 1860 9.335011999999999
1859 1861 10.401844
1858 1862 1.211257
1862 1863 25.640420000000002
1862 1864 25.408426000000002
1853 1865 0.263838
1865 1866 0.1513
1866 1867 0.407333
1867 1868 20.869737
1867 1869 1.3830850000000001
1869 1870 23.874641999999998
1869 1871 25.340856000000002
1866 1872 0.418469
1872 1873 0.18156
1873 1874 1.470837
1874 1875 22.937208000000002
1874 1876 0.9892949999999999
1876 1877 9.461691
1877 1878 14.440558000000001
1877 1879 14.843569
1876 1880 4.947969
1880 1881 21.363293
1880 1882 20.944027000000002
1873 1883 0.236726
1883 1884 1.4688750000000002
1884 1885 0.714411
1885 1886 0.803008
1886 1887 26.643341
1886 1888 30.540680999999996
1885 1889 0.528822
1889 1890 27.625576000000002
1889 1891 1.7376699999999998
1891 1892 7.514220000000001
1892 1893 22.967339
1892 1894 26.354768
1891 1895 4.025216
1895 1896 2.3564499999999997
1896 1897 36.903216
1896 1898 45.062143
1895 1899 2.868388
1899 1900 51.559734
1899 1901 14.484865
1901 1902 32.799302000000004
1901 1903 21.239243
1903 1904 1.653948
1903 1905 1.245559
1884 1906 4.290329
1906 1907 23.509085
1906 1908 26.133766
1883 1909 24.455053
1872 1910 0.07979
1910 1911 0.307655
1911 1912 0.982197
1912 1913 25.549021
1912 1914 1.242412
1914 1915 27.642699999999998
1914 1916 2.016503
1916 1917 1.9031510000000003
1917 1918 27.228172999999998
1917 1919 3.900513
1919 1920 19.681082
1919 1921 2.954843
1921 1922 3.957444
1922 1923 11.154998
1923 1924 13.536616000000002
1923 1925 15.50818
1922 1926 14.867027
1921 1927 15.630026999999998
1916 1928 2.21832
1928 1929 44.533175
1928 1930 23.254052
1911 1931 1.5737480000000001
1931 1932 23.610307
1931 1933 28.427529
1910 1934 0.7909809999999999
1934 1935 19.828455
1934 1936 0.18290299999999998
1936 1937 22.280727
1936 1938 22.993665999999997
1865 1939 0.444897
1939 1940 0.39734200000000003
1940 1941 0.94864
1941 1942 1.8300420000000002
1942 1943 18.341378
1942 1944 21.866131
1941 1945 14.547307000000002
1945 1946 9.290803
1945 1947 10.652005
1940 1948 0.876334
1948 1949 23.097113999999998
1948 1950 21.875004
1939 1951 1.50127
1951 1952 27.372234000000002
1951 1953 20.575754
1316 1954 0.125129
1954 1955 0.269638
1955 1956 0.207377
1956 1957 0.16500700000000001
1957 1958 4.601998999999999
1958 1959 3.2057219999999997
1959 1960 7.758857
1959 1961 12.046572
1958 1962 5.4430439999999995
1962 1963 6.11479
1962 1964 6.71326
1957 1965 0.104016
1965 1966 7.4291670000000005
1966 1967 8.176468
1966 1968 9.340851
1965 1969 17.310957
1956 1970 0.07438199999999999
1970 1971 2.424704
1971 1972 13.411443
1971 1973 5.552187
1973 1974 9.805791
1973 1975 14.263143
1970 1976 0.614204
1976 1977 17.880086000000002
1976 1978 18.932555
1955 1979 0.15376800000000002
1979 1980 4.697166
1980 1981 15.841670999999998
1980 1982 6.633144000000001
1982 1983 8.397707
1982 1984 10.725529
1979 1985 0.6433709999999999
1985 1986 3.087055
1986 1987 15.680912999999999
1986 1988 19.714169000000002
1985 1989 2.451355
1989 1990 15.43029
1989 1991 15.883410000000001
1954 1992 0.745532
1992 1993 19.704803000000002
1993 1994 0.093798
1993 1995 0.09759000000000001
1992 1996 20.219193999999998
1 1997 14.715879000000001
1 1998 16.350906000000002
