1 2 59.627821000000004
2 3 0.693664
3 4 1.3004440000000002
4 5 2.063377
5 6 3.8282459999999996
6 7 5.347628
7 8 994.651272
7 9 10.068571
9 10 23.384506
10 11 29.883161
11 12 970.1175380000001
11 13 352.032308
13 14 647.4667860000001
13 15 1
10 16 976.6136700000001
9 17 634.685294
17 18 334.761292
17 19 313.132841
19 20 86.848026
19 21 38.349037
6 22 994.402345
22 23 1.769298
22 24 1.769298
5 25 997.939253
4 26 998.694412
3 27 76.2472
27 28 923.946351
27 29 922.172838
2 30 0.241137
30 31 1.4492909999999999
31 32 3.828181
32 33 10.491519
33 34 54.200866999999995
34 35 116.99725299999999
35 36 90.037602
36 37 61.826507
37 38 84.43927500000001
38 39 330.374677
39 40 86.521593
39 41 158.455625
38 42 246.512962
42 43 84.71469499999999
42 44 169.33588
37 45 69.591814
45 46 370.13001299999996
46 47 122.88787699999999
47 48 153.322769
47 49 1
46 50 1
45 51 143.341734
51 52 429.22883699999994
52 53 572.436642
53 54 168.84848699999998
53 55 48.643608
52 56 1
51 57 444.12277600000004
57 58 98.871174
58 59 83.142505
58 60 1
57 61 163.696745
36 62 65.898999
62 63 449.62156799999997
63 64 267.158964
63 65 125.099395
62 66 117.191488
66 67 92.618115
67 68 74.214224
68 69 382.79487900000004
68 70 146.258674
70 71 23.042557
70 72 63.103208
67 73 18.236251
73 74 50.341121
74 75 112.44598500000001
74 76 45.88378
76 77 154.514319
77 78 10.263211
78 79 1.083561
79 80 57.309445999999994
79 81 93.611647
78 82 32.618038
82 83 27.350922999999998
83 84 44.374883
83 85 31.760764
82 86 108.763408
86 87 25.281973
86 88 26.355963
77 89 16.202496
89 90 93.11894600000001
90 91 22.791357
91 92 120.758454
92 93 1
92 94 41.180135
94 95 126.067387
95 96 46.815235
96 97 37.896794
96 98 44.067654
98 99 16.586866999999998
98 100 14.272302
95 101 147.662992
94 102 1
91 103 1
90 104 1
89 105 69.597547
76 106 10.729239
106 107 31.275391000000003
107 108 14.441954
108 109 67.861435
108 110 32.749713
110 111 49.990480999999996
111 112 48.252736
111 113 1
110 114 62.475950000000005
107 115 61.721988
106 116 133.05247
116 117 52.630981
116 118 39.613673999999996
118 119 6.570774
118 120 22.348983
73 121 79.42168600000001
66 122 515.9825060000001
122 123 494.89536499999997
122 124 1
35 125 230.203759
125 126 140.515804
126 127 218.819592
127 128 82.139047
128 129 482.91411
128 130 1
127 131 1
126 132 115.879763
132 133 181.386872
132 134 275.964126
134 135 373.3485
134 136 1
125 137 523.849085
137 138 466.189227
137 139 1
34 140 383.56737
140 141 366.2165
141 142 118.73665900000002
141 143 210.137667
143 144 388.583678
143 145 1
140 146 137.790323
146 147 102.126585
147 148 166.128789
148 149 1.734725
148 150 11.285731
147 151 112.048924
151 152 55.36496400000001
151 153 127.34155
153 154 142.536959
153 155 45.62588
155 156 37.595828
155 157 3.2208680000000003
146 158 124.08774700000001
158 159 234.536985
159 160 215.26068600000002
159 161 57.72773599999999
158 162 141.778826
33 163 21.339375999999998
163 164 209.013922
164 165 80.064758
165 166 434.681446
166 167 327.583695
166 168 138.401997
165 169 597.752123
164 170 768.753927
163 171 980.209466
32 172 32.366859
172 173 54.866161000000005
173 174 944.0607070000001
173 175 875.51363
172 176 702.012544
176 177 300.263005
176 178 221.867706
31 179 998.366846
30 180 0.060837
180 181 0.185075
181 182 0.131361
182 183 0.427608
183 184 0.591689
184 185 2.013447
185 186 2.8753919999999997
186 187 18.912274
187 188 45.313858
188 189 236.459375
189 190 719.956089
189 191 650.960741
188 192 130.27901500000002
192 193 778.933356
192 194 891.513862
187 195 967.3926590000001
186 196 35.485306
196 197 58.784506
197 198 146.883953
198 199 852.2104840000001
198 200 444.46106199999997
197 201 941.2144809999999
196 202 964.516705
185 203 33.275234
203 204 419.447666
204 205 514.9527889999999
204 206 585.5299640000001
203 207 959.73368
184 208 983.54201
208 209 14.188722
208 210 17.677941
183 211 68.946674
211 212 231.936555
212 213 768.7151369999999
212 214 352.080643
214 215 526.491667
215 216 122.775747
215 217 12.140869
214 218 1
211 219 243.78599200000002
219 220 648.222478
219 221 685.231051
221 222 367.75369
221 223 1
182 224 5.0921330000000005
224 225 12.257931
225 226 736.588984
226 227 233.92022099999997
226 228 269.068454
225 229 37.181489
229 230 113.207196
230 231 892.288971
230 232 736.037515
229 233 97.051107
233 234 788.89904
233 235 920.679688
224 236 137.341856
236 237 851.850325
236 238 862.096818
181 239 0.578628
239 240 3.101208
240 241 5.037707
241 242 994.990387
241 243 8.682819
243 244 187.61683
244 245 180.369564
245 246 322.934683
246 247 645.587161
246 248 1
245 249 582.989346
244 250 159.52241899999999
250 251 559.251108
250 252 598.492348
252 253 115.83934
253 254 323.031999
253 255 1
252 256 23.236431
243 257 991.312933
240 258 290.69149799999997
258 259 702.514089
258 260 710.325519
239 261 18.364916
261 262 251.36315100000002
262 263 746.750579
262 264 709.9209390000001
261 265 24.44798
265 266 260.857274
266 267 700.8742520000001
266 268 652.8200949999999
265 269 253.510803
269 270 425.72713899999997
270 271 323.058076
270 272 357.349466
269 273 486.164473
273 274 272.916624
273 275 113.902612
180 276 0.029946999999999998
276 277 0.019645
277 278 0.029935999999999997
278 279 0.12476
279 280 0.794816
280 281 2.384903
281 282 7.630832
282 283 14.234515
283 284 18.89425
284 285 60.408795000000005
285 286 708.823292
285 287 939.591239
284 288 981.1056819999999
283 289 985.7654849999999
282 290 992.3702609999999
281 291 997.6976549999999
280 292 15.689148999999999
292 293 129.713407
293 294 871.3036450000001
293 295 838.1878419999999
292 296 46.180725
296 297 920.661419
296 298 951.7436010000001
279 299 0.371598
299 300 2.396436
300 301 4.206855
301 302 144.115689
302 303 859.886798
302 304 843.462243
301 305 48.256638
305 306 951.4100629999999
305 307 64.17632
307 308 77.40001
308 309 922.587936
308 310 504.506404
307 311 935.991062
300 312 997.652051
299 313 1.260303
313 314 110.992812
314 315 833.885424
315 316 1
315 317 125.808949
317 318 25.549513
317 319 14.471692
314 320 885.703209
313 321 3.442021
321 322 3.383858
322 323 7.6498800000000005
323 324 19.455264
324 325 202.26889199999997
325 326 602.3305869999999
325 327 797.7309
324 328 64.918732
328 329 857.0484950000001
328 330 974.203874
323 331 992.365401
322 332 996.59112
321 333 997.159585
278 334 0.023526
334 335 0.159557
335 336 0.254468
336 337 5.225627
337 338 11.836335
338 339 45.43341
339 340 62.276523
340 341 136.512927
341 342 351.38779
341 343 863.4682939999999
340 344 937.723566
339 345 954.6961709999999
338 346 987.905406
337 347 528.132691
347 348 472.836174
347 349 460.68208500000003
336 350 1.2972839999999999
350 351 3.114808
351 352 11.859309
352 353 14.947861000000001
353 354 19.966677999999998
354 355 30.237211000000002
355 356 48.270847
356 357 251.63099999999997
356 358 951.7287789999999
355 359 969.762789
354 360 980.033289
353 361 985.5850609999999
352 362 987.0756670000001
351 363 22.127117
363 364 969.0863509999999
363 365 791.789875
365 366 163.393706
365 367 213.87958399999997
350 368 999.0102589999999
335 369 0.47848999999999997
369 370 4.11861
370 371 7.365438
371 372 992.318333
371 373 11.874120000000001
373 374 13.536372
374 375 28.091468000000003
375 376 79.98092
376 377 920.018806
376 378 422.10031499999997
375 379 971.908527
374 380 986.4646439999999
373 381 947.103623
381 382 11.096136
381 383 71.260531
370 384 995.980757
369 385 22.126648
385 386 286.307351
386 387 351.57795100000004
387 388 184.152676
388 389 165.702664
389 390 119.63997900000001
390 391 29.186866000000002
390 392 25.832749
392 393 63.494240999999995
392 394 40.459565
394 395 1
394 396 74.110877
396 397 1
396 398 54.511493
398 399 1
398 400 164.512092
400 401 89.662704
400 402 370.818575
389 403 1
388 404 289.43402100000003
387 405 178.173289
386 406 713.52756
385 407 978.056881
334 408 0.359953
408 409 1.3171709999999999
409 410 4.693907
410 411 11.201961
411 412 23.428089
412 413 90.315985
413 414 207.85428000000002
414 415 272.228815
414 416 792.149312
413 417 909.6773239999999
412 418 976.5832859999999
411 419 882.737236
419 420 40.443841000000006
420 421 53.152632
421 422 12.463711
421 423 34.083681999999996
423 424 12.792318999999999
424 425 20.660924
425 426 29.360823000000003
425 427 16.524173
424 428 13.48398
423 429 65.63386799999999
420 430 27.428255
430 431 24.267146
430 432 21.909284
432 433 42.141929
432 434 12.884988
419 435 63.77242199999999
435 436 6.292656000000001
436 437 7.627217
437 438 1.489756
437 439 1.508525
439 440 2.257874
440 441 4.860542000000001
440 442 1.7524009999999999
439 443 1.5137289999999999
436 444 13.370109
444 445 1.180509
445 446 0.726682
446 447 0.69737
447 448 0.516405
447 449 3.877929
446 450 1.913076
445 451 1.2897910000000001
451 452 1.54819
452 453 2.08601
452 454 1.7308649999999999
451 455 3.649646
444 456 4.73957
435 457 27.470774
410 458 544.299266
458 459 202.607956
459 460 294.929031
459 461 187.522215
458 462 180.801237
462 463 183.578781
463 464 198.710188
464 465 54.331726999999994
464 466 1
463 467 210.83811
467 468 1
467 469 52.468137999999996
462 470 139.686736
470 471 9.367569000000001
470 472 6.342726999999999
409 473 118.69999
473 474 469.94172599999996
474 475 323.256607
475 476 25.370943
476 477 1
476 478 34.103081
478 479 34.372825
479 480 228.28789700000002
479 481 34.947396
478 482 1
475 483 17.782588
483 484 1.384388
484 485 0.40600899999999995
484 486 5.264728
486 487 1.304947
487 488 0.431185
487 489 0.632425
486 490 10.020603999999999
490 491 11.268464999999999
491 492 56.375338
492 493 5.983784
493 494 0.5814480000000001
494 495 1
494 496 4.644388
493 497 0.33451200000000003
497 498 4.8527130000000005
498 499 0.33011999999999997
498 500 0.7278589999999999
497 501 1
492 502 5.998065
491 503 1.8722189999999999
490 504 3.6381129999999997
483 505 1
474 506 112.823988
506 507 336.366324
506 508 332.36246500000004
473 509 481.218004
509 510 278.946196
509 511 434.53699500000005
511 512 126.39564000000001
511 513 37.49001
408 514 308.070568
514 515 438.04659399999997
515 516 531.537201
515 517 1
514 518 692.128056
277 519 0.149693
519 520 0.282184
520 521 1.084685
521 522 29.812044
522 523 79.161899
523 524 404.17393500000003
524 525 595.369094
524 526 313.286948
523 527 30.993616000000003
527 528 330.480113
528 529 531.937647
528 530 600.530708
527 531 550.173249
531 532 67.980964
532 533 338.967923
532 534 68.508559
534 535 200.99204699999999
535 536 265.141864
535 537 120.70845100000001
534 538 1
531 539 305.869315
522 540 966.5995260000001
521 541 1.527224
541 542 12.177717000000001
542 543 938.82657
543 544 34.71816
544 545 1.857593
544 546 47.040163
543 547 38.83386
542 548 21.730717
548 549 755.6260110000001
549 550 120.86569499999999
550 551 40.693422
551 552 9.198655
551 553 36.702627
550 554 79.108999
549 555 99.125537
555 556 18.851091
556 557 25.976985000000003
557 558 42.264547
557 559 1.847157
559 560 7.192896999999999
560 561 22.62308
561 562 0.000575
561 563 0.39902999999999994
560 564 26.34231
559 565 10.324235
565 566 0.288589
565 567 0.111724
556 568 21.149846
568 569 1.8247490000000002
568 570 13.894582
555 571 2.783533
571 572 11.009915000000001
572 573 16.801212
573 574 32.458856000000004
573 575 0.030886
575 576 1
575 577 1
572 578 50.968764
571 579 45.331013
579 580 66.85887000000001
580 581 1
580 582 49.908216
582 583 77.11612799999999
583 584 7.257433000000001
584 585 1
584 586 58.761505
583 587 1
582 588 81.28108499999999
579 589 10.319179
589 590 16.337649000000003
590 591 20.871986
591 592 30.102841
591 593 11.280512
593 594 1
593 595 1
590 596 15.508335
596 597 25.673454
597 598 23.785114
598 599 41.945319
598 600 48.694655
597 601 11.445334
601 602 8.084839
601 603 20.496582
596 604 8.265061999999999
604 605 9.325664999999999
604 606 19.323572
589 607 8.264405
548 608 975.406098
541 609 713.083305
609 610 288.36599
609 611 283.610754
520 612 0.901452
612 613 884.1827450000001
613 614 45.339268
614 615 68.97609700000001
614 616 73.63776800000001
613 617 113.162118
612 618 1.9038860000000002
618 619 145.457675
619 620 457.27874599999996
620 621 479.893928
620 622 310.017943
619 623 178.352358
623 624 525.309716
623 625 824.108683
618 626 14.348983
626 627 985.65842
626 628 19.372958
628 629 24.370956
629 630 975.628142
629 631 71.52580400000001
631 632 173.655011
632 633 826.3449740000001
632 634 1
631 635 928.474641
628 636 980.627043
519 637 999.8930079999999
276 638 0.017665
638 639 0.005164
639 640 0.059325
640 641 0.37693000000000004
641 642 1.145069
642 643 2.218346
643 644 8.344619999999999
644 645 12.167273000000002
645 646 24.127253
646 647 975.8713759999999
646 648 195.471591
648 649 771.6265599999999
648 650 570.2406189999999
645 651 919.1493310000001
651 652 35.232516000000004
651 653 102.134318
644 654 181.547371
654 655 824.924694
654 656 795.3011359999999
643 657 12.366976000000001
657 658 86.820835
658 659 875.318645
658 660 725.859229
660 661 81.56480499999999
660 662 293.071069
657 663 989.7627610000001
642 664 682.404631
664 665 318.115851
664 666 274.517544
666 667 42.825173
666 668 37.877430000000004
641 669 999.5124519999999
640 670 0.19664299999999998
670 671 724.606637
671 672 274.953846
671 673 275.501542
670 674 0.233884
674 675 0.813639
675 676 999.1970050000001
675 677 2.574148
677 678 997.4273119999999
677 679 6.3523819999999995
679 680 993.647165
679 681 19.320224
681 682 24.039752
682 683 36.224066
683 684 963.775738
683 685 534.100981
685 686 1
685 687 236.010614
687 688 82.20931999999999
688 689 15.645755
688 690 6.612387
687 691 70.058677
682 692 975.960727
681 693 980.6788329999999
674 694 49.232366999999996
694 695 363.024606
695 696 185.516142
696 697 185.305835
697 698 1
697 699 130.687695
699 700 35.983416
699 701 1
696 702 472.51804999999996
695 703 637.5912480000001
694 704 949.9042729999999
639 705 0.009092000000000001
705 706 0.08728
706 707 0.125851
707 708 0.340515
708 709 0.521528
709 710 1.4506780000000001
710 711 1.666453
711 712 1.837615
712 713 4.432988
713 714 12.580091
714 715 14.753464999999998
715 716 22.018225
716 717 336.451833
717 718 1
717 719 663.548075
716 720 711.2771580000001
720 721 259.953006
720 722 273.45617
715 723 985.246508
714 724 987.4198610000001
713 725 995.567119
712 726 998.162089
711 727 998.3335220000001
710 728 998.549693
709 729 999.478536
708 730 999.6652320000001
707 731 709.037
731 732 291.079521
731 733 290.565646
706 734 999.929182
705 735 0.000332
735 736 0.011879
736 737 0.014724000000000001
737 738 0.038337
738 739 1.005994
739 740 999.034879
739 741 2.7394950000000002
741 742 70.098972
742 743 114.494244
743 744 206.97390800000002
744 745 97.28354999999999
745 746 191.723063
746 747 206.37458299999997
747 748 57.953993000000004
747 749 52.867573
746 750 538.290806
750 751 1
750 752 5.347056
752 753 125.24937
752 754 109.540287
745 755 462.43013299999996
744 756 722.137611
743 757 438.992277
757 758 411.789351
757 759 188.220626
742 760 922.089404
741 761 5.103835999999999
761 762 697.961505
762 763 132.71141500000002
763 764 36.948271
764 765 122.39256700000001
765 766 24.321988
765 767 7.20054
764 768 13.990221
768 769 24.515864
769 770 44.526393
769 771 6.088138
771 772 81.71028799999999
771 773 21.441289
773 774 67.15360700000001
773 775 54.802704000000006
768 776 69.31956
776 777 31.63596
777 778 70.891454
778 779 7.970877
778 780 41.814394
777 781 47.713283000000004
776 782 26.125504
782 783 29.069902
782 784 5.671821
784 785 11.275148999999999
784 786 50.307219999999994
763 787 42.458339
787 788 146.265975
787 789 52.027429999999995
762 790 161.117847
790 791 116.120556
790 792 173.546395
761 793 87.156539
793 794 889.289887
793 795 745.6932069999999
795 796 68.232649
795 797 179.718492
797 798 85.947861
797 799 85.00353899999999
799 800 1.7606460000000002
800 801 0.718309
800 802 0.071028
799 803 1.4175460000000002
738 804 0.450795
804 805 753.85729
805 806 134.221108
806 807 54.036275
806 808 167.785722
805 809 246.204549
804 810 2.366989
810 811 7.449838000000001
811 812 642.92764
812 813 338.448261
812 814 360.578435
811 815 14.36992
815 816 51.865035999999996
816 817 66.233464
817 818 933.7665400000001
817 819 654.9792540000001
816 820 857.875279
820 821 76.21268
820 822 100.06723
822 823 1
822 824 12.652366
815 825 796.148473
825 826 218.575865
825 827 160.495937
810 828 997.654662
737 829 0.055513999999999994
829 830 0.431256
830 831 0.635549
831 832 999.364029
831 833 1.157395
833 834 2.206436
834 835 997.79387
834 836 3.601751
836 837 6.319179
837 838 13.30793
838 839 73.18186399999999
839 840 428.522551
840 841 233.09658
841 842 366.76899000000003
841 843 303.768676
840 844 1
839 845 926.8180770000001
838 846 637.619696
846 847 271.72389699999997
846 848 376.966437
848 849 1
848 850 102.36697400000001
837 851 993.6833529999999
836 852 996.392964
833 853 93.24441300000001
853 854 902.412749
853 855 908.7828890000001
830 856 789.503928
856 857 210.628751
856 858 209.501094
829 859 999.9681009999999
736 860 0.084289
860 861 0.12536999999999998
861 862 23.007735
862 863 70.418614
863 864 882.467668
863 865 929.3364320000001
862 866 976.9961999999999
861 867 0.625737
867 868 1.214936
868 869 3.8066389999999997
869 870 11.271144
870 871 11.743912
871 872 14.225295
872 873 38.394273
873 874 636.001057
873 875 961.605675
872 876 985.7746840000001
871 877 988.256814
870 878 988.727963
869 879 81.332695
879 880 423.12889900000005
880 881 192.912863
881 882 265.732705
882 883 444.412682
882 884 1
881 885 1
880 886 583.773878
879 887 907.958022
868 888 942.601853
888 889 58.338579
888 890 54.021947999999995
867 891 999.4975410000001
860 892 0.28275100000000003
892 893 0.6172460000000001
893 894 6.898305000000001
894 895 9.659114
895 896 17.854491
896 897 104.65149600000001
897 898 445.327479
898 899 30.257015
898 900 553.525177
897 901 895.348265
896 902 982.145805
895 903 990.346721
894 904 457.543607
904 905 503.126039
905 906 13.16745
906 907 5.424024999999999
907 908 1
907 909 1.490588
909 910 0.666854
910 911 0.135606
910 912 0.14295200000000002
912 913 0.471005
912 914 0.146584
914 915 0.260865
914 916 0.295272
909 917 14.405254000000001
917 918 0.433269
918 919 0.475899
918 920 0.28275100000000003
917 921 0.673457
906 922 5.448428000000001
922 923 8.665265
923 924 0.23177599999999998
923 925 0.5405059999999999
922 926 16.102463
926 927 0.716652
926 928 2.255178
905 929 19.880943000000002
904 930 544.231687
893 931 1.353758
931 932 40.341652
932 933 316.207537
933 934 596.380972
933 935 586.8489420000001
935 936 26.944874000000002
936 937 1
936 938 400.031948
935 939 1
932 940 158.575026
940 941 843.9232549999999
940 942 755.499175
931 943 999.233772
892 944 135.034736
944 945 865.1223
944 946 560.160082
946 947 439.83927600000004
946 948 168.352154
735 949 0.005187000000000001
949 950 0.0042580000000000005
950 951 0.002182
951 952 0.001767
952 953 0.005405
953 954 8.4e-05
954 955 4.9e-05
955 956 883.0940410000001
956 957 116.90593700000001
956 958 116.90596
955 959 9.999999999999999e-06
959 960 1e-06
960 961 1
961 962 1
962 963 1000.0
962 964 1
964 965 1000.0
964 966 1
966 967 1000.0
966 968 1
968 969 1000.0
968 970 1
970 971 1000.0
970 972 1
972 973 1000.0
972 974 1
974 975 1000.0
974 976 1
976 977 1000.0
976 978 1
978 979 1000.0
978 980 1
980 981 1000.0
980 982 1000.0
961 983 1000.0
960 984 1
984 985 1000.0
984 986 1000.0
959 987 999.9999989999999
954 988 999.999951
953 989 999.999916
952 990 0.01795
990 991 0.039968000000000004
991 992 0.153196
992 993 190.360172
993 994 92.127538
994 995 709.6012840000001
994 996 354.119231
996 997 151.33536800000002
996 998 590.457493
993 999 392.930428
999 1000 452.41795199999996
999 1001 380.801647
992 1002 0.440239
1002 1003 795.766904
1003 1004 103.40336500000001
1004 1005 14.244145999999999
1004 1006 187.235651
1003 1007 145.269314
1007 1008 106.059652
1007 1009 10.287313
1002 1010 1.0535430000000001
1010 1011 1.513078
1011 1012 3.254574
1012 1013 7.819260999999999
1013 1014 992.180744
1013 1015 12.758538999999999
1015 1016 24.791204999999998
1016 1017 975.208802
1016 1018 51.288579
1018 1019 116.22420600000001
1019 1020 1
1019 1021 883.7757939999999
1018 1022 948.711427
1015 1023 987.2414389999999
1012 1024 996.7454240000001
1011 1025 998.486796
1010 1026 461.991383
1026 1027 539.125856
1026 1028 534.784044
991 1029 29.47861
1029 1030 779.8191499999999
1030 1031 70.794624
1031 1032 55.286637000000006
1032 1033 75.053218
1032 1034 21.131501999999998
1031 1035 75.563117
1035 1036 1.159154
1035 1037 2.199659
1030 1038 220.12294400000002
1029 1039 61.640378
1039 1040 558.326539
1040 1041 252.68225900000002
1041 1042 1.9282460000000001
1041 1043 122.956142
1043 1044 103.77116
1044 1045 134.283994
1045 1046 238.59194000000002
1045 1047 84.555441
1047 1048 42.14725
1047 1049 405.16873200000003
1044 1050 48.622153000000004
1043 1051 1
1040 1052 259.438397
1039 1053 938.415643
990 1054 72.080915
1054 1055 927.876069
1054 1056 927.9240749999999
951 1057 0.007312000000000001
1057 1058 0.029127
1058 1059 0.08642
1059 1060 0.12173799999999999
1060 1061 0.41279699999999997
1061 1062 0.439494
1062 1063 0.548125
1063 1064 1.8941050000000001
1064 1065 2.619682
1065 1066 5.6324190000000005
1066 1067 8.957438
1067 1068 10.723669
1068 1069 33.665205
1069 1070 124.265649
1070 1071 1
1070 1072 875.7343450000001
1069 1073 642.5838180000001
1073 1074 312.865187
1073 1075 334.636899
1068 1076 989.2763
1067 1077 991.042363
1066 1078 994.368038
1065 1079 997.379349
1064 1080 998.1059399999999
1063 1081 999.451829
1062 1082 999.560563
1061 1083 999.594306
1060 1084 402.461371
1084 1085 597.032166
1084 1086 597.774494
1059 1087 106.16578299999999
1087 1088 893.585191
1087 1089 893.9109229999999
1058 1090 0.016464
1090 1091 0.062412
1091 1092 0.21664700000000003
1092 1093 0.247028
1093 1094 0.273191
1094 1095 999.726833
1094 1096 0.273167
1096 1097 0.9078700000000001
1097 1098 1.564223
1098 1099 2.836034
1099 1100 2.836475
1100 1101 2.8361669999999997
1101 1102 2.836159
1102 1103 2.83616
1103 1104 2.836159
1104 1105 1
1104 1106 997.163841
1103 1107 997.163841
1102 1108 997.1638399999999
1101 1109 997.163841
1100 1110 997.163833
1099 1111 997.163525
1098 1112 998.4356590000001
1097 1113 222.85446000000002
1113 1114 531.6353770000001
1114 1115 22.130331
1114 1116 468.364036
1113 1117 775.591552
1096 1118 999.726856
1093 1119 827.975099
1119 1120 171.84076399999998
1119 1121 171.734127
1092 1122 849.0190610000001
1122 1123 150.759816
1122 1124 150.748058
1091 1125 11.205937
1125 1126 68.067834
1126 1127 931.994942
1126 1128 909.3668149999999
1125 1129 263.29286
1129 1130 294.40975
1130 1131 156.540586
1130 1132 327.077925
1132 1133 315.38903
1133 1134 188.68048
1133 1135 254.406724
1132 1136 175.169013
1129 1137 736.6475379999999
1090 1138 0.534935
1138 1139 1.590552
1139 1140 5.434094
1140 1141 37.416293
1141 1142 51.688889
1142 1143 846.309408
1142 1144 948.307734
1141 1145 965.290929
1140 1146 190.761002
1146 1147 37.97213
1147 1148 387.84807
1148 1149 235.29716000000002
1148 1150 489.790142
1147 1151 172.408125
1151 1152 470.354945
1152 1153 121.352456
1153 1154 1
1153 1155 383.328788
1152 1156 71.463886
1151 1157 561.502605
1146 1158 792.944269
1139 1159 998.4821410000001
1138 1160 999.3474900000001
1057 1161 326.730896
1161 1162 512.39288
1162 1163 487.60712
1162 1164 1
1161 1165 673.280167
950 1166 0.004606000000000001
1166 1167 0.022479
1167 1168 999.987357
1167 1169 0.10371
1169 1170 0.175892
1170 1171 0.24106599999999997
1171 1172 0.392771
1172 1173 1.992851
1173 1174 4.252655000000001
1174 1175 10.17976
1175 1176 989.8203159999999
1175 1177 10.367317
1177 1178 989.632615
1177 1179 25.406181
1179 1180 974.593861
1179 1181 101.18455399999999
1181 1182 197.491479
1182 1183 1
1182 1184 408.25891399999995
1184 1185 47.833001
1184 1186 47.188365
1181 1187 898.8153349999999
1174 1188 995.747177
1173 1189 998.0071280000001
1172 1190 999.606769
1171 1191 999.759456
1170 1192 999.823004
1169 1193 999.896241
1166 1194 0.07716300000000001
1194 1195 0.752845
1195 1196 1.5427629999999999
1196 1197 2.016807
1197 1198 997.982711
1197 1199 9.33961
1199 1200 9.86152
1200 1201 13.879064999999999
1201 1202 111.44617299999999
1202 1203 299.072091
1203 1204 1
1203 1205 700.927826
1202 1206 413.4124
1206 1207 466.795917
1206 1208 466.99135199999995
1208 1209 11.247724
1208 1210 21.74433
1201 1211 702.984242
1211 1212 361.073439
1211 1213 205.199308
1200 1214 400.95016699999996
1214 1215 432.56632
1215 1216 1
1215 1217 247.316682
1214 1218 626.1486020000001
1199 1219 960.41492
1219 1220 12.025096
1219 1221 48.463806999999996
1196 1222 747.584934
1222 1223 245.12603099999998
1223 1224 0.922368
1223 1225 5.589985
1222 1226 253.35939199999999
1195 1227 724.99073
1227 1228 204.21866899999998
1228 1229 1
1228 1230 103.643318
1230 1231 63.054953999999995
1230 1232 66.270838
1227 1233 126.68607599999999
1233 1234 88.39816
1234 1235 7.774267
1234 1236 23.366159
1236 1237 23.165852
1236 1238 19.866475
1233 1239 180.974289
1194 1240 544.2647039999999
1240 1241 455.740621
1240 1242 415.916583
1242 1243 23.868428
1243 1244 1
1243 1245 40.58582
1245 1246 106.721052
1246 1247 120.35961900000001
1247 1248 245.341234
1248 1249 15.591047
1249 1250 20.135995
1249 1251 54.60260099999999
1248 1252 69.809077
1252 1253 1.8534789999999999
1252 1254 24.104542000000002
1254 1255 0.396103
1254 1256 1.435383
1247 1257 43.234414
1246 1258 54.632525
1245 1259 1
1242 1260 1
949 1261 0.001946
1261 1262 0.007145
1262 1263 0.00519
1263 1264 0.01153
1264 1265 0.023948
1265 1266 0.127245
1266 1267 0.234032
1267 1268 1.291642
1268 1269 2.310891
1269 1270 32.368502
1270 1271 176.98261
1271 1272 738.913378
1271 1273 820.403392
1270 1274 968.6336860000001
1269 1275 6.311097999999999
1275 1276 151.989962
1276 1277 653.353667
1277 1278 322.719104
1278 1279 1.6714159999999998
1278 1280 1.837534
1277 1281 2.931594
1276 1282 848.498399
1275 1283 76.81160700000001
1283 1284 112.85235499999999
1284 1285 732.714341
1284 1286 864.179747
1286 1287 1
1286 1288 115.903702
1288 1289 44.131692
1289 1290 12.490699
1290 1291 25.20137
1290 1292 48.180146
1289 1293 32.191793000000004
1288 1294 0.67694
1283 1295 906.1544610000001
1268 1296 8.947958
1296 1297 53.495037
1297 1298 335.525104
1298 1299 565.4199550000001
1298 1300 659.123802
1297 1301 136.127927
1301 1302 439.01869600000003
1302 1303 371.21598800000004
1303 1304 50.715242
1303 1305 76.04888199999999
1302 1306 123.00205600000001
1301 1307 862.8988959999999
1296 1308 86.65664699999999
1308 1309 913.84575
1308 1310 556.051459
1310 1311 247.51096
1310 1312 422.14005099999997
1267 1313 4.203406
1313 1314 15.933418
1314 1315 533.1486629999999
1315 1316 429.537189
1315 1317 472.00262000000004
1314 1318 33.035125
1318 1319 514.992609
1319 1320 485.006615
1319 1321 312.706993
1318 1322 967.038874
1313 1323 995.931682
1266 1324 0.338632
1324 1325 142.825524
1325 1326 857.229953
1325 1327 848.1736989999999
1327 1328 8.751683
1327 1329 7.985029000000001
1324 1330 1.634658
1330 1331 2.002751
1331 1332 998.026127
1331 1333 3.609864
1333 1334 12.868083
1334 1335 40.504212
1335 1336 959.495766
1335 1337 62.898657
1337 1338 937.1013370000001
1337 1339 73.317474
1339 1340 224.70840299999998
1339 1341 926.6822279999999
1334 1342 987.131909
1333 1343 996.3902049999999
1330 1344 835.1264949999999
1344 1345 90.057701
1345 1346 94.36614300000001
1345 1347 56.584009
1344 1348 160.860086
1265 1349 0.30705099999999996
1349 1350 0.908381
1350 1351 3.4589839999999996
1351 1352 19.461686
1352 1353 30.528878
1353 1354 268.661219
1354 1355 685.669753
1354 1356 715.953723
1353 1357 45.351342
1357 1358 24.408170000000002
1358 1359 45.528195
1359 1360 73.594289
1360 1361 694.14332
1360 1362 491.547849
1362 1363 340.603326
1362 1364 592.085613
1364 1365 1
1364 1366 46.695753
1359 1367 102.23882900000001
1367 1368 80.772575
1368 1369 224.218664
1369 1370 344.692313
1370 1371 1
1370 1372 145.982171
1369 1373 242.04298500000002
1373 1374 140.65091700000002
1374 1375 312.940773
1374 1376 1
1373 1377 1
1368 1378 232.457301
1378 1379 510.73244300000005
1378 1380 97.440309
1367 1381 142.795238
1381 1382 324.055617
1382 1383 80.87328000000001
1382 1384 79.738891
1384 1385 140.804576
1384 1386 1
1381 1387 142.54185999999999
1387 1388 141.550231
1388 1389 178.951505
1389 1390 175.36946700000001
1390 1391 137.13345900000002
1391 1392 73.672304
1391 1393 88.24837
1393 1394 24.815871
1394 1395 72.055461
1395 1396 223.05739
1395 1397 48.20711
1394 1398 141.639612
1393 1399 65.376844
1399 1400 0.329504
1399 1401 8.364609000000002
1390 1402 77.40298100000001
1389 1403 76.568538
1403 1404 333.854592
1404 1405 339.052495
1404 1406 385.03448
1403 1407 172.12219
1388 1408 3.00564
1387 1409 27.719853
1409 1410 70.939522
1410 1411 33.401022000000005
1410 1412 28.344707000000003
1412 1413 33.067391
1413 1414 126.25555
1414 1415 357.65331599999996
1414 1416 70.029952
1413 1417 103.118107
1412 1418 92.179929
1418 1419 122.22339099999999
1418 1420 244.594161
1409 1421 14.183233000000001
1358 1422 184.779109
1422 1423 54.965763
1423 1424 374.116762
1424 1425 316.147556
1424 1426 1
1423 1427 282.14457799999997
1427 1428 319.664595
1428 1429 1
1428 1430 204.260896
1430 1431 216.488617
1430 1432 2.5999459999999996
1427 1433 1
1422 1434 421.698106
1434 1435 226.99888399999998
1435 1436 34.729325
1435 1437 30.882243
1434 1438 350.391028
1357 1439 256.63344600000005
1439 1440 637.266621
1439 1441 313.228976
1441 1442 64.278729
1441 1443 370.791612
1443 1444 91.537083
1443 1445 52.905723
1352 1446 507.334661
1446 1447 456.09862300000003
1446 1448 490.300567
1351 1449 996.905885
1350 1450 998.450486
1349 1451 0.589369
1451 1452 1.131919
1452 1453 50.865297
1453 1454 112.522049
1454 1455 890.097748
1454 1456 525.27611
1456 1457 474.725872
1456 1458 46.91863
1453 1459 945.37642
1452 1460 6.810115
1460 1461 9.542301
1461 1462 40.043516000000004
1462 1463 160.173871
1463 1464 839.8256610000001
1463 1465 601.894035
1462 1466 959.956618
1461 1467 892.9072160000001
1467 1468 73.124604
1467 1469 83.992916
1469 1470 21.806549
1469 1471 54.362986
1460 1472 806.5798709999999
1472 1473 175.639366
1472 1474 197.381345
1451 1475 999.414262
1264 1476 0.155785
1476 1477 0.388876
1477 1478 999.621385
1477 1479 0.467842
1479 1480 1.1343239999999999
1480 1481 3.116793
1481 1482 996.8832060000001
1481 1483 5.232219
1483 1484 9.406327000000001
1484 1485 14.447579
1485 1486 157.945785
1486 1487 287.821819
1487 1488 275.684454
1487 1489 176.78047999999998
1486 1490 842.0542449999999
1485 1491 985.552986
1484 1492 990.592427
1483 1493 994.7676449999999
1480 1494 998.8656349999999
1479 1495 999.532499
1476 1496 999.8492600000001
1263 1497 0.058443
1497 1498 0.080644
1498 1499 0.21198599999999998
1499 1500 1.263167
1500 1501 4.370692
1501 1502 653.421477
1502 1503 274.61146099999996
1503 1504 25.089129999999997
1503 1505 35.182634
1505 1506 24.567404
1505 1507 57.010307999999995
1507 1508 60.075825
1508 1509 2.54511
1508 1510 1
1507 1511 93.960003
1511 1512 2.104112
1511 1513 1
1502 1514 339.804021
1501 1515 15.428279999999999
1515 1516 46.031218
1516 1517 66.02275800000001
1517 1518 280.767843
1518 1519 153.27388
1518 1520 720.693812
1517 1521 931.0529130000001
1516 1522 953.9687539999999
1515 1523 984.5723409999999
1500 1524 850.1261339999999
1524 1525 150.313691
1524 1526 147.385897
1499 1527 36.343081
1527 1528 133.339394
1528 1529 429.971634
1529 1530 472.04501600000003
1530 1531 1
1530 1532 28.713797000000003
1532 1533 35.537179
1533 1534 1
1533 1535 20.601852
1535 1536 43.776735
1536 1537 14.532282999999998
1537 1538 156.25159200000002
1538 1539 51.621134999999995
1539 1540 22.733951
1540 1541 31.989769000000003
1540 1542 164.836094
1542 1543 18.760360000000002
1542 1544 6.027679
1544 1545 18.55059
1544 1546 42.474678
1539 1547 6.031752
1538 1548 1
1537 1549 36.034533
1549 1550 17.805097
1550 1551 167.67776999999998
1550 1552 1.376478
1549 1553 29.460761
1536 1554 18.457441
1554 1555 44.82184
1555 1556 73.360735
1555 1557 75.407117
1554 1558 42.268640000000005
1535 1559 20.704339
1559 1560 8.244095999999999
1559 1561 4.149889
1532 1562 1
1529 1563 233.14175
1528 1564 866.844331
1527 1565 963.307572
1498 1566 1.319015
1566 1567 3.7087670000000004
1567 1568 11.426798
1568 1569 46.508925
1569 1570 156.335037
1570 1571 506.166532
1571 1572 194.58533899999998
1571 1573 402.65971599999995
1570 1574 372.911117
1574 1575 619.90085
1574 1576 7.881591
1569 1577 953.4911940000001
1568 1578 922.618516
1578 1579 12.748495000000002
1579 1580 16.773766000000002
1579 1581 52.539043
1578 1582 84.50949800000001
1567 1583 996.285791
1566 1584 998.7573140000001
1497 1585 0.056058
1585 1586 1.7678949999999998
1586 1587 1.884895
1587 1588 3.9891219999999996
1588 1589 15.53406
1589 1590 57.32157599999999
1590 1591 253.36857199999997
1591 1592 449.80538
1591 1593 734.410873
1590 1594 942.680198
1589 1595 810.9443210000001
1595 1596 141.450166
1595 1597 205.58585699999998
1588 1598 996.016225
1587 1599 987.3830039999999
1599 1600 6.635152
1599 1601 14.808967
1586 1602 998.261717
1585 1603 2.585415
1603 1604 36.026323999999995
1604 1605 38.868943
1605 1606 154.232916
1606 1607 256.994533
1607 1608 281.651318
1607 1609 438.006368
1609 1610 119.69619499999999
1609 1611 1
1606 1612 803.5304310000001
1605 1613 59.047328
1613 1614 793.688638
1614 1615 224.01832100000001
1614 1616 1
1613 1617 219.653426
1617 1618 490.784977
1618 1619 629.543266
1618 1620 66.112053
1617 1621 597.955128
1604 1622 963.973476
1603 1623 997.501199
1262 1624 0.021291
1624 1625 0.142198
1625 1626 0.182378
1626 1627 1.0546069999999999
1627 1628 3.5174209999999997
1628 1629 3.586484
1629 1630 10.225211
1630 1631 10.62029
1631 1632 31.818185999999997
1632 1633 77.394128
1633 1634 130.910806
1634 1635 1
1634 1636 868.5593600000001
1633 1637 922.605785
1632 1638 968.183526
1631 1639 827.644306
1639 1640 164.63574599999998
1639 1641 158.82928700000002
1630 1642 989.773836
1629 1643 996.413722
1628 1644 996.481639
1627 1645 998.965029
1626 1646 1.572337
1646 1647 60.696229
1647 1648 515.4938999999999
1648 1649 484.91321899999997
1648 1650 355.538015
1647 1651 938.498588
1646 1652 4.709591
1652 1653 23.081635
1653 1654 764.493478
1654 1655 62.06821300000001
1655 1656 159.637148
1655 1657 38.905457
1654 1658 231.903284
1653 1659 976.9153510000001
1652 1660 112.855251
1660 1661 888.9489449999999
1660 1662 876.751739
1625 1663 999.8722349999999
1624 1664 0.056544
1664 1665 0.24792299999999998
1665 1666 3.7333350000000003
1666 1667 8.385354
1667 1668 28.129905
1668 1669 78.000288
1669 1670 921.980013
1669 1671 489.46005899999994
1671 1672 228.095904
1671 1673 385.53724
1668 1674 666.736332
1674 1675 350.66087
1674 1676 259.711974
1667 1677 965.318462
1677 1678 39.05597
1677 1679 13.325136
1666 1680 454.303791
1680 1681 546.1218180000001
1680 1682 537.90917
1665 1683 25.838399000000003
1683 1684 87.612211
1684 1685 238.87392
1685 1686 537.2706939999999
1686 1687 532.89924
1687 1688 17.256755
1687 1689 35.133318
1686 1690 1
1685 1691 235.889459
1691 1692 253.02834600000003
1692 1693 124.32330400000001
1692 1694 50.74113500000001
1691 1695 148.911068
1684 1696 912.435059
1683 1697 974.14252
1664 1698 0.30089
1698 1699 1.739694
1699 1700 3.953627
1700 1701 4.942629
1701 1702 15.671959999999999
1702 1703 19.42981
1703 1704 111.100355
1704 1705 595.6483569999999
1704 1706 888.899238
1703 1707 980.5714650000001
1702 1708 883.8795920000001
1708 1709 140.081706
1708 1710 60.812369
1701 1711 995.054805
1700 1712 996.046258
1699 1713 998.266669
1698 1714 290.205131
1714 1715 305.02788
1715 1716 192.873579
1715 1717 463.057853
1717 1718 502.31867
1717 1719 1
1714 1720 709.917407
1261 1721 0.002006
1721 1722 0.017065999999999998
1722 1723 0.068789
1723 1724 0.142172
1724 1725 0.34317200000000003
1725 1726 0.369258
1726 1727 0.996038
1727 1728 1.493571
1728 1729 3.278145
1729 1730 519.215863
1730 1731 477.63260499999996
1730 1732 477.377489
1729 1733 3.726708
1733 1734 15.625288000000001
1734 1735 25.123943999999998
1735 1736 974.87633
1735 1737 54.573587999999994
1737 1738 162.701046
1738 1739 1
1738 1740 837.2989170000001
1737 1741 945.4263750000001
1734 1742 984.374164
1733 1743 996.273764
1728 1744 998.506585
1727 1745 912.316102
1745 1746 88.02972
1745 1747 85.34589700000001
1726 1748 999.6306510000001
1725 1749 848.9257500000001
1749 1750 150.38652299999998
1749 1751 151.073794
1724 1752 813.824537
1752 1753 186.043036
1752 1754 186.10053200000002
1723 1755 0.792527
1755 1756 1.33602
1756 1757 3.4234180000000003
1757 1758 18.361584999999998
1758 1759 981.6334380000001
1758 1760 18.979422
1760 1761 899.70661
1761 1762 34.456531
1761 1763 80.882239
1763 1764 40.730056
1763 1765 53.896100999999994
1760 1766 508.751029
1766 1767 421.285964
1766 1768 371.746022
1757 1769 7.485574000000001
1769 1770 191.167536
1770 1771 775.746501
1770 1772 809.503252
1769 1773 697.133872
1773 1774 286.945943
1773 1775 307.481618
1756 1776 339.670708
1776 1777 661.294029
1776 1778 543.063281
1778 1779 1
1778 1780 94.592165
1780 1781 343.640343
1780 1782 360.764911
1755 1783 911.325963
1783 1784 88.642796
1783 1785 86.808044
1722 1786 0.022352999999999998
1786 1787 0.392966
1787 1788 955.200686
1788 1789 43.955118999999996
1788 1790 44.865778
1787 1791 0.602336
1791 1792 999.4097
1791 1793 1.531606
1793 1794 2.3898610000000002
1794 1795 2.997742
1795 1796 8.250956
1796 1797 22.680229
1797 1798 70.36744999999999
1798 1799 99.949853
1799 1800 166.80588300000002
1799 1801 900.049761
1798 1802 929.6320250000001
1797 1803 977.3199119999999
1796 1804 337.82435899999996
1804 1805 660.8939340000001
1804 1806 646.9545390000001
1795 1807 997.0024309999999
1794 1808 997.6142550000001
1793 1809 165.91991
1809 1810 369.268807
1810 1811 299.015671
1810 1812 633.934775
1809 1813 829.335234
1786 1814 0.185232
1814 1815 999.7249840000001
1814 1816 0.265868
1816 1817 0.369617
1817 1818 2.117998
1818 1819 10.297279
1819 1820 14.607154
1820 1821 985.3921449999999
1820 1822 22.166569
1822 1823 211.78694299999998
1823 1824 362.984115
1824 1825 1
1824 1826 219.438448
1826 1827 226.396774
1826 1828 203.51427
1823 1829 788.190056
1822 1830 977.833952
1819 1831 989.7029570000001
1818 1832 273.217298
1832 1833 482.82474
1833 1834 313.131748
1833 1835 173.283807
1832 1836 322.829423
1836 1837 674.898734
1836 1838 126.36157299999999
1817 1839 0.439001
1839 1840 1.50958
1840 1841 1.541792
1841 1842 13.024928999999998
1842 1843 12.135791
1843 1844 26.7808
1844 1845 132.93159400000002
1845 1846 765.6364619999999
1845 1847 866.793056
1844 1848 38.360372999999996
1848 1849 330.874751
1849 1850 78.82827300000001
1849 1851 669.1252099999999
1848 1852 976.314706
1843 1853 104.449655
1853 1854 890.0000540000001
1853 1855 842.7931199999999
1855 1856 1
1855 1857 36.972236
1842 1858 986.974985
1841 1859 677.464911
1859 1860 316.78067400000003
1859 1861 325.874177
1840 1862 160.504094
1862 1863 840.605075
1862 1864 835.4795660000001
1839 1865 151.253137
1865 1866 845.8356650000001
1865 1867 849.2219170000001
1816 1868 67.10090600000001
1868 1869 428.267605
1869 1870 436.276862
1869 1871 571.57064
1868 1872 933.168165
1721 1873 0.057855000000000004
1873 1874 999.958102
1873 1875 0.096452
1875 1876 0.174286
1876 1877 0.288616
1877 1878 30.921637
1878 1879 96.515052
1879 1880 841.054992
1879 1881 763.383702
1881 1882 266.045708
1881 1883 9.882493
1878 1884 969.853636
1877 1885 1.442059
1885 1886 275.790271
1886 1887 719.4843020000001
1886 1888 726.0523430000001
1885 1889 5.326032
1889 1890 8.836506
1890 1891 39.782041
1891 1892 190.200011
1892 1893 231.036922
1893 1894 408.942427
1893 1895 684.177678
1892 1896 487.114084
1896 1897 122.48265599999999
1897 1898 38.392133
1897 1899 38.084431
1896 1900 294.116496
1891 1901 161.045269
1901 1902 666.888335
1901 1903 819.428984
1890 1904 193.636156
1904 1905 821.9383499999999
1904 1906 446.821315
1906 1907 504.358487
1906 1908 148.234997
1889 1909 72.289666
1909 1910 917.3285619999999
1909 1911 927.4323009999999
1876 1912 999.8282959999999
1875 1913 999.898429
638 1914 0.146342
1914 1915 0.44193799999999994
1915 1916 0.643364
1916 1917 1.2480849999999999
1917 1918 7.405481
1918 1919 768.801115
1919 1920 210.52881499999998
1919 1921 237.053095
1918 1922 10.865244
1922 1923 989.136386
1922 1924 27.031164
1924 1925 305.858065
1925 1926 504.944019
1925 1927 632.9053349999999
1924 1928 972.968797
1917 1929 699.579079
1929 1930 295.628828
1929 1931 302.725911
1916 1932 798.070937
1932 1933 202.760678
1932 1934 159.247516
1934 1935 1
1934 1936 113.991637
1915 1937 999.5610129999999
1914 1938 0.259524
1938 1939 0.746443
1939 1940 2.102867
1940 1941 9.617244
1941 1942 102.00361899999999
1942 1943 184.487076
1943 1944 531.796171
1943 1945 815.5008540000001
1942 1946 897.996707
1941 1947 990.4151280000001
1940 1948 6.932579
1948 1949 21.768276
1949 1950 970.963646
1949 1951 960.086026
1948 1952 35.278384
1952 1953 676.784666
1953 1954 302.04508300000003
1954 1955 1
1954 1956 46.249790000000004
1953 1957 200.260127
1957 1958 46.945973
1958 1959 86.126289
1958 1960 6.092054
1960 1961 7.984088
1960 1962 2.398405
1957 1963 1
1952 1964 968.368588
1939 1965 110.168422
1965 1966 124.952741
1966 1967 876.108541
1966 1968 654.575508
1965 1969 888.153542
1938 1970 10.979484000000001
1970 1971 40.709482
1971 1972 54.609043
1972 1973 906.106025
1972 1974 328.254432
1974 1975 686.116442
1974 1976 70.707172
1976 1977 395.592709
1977 1978 1
1977 1979 496.489006
1976 1980 72.670466
1971 1981 310.47643800000003
1981 1982 431.237168
1982 1983 171.046742
1983 1984 60.575682
1984 1985 1
1984 1986 139.027997
1983 1987 32.664120000000004
1982 1988 114.310548
1981 1989 156.089743
1989 1990 444.55954
1989 1991 619.7729790000001
1970 1992 166.31434199999998
1992 1993 809.428605
1992 1994 833.689631
1 1995 900.702072
1995 1996 99.76401
1995 1997 1
1 1998 939.7115550000001
