15652 8
25303 12
9712 14
26627 15
20315 16
12282 18
31156 20
2385 21
9660 23
4055 24
28623 25
13420 26
25004 28
5745 29
10332 40
8909 41
6346 43
19193 44
31417 48
11695 49
31356 50
19690 54
10669 55
21175 56
22647 59
4741 60
12251 61
883 64
637 65
29313 69
15402 71
20048 72
6225 75
27283 80
3415 81
25578 84
18042 85
30620 87
29730 88
3706 93
27869 97
366 99
12489 100
30682 101
29475 102
7583 103
1726 104
7453 105
10186 109
18960 112
25302 113
6940 114
23982 115
13157 117
10155 119
23648 120
31341 121
11117 123
9512 124
19654 129
25002 130
66 131
24689 133
1584 135
19459 136
3855 138
23092 139
11603 142
1888 144
29003 145
30099 149
4355 150
5567 152
17928 154
3203 156
3818 157
14476 160
9005 161
5775 162
25548 167
7781 168
3193 169
19048 170
21965 171
22290 174
19276 175
25619 177
12928 178
23309 179
11687 190
16223 191
27680 193
17795 194
19184 195
25865 199
18702 200
29938 201
5194 202
10664 205
13679 206
4230 207
15296 209
8679 210
29575 213
27393 216
14233 217
6621 218
12989 220
24537 222
28964 223
26960 227
21771 228
19212 231
12847 232
15286 234
3131 235
1921 237
1063 238
17748 242
11015 247
29242 248
22623 249
2336 251
29508 254
6924 255
31134 256
1691 257
6609 259
28805 260
25338 263
4037 264
1797 267
19950 268
6192 271
23529 272
3852 274
26199 275
15951 286
11876 287
8094 288
11821 289
9149 290
23996 291
13214 294
24922 295
12041 297
7597 298
11353 303
4129 304
8589 306
13008 309
3021 310
28844 311
20530 312
25120 316
2697 318
15255 319
13280 320
7604 326
11574 327
11136 329
14182 330
6224 331
27617 332
26069 333
30577 342
23523 343
7743 344
1897 345
23974 346
28036 348
13575 349
718 357
4532 358
29960 359
19051 360
6817 361
11612 362
14615 364
13531 366
1500 367
230 368
15373 372
5082 377
31082 378
28972 379
26843 380
25238 382
20319 383
12836 384
882 391
8928 393
2980 395
23317 397
22122 399
7356 401
15819 402
28603 403
29943 404
21699 405
24804 406
27927 407
3860 415
29266 416
23123 417
20377 418
26465 422
12856 426
5831 427
29318 428
20743 429
22600 431
7418 433
12986 434
8770 438
4663 441
10844 442
18236 443
17670 448
11035 449
27439 450
8282 453
26203 454
14942 455
27085 456
12724 457
30685 460
28177 461
20469 465
19158 466
30677 468
23914 469
16922 471
3595 472
23198 477
10401 480
25876 481
743 482
1529 485
13368 488
8666 489
19981 495
13055 496
17280 499
27587 500
24080 501
11328 502
24744 503
24848 504
15658 505
17035 507
14592 508
6784 510
18342 512
617 513
22449 516
13208 517
11812 518
27441 525
4566 526
3899 529
27224 530
15502 533
4137 536
8239 537
27679 538
29321 539
9119 540
14278 545
30058 546
21350 547
23434 552
29843 553
26984 554
1312 558
22200 562
16154 563
3435 564
18 566
26106 567
759 569
24925 570
25518 574
22311 576
26336 577
2908 578
26305 581
23470 585
6144 586
31406 587
3127 588
31435 592
21375 594
22 595
24667 599
21094 600
18082 602
23043 603
20966 605
17629 606
12231 607
21744 608
30269 610
20945 611
24428 615
7908 616
22727 617
10214 621
13969 622
2201 624
10261 625
22012 627
23139 630
13925 633
6978 634
29116 635
13360 636
3481 637
15203 647
11340 649
19175 650
7727 652
6060 653
10162 655
23336 656
14000 659
17960 661
31416 662
11428 663
11803 665
26325 667
2680 668
4410 669
11682 672
9862 673
16616 676
30554 678
16344 680
8122 684
8987 686
14311 689
29771 690
11947 691
18754 692
570 693
29812 698
30022 700
3695 701
29191 702
25674 703
1523 704
7222 718
10391 719
7385 721
8455 722
15798 723
14149 724
29801 725
26267 726
21020 727
30701 728
20609 729
23968 730
11404 732
8839 733
26618 734
31193 740
20063 748
3740 749
20708 751
17046 753
3841 754
29993 755
19843 756
28685 758
23112 759
31173 760
31039 766
22091 767
30971 770
25207 772
29056 774
10556 775
11135 779
14485 780
27600 781
13410 783
27574 785
1482 786
29684 788
5386 789
16598 791
30054 792
19300 794
27278 796
11583 798
10012 801
31086 802
4934 803
23447 807
19971 808
22949 809
9541 813
231 814
9168 818
3182 819
15481 821
24907 823
18100 824
8574 826
2858 827
6022 828
7574 832
21671 835
12616 842
20699 843
18202 844
3064 845
2924 847
16774 849
29197 850
20480 851
16532 852
15906 854
11742 855
27250 857
27982 858
15723 859
1773 864
7133 865
11767 866
28052 874
29523 875
20471 876
9565 877
17080 878
11279 883
24715 884
20603 885
4228 886
14341 887
28486 889
16437 890
23828 891
11758 899
25944 900
8135 901
21691 902
23327 903
23915 908
5895 911
12974 913
16122 915
21180 916
6721 919
1448 920
19378 921
25367 924
7020 925
29209 927
9013 928
18376 929
14980 930
11026 934
10713 937
14096 938
20753 939
12831 941
3093 942
4758 943
30638 945
26379 947
27382 948
20942 957
8645 958
168 963
9708 965
14079 967
2051 969
6737 971
12985 973
12656 975
11006 977
2306 979
25003 981
30313 982
15054 983
14601 985
8174 986
4340 987
2400 988
12722 989
3075 995
14902 997
12710 998
6698 1000
15034 1001
48 1005
11374 1006
29937 1008
4807 1009
14429 1014
30314 1017
26244 1020
10802 1021
1870 1022
14821 1023
16726 1024
13373 1025
16767 1027
12483 1028
1656 1033
15749 1034
6107 1036
27317 1037
26582 1038
11658 1042
1237 1046
22041 1048
728 1049
15678 1050
14749 1051
18061 1052
19069 1053
30303 1055
21250 1056
28118 1071
29042 1072
7072 1074
3311 1075
2431 1076
14105 1077
16875 1078
27118 1079
24000 1080
31493 1081
29652 1082
28808 1083
13249 1085
25464 1086
28952 1088
18573 1089
13340 1095
27427 1105
19771 1106
25554 1107
14249 1108
26270 1109
29347 1110
11514 1111
26064 1112
2612 1115
28526 1116
2931 1117
21886 1118
26602 1120
27653 1121
21652 1123
28022 1124
26598 1127
1132 1128
28948 1131
15184 1134
23443 1135
9002 1136
1550 1137
7775 1143
4572 1144
31345 1145
8056 1149
12625 1150
845 1154
4127 1155
20884 1156
27026 1157
5138 1158
151 1159
22864 1160
13587 1163
28693 1164
19647 1165
30238 1168
1215 1176
15927 1178
13469 1180
21669 1183
4114 1185
13962 1186
13999 1187
17530 1188
1826 1189
17182 1190
1244 1191
23500 1192
15432 1193
17418 1198
12753 1204
30817 1205
20287 1207
2953 1209
24304 1210
9478 1212
18655 1213
25305 1216
7976 1217
20889 1218
26698 1220
12289 1221
1829 1224
10444 1225
8429 1226
15383 1229
30933 1231
16349 1232
9391 1235
16007 1237
1361 1238
14766 1239
29704 1241
31437 1244
21091 1250
1342 1251
20832 1253
15051 1255
319 1256
959 1257
16095 1258
14487 1259
18051 1260
21642 1272
5266 1273
19166 1274
31054 1279
20843 1280
6031 1281
20260 1282
25910 1285
6018 1287
22479 1291
7212 1292
18759 1293
13526 1294
25634 1295
9659 1299
11775 1300
17915 1304
16873 1305
6331 1306
20265 1307
17216 1309
13293 1311
3622 1312
21111 1316
12646 1317
27416 1320
27925 1321
21740 1322
15791 1323
25581 1326
5754 1328
22417 1329
17605 1332
22066 1336
416 1338
10117 1340
6840 1341
23624 1342
8966 1343
29773 1346
19114 1347
13584 1348
23329 1355
24124 1356
29915 1361
14986 1363
29043 1365
23712 1366
6481 1371
11781 1372
6078 1375
28440 1376
5389 1377
23651 1379
14673 1380
1948 1383
7068 1385
276 1386
24617 1392
22740 1396
8725 1397
24827 1398
15517 1400
23792 1401
3325 1402
23956 1405
24378 1406
25399 1407
20895 1408
20543 1411
25921 1415
19773 1416
29723 1417
12665 1419
9925 1420
6155 1421
4984 1425
17378 1426
27196 1429
1907 1431
8127 1432
8039 1433
23541 1436
24057 1437
1169 1438
29446 1440
14996 1442
30763 1444
29394 1445
28239 1447
21009 1448
1657 1449
8321 1450
22018 1455
8369 1457
21668 1458
5921 1459
30279 1464
2576 1465
17860 1466
18828 1468
25123 1470
26957 1471
27206 1473
29183 1474
14372 1475
18220 1478
23505 1482
28726 1488
20877 1489
15742 1490
22532 1491
25847 1492
26997 1493
5285 1494
3624 1495
11616 1496
2124 1504
8555 1506
11651 1509
10817 1510
21479 1512
15351 1513
4226 1514
20457 1519
13525 1520
12867 1521
6619 1522
8755 1523
6263 1525
24245 1526
25055 1531
18485 1534
29392 1541
24134 1543
3122 1545
10618 1546
10282 1547
25949 1548
19594 1551
24463 1552
6343 1553
24462 1556
28788 1557
18437 1558
17062 1560
27433 1561
1314 1562
24644 1563
20815 1564
27811 1565
19730 1572
6184 1573
19856 1575
1252 1576
20692 1577
6858 1580
8000 1581
30329 1582
12430 1583
24235 1584
14518 1592
6595 1593
25069 1594
29362 1596
28746 1597
26792 1598
22163 1600
21629 1601
14334 1602
281 1608
17664 1610
11271 1611
15275 1612
23378 1615
15486 1616
10877 1619
29203 1620
74 1621
9875 1622
4285 1623
15697 1635
14168 1636
2330 1637
27347 1638
9432 1640
18168 1641
21506 1642
8031 1643
6161 1644
27486 1645
8484 1649
2900 1650
8439 1651
2237 1656
28343 1657
14772 1658
12706 1659
13832 1661
31495 1662
29153 1663
27919 1670
26252 1672
25038 1673
29264 1675
12037 1676
24596 1678
9258 1679
20796 1681
9762 1682
6482 1688
3102 1689
9259 1690
26066 1693
27723 1694
16530 1695
22409 1696
8998 1697
6027 1705
25472 1706
30684 1707
12720 1709
31042 1710
2861 1711
20019 1712
4447 1713
13226 1716
17689 1718
24160 1719
22326 1720
4861 1731
29202 1732
21998 1736
27476 1739
29257 1740
9914 1741
28706 1742
15812 1743
7765 1744
27743 1746
30153 1747
31030 1748
26521 1750
27863 1751
2634 1753
29436 1754
13690 1759
2308 1762
13381 1764
18712 1765
25331 1767
24985 1768
22375 1771
3760 1772
25259 1774
22531 1775
15365 1777
19688 1779
28195 1781
29438 1782
26567 1784
19665 1785
21944 1789
4541 1790
11396 1792
19649 1800
2188 1801
19564 1802
27130 1803
1872 1805
11147 1806
1216 1807
19320 1808
22784 1811
252 1812
1730 1813
1741 1815
6156 1821
6732 1825
12461 1827
27868 1828
15868 1829
4604 1830
22522 1831
836 1834
9332 1835
23078 1837
25246 1838
9759 1846
15577 1847
20493 1850
21318 1851
1423 1852
13560 1854
12243 1856
8410 1857
15769 1858
28074 1860
3137 1861
3392 1863
29686 1864
30242 1866
14870 1867
809 1870
4413 1871
7898 1872
1984 1874
24597 1880
12541 1882
22618 1883
25573 1884
25453 1887
5047 1888
20232 1894
14874 1895
23023 1898
3234 1899
29908 1900
23067 1902
3030 1903
6 1905
13458 1907
6317 1908
7036 1910
865 1911
812 1912
24483 1913
26126 1920
10440 1921
26922 1923
12812 1926
12478 1927
7163 1928
7810 1930
28920 1931
1190 1933
2464 1935
11837 1936
8339 1937
10589 1944
26247 1945
1721 1946
5056 1947
2052 1950
6665 1951
10105 1955
25600 1956
9214 1959
10425 1961
17737 1962
14199 1963
24475 1964
4507 1967
3911 1968
2620 1969
30745 1973
17731 1975
27826 1978
11752 1979
31155 1980
14557 1985
20813 1986
26915 1987
13916 1988
3103 1990
30071 1991
4449 1993
335 1994
14394 1996
28478 1997
19267 1998
