1 2 0.013121
2 3 0.001893
3 4 0.00021600000000000002
4 5 0.000276
5 6 0.000984
6 7 0.003895
7 8 0.022112
8 9 0.032599
9 10 999.967401
9 11 0.232766
11 12 999.7672339999999
11 13 0.41358
13 14 999.58642
13 15 0.827304
15 16 1.225551
16 17 2.995386
17 18 997.004614
17 19 8.622807
19 20 814.019641
20 21 172.54312199999998
20 22 182.17198
19 23 15.033737
23 24 80.465358
24 25 321.74845799999997
25 26 622.679629
25 27 147.954575
24 28 915.314886
23 29 984.966252
16 30 998.774457
15 31 999.17268
8 32 4.266106
32 33 995.7399049999999
32 34 995.683659
7 35 999.9966629999999
6 36 0.005931
36 37 0.042881
37 38 0.063118
38 39 0.364628
39 40 0.5284559999999999
40 41 1.73319
41 42 3.24785
42 43 9.663934000000001
43 44 23.048504
44 45 30.237489
45 46 70.275375
46 47 464.19008899999994
46 48 929.7246250000001
45 49 969.762511
44 50 976.951496
43 51 990.3360660000001
42 52 996.7521530000001
41 53 998.266806
40 54 999.4728560000001
39 55 1.788353
55 56 2.529209
56 57 997.969774
56 58 4.6500010000000005
58 59 34.144299000000004
59 60 52.225449000000005
60 61 947.776796
60 62 130.826187
62 63 487.768081
62 64 869.173779
59 65 965.8512119999999
58 66 995.349998
55 67 997.3994210000001
38 68 999.936879
37 69 999.9571189999999
36 70 999.9941279999999
5 71 0.000703
71 72 0.00131
72 73 0.000908
73 74 0.000852
74 75 0.0028269999999999997
75 76 0.00594
76 77 0.008652
77 78 0.021299000000000002
78 79 0.050225
79 80 0.151629
80 81 0.813002
81 82 2.535813
82 83 997.474899
82 84 10.846728
84 85 12.018329
85 86 34.705462
86 87 69.051
87 88 74.920963
88 89 925.079021
88 90 198.298547
87 91 930.9490000000001
86 92 965.294538
85 93 987.981671
84 94 989.153272
81 95 45.052771
95 96 688.485587
96 97 217.37218399999998
96 98 311.524341
95 99 955.291759
80 100 999.8813480000001
79 101 0.463095
101 102 1.298059
102 103 4.444221000000001
103 104 9.868934
104 105 20.751864
105 106 59.127039999999994
106 107 268.836574
107 108 306.184072
107 109 731.210381
106 110 940.7790500000001
105 111 979.2482420000001
104 112 990.130852
103 113 995.5558090000001
102 114 42.036361
114 115 132.54471
115 116 867.4552889999999
115 117 777.563212
114 118 958.531295
101 119 0.894382
119 120 9.7287
120 121 15.830658999999999
121 122 88.337008
122 123 236.573771
123 124 763.493027
123 125 417.734818
122 126 911.5443750000001
121 127 984.651525
120 128 293.376767
128 129 708.295559
128 130 683.587937
119 131 998.9451559999999
78 132 0.10459899999999998
132 133 0.155589
133 134 1.036829
134 135 998.963171
134 136 2.17679
136 137 5.021814
137 138 10.572451
138 139 37.27104
139 140 287.232525
140 141 592.62844
140 142 742.811708
139 143 57.402187000000005
143 144 727.213121
143 145 946.485717
138 146 991.534628
137 147 574.6457310000001
147 148 403.174325
147 149 429.252737
136 150 10.430596
150 151 85.816255
151 152 890.7140959999999
151 153 109.60347999999999
153 154 903.194074
153 155 701.786581
150 156 51.458853000000005
156 157 950.6491450000001
156 158 541.353217
158 159 300.435942
158 160 458.460266
133 161 999.879802
132 162 0.674253
162 163 1.13048
163 164 6.4397969999999995
164 165 10.535105999999999
165 166 79.33033999999999
166 167 857.414754
166 168 920.669668
165 169 56.938714000000004
169 170 912.703651
169 171 374.91012
171 172 645.751578
171 173 512.482241
164 174 20.49173
174 175 246.973609
175 176 762.9531049999999
175 177 705.793146
174 178 58.09505299999999
178 179 941.9129
178 180 864.851793
163 181 12.660955
181 182 53.034594999999996
182 183 948.827348
182 184 91.605757
184 185 778.677607
184 186 881.0174890000001
181 187 92.856753
187 188 164.569458
188 189 849.119112
188 190 628.5680179999999
187 191 879.770192
162 192 3.5572930000000005
192 193 17.570198
193 194 18.994888
194 195 153.770081
195 196 782.284834
195 197 871.823709
194 198 136.481448
198 199 863.6088259999999
198 200 722.3403069999999
193 201 983.317437
192 202 32.477424
202 203 143.76275700000002
203 204 772.573177
203 205 857.124876
202 206 965.8378349999999
77 207 0.025348
207 208 0.16852
208 209 0.29984500000000003
209 210 1.4167779999999999
210 211 2.158306
211 212 3.833582
212 213 17.408973
213 214 23.155946999999998
214 215 70.656893
215 216 929.3430450000001
215 217 660.927202
214 218 976.844052
213 219 982.59268
212 220 78.412516
220 221 906.516472
220 222 929.266769
211 223 997.559642
210 224 998.591539
209 225 0.8749210000000001
225 226 2.117391
226 227 7.451335
227 228 37.520358
228 229 48.314786999999995
229 230 58.853376000000004
230 231 565.3227979999999
230 232 941.146581
229 233 951.685213
228 234 962.480194
227 235 992.547561
226 236 998.2256299999999
225 237 23.070406
237 238 58.727433
238 239 890.537448
238 240 941.612385
237 241 976.393961
208 242 184.99676499999998
242 243 814.4740840000001
242 244 814.997875
207 245 1.051471
245 246 1.117456
246 247 2.037845
247 248 91.744346
248 249 911.6080759999999
248 250 900.628584
247 251 3.468992
251 252 426.37523
252 253 557.9943000000001
252 254 582.4170439999999
251 255 11.186346
255 256 161.822391
256 257 742.675964
256 258 827.299498
255 259 988.809893
246 260 998.881926
245 261 649.34647
261 262 348.537508
261 263 350.709913
76 264 0.057249999999999995
264 265 0.14354999999999998
265 266 999.857691
265 267 0.2447
267 268 1.932731
268 269 7.412167999999999
269 270 992.587832
269 271 50.827692
271 272 64.032816
272 273 936.562668
272 274 784.149646
271 275 947.9813399999999
268 276 883.449337
276 277 112.77185700000001
276 278 117.14938800000002
267 279 1.891686
279 280 5.519509
280 281 56.128941
281 282 165.040211
282 283 689.569291
282 284 834.961382
281 285 161.799042
285 286 848.059606
285 287 722.3807400000001
280 288 30.030867999999998
288 289 952.041782
288 290 98.099622
290 291 911.159373
290 292 83.830818
292 293 778.351317
292 294 222.35593100000003
294 295 101.395081
294 296 846.553774
279 297 2.133857
297 298 30.710908999999997
298 299 71.772161
299 300 121.080579
300 301 878.919254
300 302 580.1017889999999
299 303 930.132964
298 304 733.78844
304 305 197.00422500000002
304 306 268.218369
297 307 7.268178
307 308 29.890301
308 309 968.758373
308 310 38.540186999999996
310 311 962.135433
310 312 842.621771
307 313 44.987998000000005
313 314 959.9676199999999
313 315 939.33662
264 316 999.9456090000001
75 317 0.003018
317 318 0.013829000000000001
318 319 999.9943370000001
318 320 0.065107
320 321 0.136346
321 322 1.7098220000000002
322 323 1.810682
323 324 998.1909780000001
323 325 13.945482
325 326 49.675234
326 327 942.141137
326 328 102.055563
328 329 749.191859
328 330 856.9398279999999
325 331 986.054518
322 332 21.756032
332 333 974.649232
332 334 978.564062
321 335 0.703037
335 336 18.823418
336 337 122.21784
337 338 838.830321
337 339 878.9396119999999
336 340 31.090325000000004
340 341 968.958709
340 342 36.549384
342 343 816.801381
342 344 962.5804690000001
335 345 1.943891
345 346 2.42508
346 347 997.576964
346 348 3.752409
348 349 18.697642000000002
349 350 162.268473
350 351 405.48363
351 352 411.85129800000004
351 353 200.855926
350 354 839.13862
349 355 94.462187
355 356 840.74121
355 357 927.3104529999999
348 358 996.247378
345 359 30.350418
359 360 40.633469
360 361 892.587174
360 362 392.308809
362 363 641.08087
362 364 488.11442999999997
359 365 970.658321
320 366 1.279294
366 367 8.858952
367 368 11.019201
368 369 55.003102000000005
369 370 911.006556
369 371 956.717291
368 372 115.63741
372 373 815.384719
372 374 884.420476
367 375 991.1410480000001
366 376 998.753187
317 377 0.007937
377 378 0.017106
378 379 0.224391
379 380 0.8132870000000001
380 381 621.949706
381 382 376.12682
381 383 378.362806
380 384 3.109339
384 385 9.149838
385 386 19.140839
386 387 23.603490999999998
387 388 31.643569
388 389 968.355525
388 390 59.958935999999994
390 391 940.041517
390 392 291.78433
387 393 976.396508
386 394 980.8591610000001
385 395 990.850162
384 396 996.890851
379 397 0.30641599999999997
397 398 11.696974
398 399 44.089963
399 400 57.943087000000006
400 401 942.056915
400 402 69.101456
402 403 535.50796
402 404 930.8985440000001
399 405 956.176799
398 406 987.7771299999999
397 407 1.235312
407 408 0.334231
408 409 5.6105849999999995
409 410 25.948148999999997
410 411 48.272722
411 412 346.452679
412 413 653.5465280000001
412 414 393.386592
411 415 954.52367
410 416 59.334184
416 417 240.643471
417 418 759.356529
417 419 500.96909700000003
416 420 947.445044
409 421 18.286044
421 422 88.476589
422 423 308.40330800000004
423 424 698.3747529999999
423 425 418.79008699999997
422 426 897.966497
421 427 984.511139
408 428 35.191331
428 429 43.412653
429 430 959.2942009999999
429 431 879.1267510000001
428 432 959.813855
407 433 2.6500429999999997
433 434 997.8882150000001
433 435 3.0514550000000003
435 436 11.883617000000001
436 437 57.779537999999995
437 438 942.220163
437 439 62.214418
439 440 668.009841
439 441 937.7857309999999
436 442 988.116383
435 443 996.9485450000001
378 444 0.042101
444 445 0.029597
445 446 0.784136
446 447 999.2512879999999
446 448 2.580432
448 449 5.8284210000000005
449 450 15.108292
450 451 28.242861
451 452 117.37180000000001
452 453 882.625043
452 454 179.987044
454 455 114.162102
454 456 820.0144180000001
451 457 971.7571389999999
450 458 984.891708
449 459 994.256253
448 460 997.250221
445 461 0.21508399999999997
461 462 0.24489300000000003
462 463 1.9775859999999998
463 464 998.022414
463 465 12.396552
465 466 987.603448
465 467 15.638743
467 468 42.349902
468 469 957.657017
468 470 194.016028
470 471 805.983952
470 472 494.35962
467 473 984.347421
462 474 999.755107
461 475 999.8376840000001
444 476 0.215064
476 477 0.522842
477 478 1.934013
478 479 16.957731000000003
479 480 236.802263
480 481 728.455828
480 482 766.472744
479 483 46.92534
483 484 953.099662
483 485 908.382722
478 486 13.363779000000001
486 487 986.7045909999999
486 488 61.566259
488 489 723.3189140000001
489 490 254.999619
489 491 113.96830899999999
488 492 108.74103699999999
492 493 737.977068
492 494 893.0808519999999
477 495 8.566609
495 496 991.8445370000001
495 497 39.261964
497 498 809.790219
498 499 91.638961
498 500 170.16288600000001
497 501 960.7380380000001
476 502 999.8004460000001
377 503 0.009614
503 504 0.043153000000000004
504 505 0.12022300000000001
505 506 0.752025
506 507 1.861189
507 508 998.134378
507 509 2.783737
509 510 3.658767
510 511 26.27505
511 512 122.63681
512 513 194.278789
513 514 805.7212079999999
513 515 237.97047400000002
512 516 877.363195
511 517 973.725003
510 518 996.3411060000001
509 519 997.218479
506 520 76.10666699999999
520 521 924.195131
520 522 922.1700979999999
505 523 1.265015
523 524 5.403271
524 525 17.090381
525 526 524.90857
526 527 432.82339500000006
526 528 483.164268
525 529 64.010165
529 530 935.993444
529 531 196.26423
531 532 737.227569
531 533 609.214456
524 534 994.863812
523 535 9.180238000000001
535 536 19.081743
536 537 45.988105000000004
537 538 954.011792
537 539 60.913382999999996
539 540 690.026128
539 541 939.086474
536 542 982.617931
535 543 217.168441
543 544 760.584605
543 545 779.931117
504 546 999.9797120000001
503 547 0.32925
547 548 1.5425980000000001
548 549 6.236013
549 550 989.163366
549 551 24.548012
551 552 55.343925999999996
552 553 66.305064
553 554 665.9048280000001
553 555 933.694936
552 556 944.6603339999999
551 557 977.7676250000001
548 558 2.993058
558 559 4.888981
559 560 995.1460470000001
559 561 13.981314000000001
561 562 986.0186860000001
561 563 53.571695
563 564 94.38596299999999
564 565 905.615115
564 566 598.287085
563 567 946.426149
558 568 997.313201
547 569 0.939363
569 570 2.98416
570 571 3.863709
571 572 5.697402
572 573 994.302807
572 574 31.028298999999997
574 575 968.9717019999999
574 576 31.176346
576 577 88.977166
577 578 911.005823
577 579 415.05880399999995
576 580 968.8231740000001
571 581 996.135872
570 582 997.01584
569 583 999.1080529999999
74 584 0.0045899999999999995
584 585 0.011749
585 586 0.027959
586 587 0.05955
587 588 0.190794
588 589 0.555312
589 590 0.685368
590 591 4.9111910000000005
591 592 995.088809
591 593 6.538679999999999
593 594 8.786629999999999
594 595 140.243526
595 596 890.82002
595 597 811.118764
594 598 28.066001
598 599 181.631237
599 600 478.57783100000006
599 601 818.3687409999999
598 602 971.9342250000001
593 603 993.4613199999999
590 604 999.314632
589 605 999.5004610000001
588 606 5.841742
606 607 993.6675210000001
606 608 10.577109
608 609 34.482979
609 610 136.950222
610 611 862.9230279999999
610 612 739.899721
609 613 971.6608259999999
608 614 16.585405
614 615 983.532233
614 616 95.47618100000001
616 617 904.523963
616 618 780.891863
587 619 0.11556
619 620 0.960478
620 621 4.263692
621 622 11.358703
622 623 18.737979
623 624 35.600274999999996
624 625 314.494811
625 626 754.36761
625 627 545.441774
624 628 176.74757400000001
628 629 823.252237
628 630 476.60237700000005
623 631 981.2621160000001
622 632 988.641108
621 633 995.802991
620 634 47.549996
634 635 952.62744
634 636 104.32777099999998
636 637 893.372084
636 638 798.360549
619 639 4.505345999999999
639 640 13.699062000000001
640 641 986.300984
640 642 17.740524999999998
642 643 76.38603400000001
643 644 794.4845670000001
643 645 923.260285
642 646 982.259472
639 647 52.036258000000004
647 648 948.1950879999999
647 649 938.8561940000001
586 650 999.976989
585 651 66.21136800000001
651 652 933.751541
651 653 933.792418
584 654 0.005787
654 655 0.027989999999999998
655 656 0.114634
656 657 0.189768
657 658 2.399178
658 659 339.16566600000004
659 660 661.3829039999999
659 661 655.577972
658 662 2.708671
662 663 5.212867999999999
663 664 39.110422
664 665 299.889316
665 666 699.326643
665 667 524.931222
664 668 240.575415
668 669 783.860178
668 670 656.767567
663 671 27.887214999999998
671 672 373.819416
672 673 574.804104
672 674 641.00515
671 675 130.045934
675 676 774.1042659999999
675 677 869.954191
662 678 37.839407
678 679 271.89982100000003
679 680 634.683727
679 681 728.10018
678 682 965.6121750000001
657 683 4.84444
683 684 995.2226509999999
683 685 17.382814
685 686 63.269603
686 687 115.29297199999999
687 688 644.67269
687 689 884.706995
686 690 936.730397
685 691 982.662181
656 692 0.754451
692 693 692.184319
693 694 307.962281
693 695 306.273412
692 696 16.226396
696 697 983.773604
696 698 39.144889
698 699 960.8551110000001
698 700 150.497977
700 701 849.209695
700 702 698.670709
655 703 0.390786
703 704 1.1213570000000002
704 705 1.502011
705 706 3.092457
706 707 4.306585
707 708 19.996438
708 709 59.677195000000005
709 710 139.04480900000001
710 711 391.028603
710 712 860.955384
709 713 940.3321950000001
708 714 979.984013
707 715 995.6934150000001
706 716 996.907543
705 717 998.4983550000001
704 718 998.895237
703 719 1.7071159999999999
719 720 143.931102
720 721 850.8700299999999
720 722 856.035595
719 723 998.3557490000001
654 724 0.26590400000000003
724 725 0.273062
725 726 0.40905
726 727 0.457317
727 728 2.043161
728 729 8.860465
729 730 991.1395349999999
729 731 43.396839
731 732 956.603161
731 733 63.217456000000006
733 734 165.79773600000001
734 735 834.2022529999999
734 736 280.53576499999997
733 737 936.7820610000001
728 738 997.9568390000001
727 739 999.5426829999999
726 740 999.591661
725 741 184.611083
741 742 814.5498690000001
741 743 815.678996
724 744 999.7452279999999
73 745 0.004825
745 746 0.030227
746 747 0.051841
747 748 1.011309
748 749 998.900274
748 750 1.328452
750 751 998.7343320000001
750 752 2.991541
752 753 22.874548
753 754 44.139821
754 755 962.3683460000001
754 756 62.758092
756 757 716.774033
756 758 937.2419150000001
753 759 109.09343600000001
759 760 894.37989
759 761 815.7078730000001
752 762 996.952001
747 763 0.148638
763 764 0.411082
764 765 1.441035
765 766 87.108525
766 767 908.780299
766 768 914.120581
765 769 2.142573
769 770 8.92946
770 771 23.039241
771 772 74.702034
772 773 319.45820399999997
773 774 673.293732
773 775 215.736103
772 776 925.297968
771 777 976.9607560000001
770 778 991.0705399999999
769 779 997.8574269999999
764 780 999.588918
763 781 999.8594519999999
746 782 999.9728470000001
745 783 0.21622
783 784 0.458084
784 785 2.969799
785 786 997.02889
785 787 13.433134999999998
787 788 798.2025160000001
788 789 206.61807799999997
788 790 170.080798
787 791 42.594530000000006
791 792 106.84505200000001
792 793 893.153383
792 794 138.940586
794 795 859.6719650000001
794 796 293.762765
791 797 957.412886
784 798 999.5419350000001
783 799 161.963923
799 800 838.046623
799 801 837.5961249999999
72 802 0.010825
802 803 0.22149000000000002
803 804 0.31733
804 805 999.6826699999999
804 806 3.1294259999999996
806 807 5.853972000000001
807 808 7.637341999999999
808 809 992.362658
808 810 14.874968999999998
810 811 63.88774
811 812 936.11226
811 813 752.9893529999999
810 814 985.1250309999999
807 815 994.1460279999999
806 816 996.870574
803 817 999.7814979999999
802 818 0.030602999999999998
818 819 0.14482
819 820 4.518296
820 821 9.884305
821 822 41.09854
822 823 43.880394
823 824 222.14603
824 825 367.35189199999996
824 826 777.82706
823 827 956.3713140000001
822 828 958.398043
821 829 990.1156950000001
820 830 995.482129
819 831 12.26858
831 832 13.650815
832 833 961.5225459999999
832 834 985.938922
831 835 987.792661
818 836 0.087852
836 837 20.570693000000002
837 838 278.498598
838 839 721.6220950000001
838 840 439.482869
840 841 90.518686
840 842 391.184501
837 843 456.71566099999995
843 844 543.043074
843 845 501.997068
836 846 0.16642600000000002
846 847 999.83369
846 848 0.582125
848 849 1.624654
849 850 15.262954
850 851 15.586611999999999
851 852 58.73511500000001
852 853 185.84313500000002
853 854 807.8539620000001
853 855 468.28380400000003
852 856 941.023478
851 857 984.413455
850 858 985.8226030000001
849 859 24.916507
859 860 32.211165
860 861 971.00089
860 862 911.406542
859 863 147.526207
863 864 796.135498
863 865 847.135357
848 866 4.468492
866 867 996.034001
866 868 4.281803
868 869 995.7182059999999
868 870 51.191604999999996
870 871 67.50027
871 872 767.138378
871 873 933.584945
870 874 946.637531
71 875 0.025074
875 876 0.053945999999999994
876 877 999.9451929999999
876 878 0.09681200000000001
878 879 2.056807
879 880 2.075527
880 881 997.9244789999999
880 882 4.063456
882 883 12.817746999999999
883 884 36.400229
884 885 115.65640800000001
885 886 140.935996
886 887 859.064007
886 888 75.638846
885 889 884.3435830000001
884 890 963.59984
883 891 987.182116
882 892 995.9365439999999
879 893 997.94318
878 894 46.574971999999995
894 895 953.536615
894 896 953.120678
875 897 999.975199
4 898 3.7e-05
898 899 0.000587
899 900 0.003964
900 901 0.080835
901 902 0.11830600000000001
902 903 0.210515
903 904 1.890269
904 905 2.1831869999999998
905 906 3.638693
906 907 11.744806
907 908 44.558868000000004
908 909 955.4411319999999
908 910 166.993821
910 911 833.006179
910 912 519.689527
907 913 145.601808
913 914 808.756119
913 915 876.550654
906 916 996.3614120000001
905 917 997.8166050000001
904 918 998.1097269999999
903 919 999.789485
902 920 248.385695
920 921 751.283642
920 922 295.282781
922 923 207.921574
922 924 621.286919
924 925 1
924 926 191.174406
901 927 999.919622
900 928 0.018089
928 929 0.002918
929 930 2.976726
930 931 5.738435
931 932 994.2229100000001
931 933 12.631186999999999
933 934 91.869117
934 935 835.5721629999999
934 936 908.162462
933 937 33.05041
937 938 978.775282
937 939 929.773863
930 940 55.666895000000004
940 941 944.3840120000001
940 942 938.347501
929 943 0.174132
943 944 999.8452970000001
943 945 0.272562
945 946 3.59871
946 947 996.4166029999999
946 948 13.757108
948 949 28.27329
949 950 59.594563
950 951 143.532385
951 952 856.467617
951 953 433.53836
950 954 940.405434
949 955 971.7356199999999
948 956 956.630011
956 957 23.642756000000002
956 958 35.547363999999995
945 959 12.069714
959 960 27.487567000000002
960 961 35.954654000000005
961 962 964.0453389999999
961 963 187.817525
963 964 527.1453819999999
963 965 812.182479
960 966 972.512435
959 967 988.151386
928 968 0.04416
968 969 0.130739
969 970 0.515876
970 971 4.9032230000000006
971 972 10.424953
972 973 43.457119999999996
973 974 66.96126100000001
974 975 933.726918
974 976 755.390593
973 977 208.697974
977 978 679.123638
977 979 813.813457
972 980 989.790534
971 981 994.6658040000001
970 982 999.555016
969 983 0.331507
983 984 3.435606
984 985 996.5643930000001
984 986 4.435626
986 987 10.902004999999999
987 988 14.578671000000002
988 989 44.199386000000004
989 990 74.800172
990 991 925.1990109999999
990 992 453.376279
989 993 955.8005870000001
988 994 985.421329
987 995 989.0980199999999
986 996 995.5643200000001
983 997 999.6823479999999
968 998 999.96168
899 999 999.999627
898 1000 0.0007
1000 1001 0.003247
1001 1002 0.005406
1002 1003 999.9951729999999
1002 1004 0.059294999999999994
1004 1005 0.14842
1005 1006 0.18546
1006 1007 0.42844
1007 1008 0.555434
1008 1009 2.1779219999999997
1009 1010 5.825428
1010 1011 994.174572
1010 1012 8.471636
1012 1013 991.528364
1012 1014 18.643421
1014 1015 39.997887999999996
1015 1016 960.0029340000001
1015 1017 180.326325
1017 1018 819.520971
1017 1019 125.617381
1014 1020 981.354934
1009 1021 997.822077
1008 1022 999.444566
1007 1023 999.5715600000001
1006 1024 999.8145400000001
1005 1025 999.85158
1004 1026 999.940705
1001 1027 0.025088999999999997
1027 1028 0.068592
1028 1029 0.181977
1029 1030 0.39844499999999994
1030 1031 3.089985
1031 1032 996.9100149999999
1031 1033 8.684796
1033 1034 991.315204
1033 1035 8.97657
1035 1036 10.785914
1036 1037 55.786804999999994
1037 1038 62.252085
1038 1039 392.95890299999996
1038 1040 937.747898
1037 1041 944.2131939999999
1036 1042 989.214203
1035 1043 991.023197
1030 1044 999.6018100000001
1029 1045 1.9939689999999999
1045 1046 2.4706289999999997
1046 1047 4.296944
1047 1048 25.753998
1048 1049 27.861378999999996
1049 1050 972.138718
1049 1051 83.190804
1051 1052 916.809197
1051 1053 88.825094
1053 1054 911.1748520000001
1053 1055 142.766115
1048 1056 974.3460990000001
1047 1057 995.502483
1046 1058 997.734846
1045 1059 997.7185159999999
1028 1060 999.9362830000001
1027 1061 0.09656200000000001
1061 1062 3.160136
1062 1063 996.5793590000001
1062 1064 34.518504
1064 1065 958.9530829999999
1064 1066 965.552915
1061 1067 1.340877
1067 1068 2.733063
1068 1069 4.219639
1069 1070 37.273934
1070 1071 72.89684
1071 1072 113.462941
1072 1073 464.004451
1072 1074 886.537051
1071 1075 927.103159
1070 1076 962.726089
1069 1077 995.780316
1068 1078 997.266937
1067 1079 42.491609000000004
1079 1080 957.6387739999999
1079 1081 954.764705
1000 1082 0.010719
1082 1083 0.080912
1083 1084 110.91311900000001
1084 1085 888.9117640000001
1084 1086 889.0968839999999
1083 1087 0.10083600000000001
1087 1088 999.899987
1087 1089 0.21028000000000002
1089 1090 999.7897200000001
1089 1091 0.609508
1091 1092 999.389972
1091 1093 1.424862
1093 1094 1.7140309999999999
1094 1095 5.087967
1095 1096 994.912033
1095 1097 22.96377
1097 1098 33.689624
1098 1099 75.438586
1099 1100 76.583385
1100 1101 1
1100 1102 923.416615
1099 1103 924.561414
1098 1104 966.3104060000001
1097 1105 977.0361680000001
1094 1106 998.285969
1093 1107 998.5753980000001
1082 1108 444.062296
1108 1109 555.938869
1108 1110 555.916257
3 1111 5.3e-05
1111 1112 5.999999999999999e-06
1112 1113 0.000202
1113 1114 0.005552
1114 1115 0.022091
1115 1116 0.048092
1116 1117 0.39052000000000003
1117 1118 1.704052
1118 1119 998.29621
1118 1120 5.1670229999999995
1120 1121 241.397718
1121 1122 743.295793
1121 1123 754.6730809999999
1120 1124 9.547037999999999
1124 1125 992.67837
1124 1126 11.707684
1126 1127 988.127388
1126 1128 12.619016
1128 1129 114.03594100000001
1129 1130 620.846262
1129 1131 885.964059
1128 1132 987.463448
1117 1133 113.097681
1133 1134 886.1064660000001
1133 1135 886.984281
1116 1136 0.182975
1136 1137 45.775437000000004
1137 1138 93.469049
1138 1139 814.119869
1138 1140 905.9324379999999
1137 1141 954.258621
1136 1142 0.376351
1142 1143 999.706122
1142 1144 0.933112
1144 1145 1.147961
1145 1146 3.29466
1146 1147 19.234673
1147 1148 29.299288
1148 1149 970.700711
1148 1150 47.327993
1150 1151 48.861052
1151 1152 313.286207
1151 1153 951.1389489999999
1150 1154 952.672004
1147 1155 980.7653280000001
1146 1156 996.705338
1145 1157 998.852039
1144 1158 999.066888
1115 1159 996.974136
1159 1160 3.003232
1159 1161 3.004298
1114 1162 999.9944579999999
1113 1163 0.0016120000000000002
1163 1164 999.998435
1163 1165 0.002483
1165 1166 999.9975170000001
1165 1167 0.01305
1167 1168 0.027631
1168 1169 0.044673
1169 1170 0.104495
1170 1171 0.330152
1171 1172 0.368913
1172 1173 0.511145
1173 1174 1.684147
1174 1175 998.3158530000001
1174 1176 2.218741
1176 1177 997.7812589999999
1176 1178 6.860937
1178 1179 7.538847
1179 1180 12.309499
1180 1181 987.6905009999999
1180 1182 206.35767500000003
1182 1183 166.215265
1182 1184 793.642325
1179 1185 992.461153
1178 1186 993.139063
1173 1187 999.4888550000001
1172 1188 999.631087
1171 1189 999.6698479999999
1170 1190 999.895505
1169 1191 999.955327
1168 1192 138.31047700000002
1192 1193 861.71591
1192 1194 861.607873
1167 1195 999.9869500000001
1112 1196 4.9999999999999996e-05
1196 1197 4.9999999999999996e-06
1197 1198 1000.0
1197 1199 1
1199 1200 1
1200 1201 1
1201 1202 1
1202 1203 1
1203 1204 1
1204 1205 1
1205 1206 1
1206 1207 1
1207 1208 1000.0
1207 1209 1000.0
1206 1210 1
1210 1211 1
1211 1212 1
1212 1213 1
1213 1214 1
1214 1215 1
1215 1216 1
1216 1217 1
1217 1218 1
1218 1219 1000.0
1218 1220 1000.0
1217 1221 1000.0
1216 1222 1
1222 1223 1
1223 1224 1000.0
1223 1225 1000.0
1222 1226 1000.0
1215 1227 1000.0
1214 1228 1
1228 1229 1
1229 1230 1
1230 1231 1
1231 1232 1
1232 1233 1000.0
1232 1234 1000.0
1231 1235 1000.0
1230 1236 1
1236 1237 1000.0
1236 1238 1000.0
1229 1239 1000.0
1228 1240 1
1240 1241 1
1241 1242 1000.0
1241 1243 1000.0
1240 1244 1000.0
1213 1245 1
1245 1246 1
1246 1247 1
1247 1248 1
1248 1249 1
1249 1250 1
1250 1251 1
1251 1252 1
1252 1253 1000.0
1252 1254 1000.0
1251 1255 56.923609
1255 1256 943.076391
1255 1257 943.076391
1250 1258 1000.0
1249 1259 1
1259 1260 1
1260 1261 1000.0
1260 1262 1000.0
1259 1263 1000.0
1248 1264 1
1264 1265 1
1265 1266 1000.0
1265 1267 1000.0
1264 1268 1000.0
1247 1269 1000.0
1246 1270 1000.0
1245 1271 1
1271 1272 1000.0
1271 1273 1
1273 1274 1
1274 1275 1
1275 1276 1000.0
1275 1277 1
1277 1278 1
1278 1279 1000.0
1278 1280 1000.0
1277 1281 1
1281 1282 1
1282 1283 1
1283 1284 1000.0
1283 1285 1000.0
1282 1286 1000.0
1281 1287 1000.0
1274 1288 1
1288 1289 1000.0
1288 1290 1000.0
1273 1291 1000.0
1212 1292 1
1292 1293 1
1293 1294 1
1294 1295 1
1295 1296 1
1296 1297 1000.0
1296 1298 1000.0
1295 1299 1000.0
1294 1300 1000.0
1293 1301 1
1301 1302 1
1302 1303 1
1303 1304 1
1304 1305 1
1305 1306 1
1306 1307 1
1307 1308 1
1308 1309 1
1309 1310 1
1310 1311 1000.0
1310 1312 1000.0
1309 1313 377.800379
1313 1314 622.199621
1313 1315 622.199621
1308 1316 1
1316 1317 1
1317 1318 1
1318 1319 1
1319 1320 1000.0
1319 1321 1000.0
1318 1322 1
1322 1323 1000.0
1322 1324 1000.0
1317 1325 1
1325 1326 1
1326 1327 1
1327 1328 1000.0
1327 1329 1000.0
1326 1330 1000.0
1325 1331 1000.0
1316 1332 1000.0
1307 1333 1000.0
1306 1334 1
1334 1335 1
1335 1336 1
1336 1337 1000.0
1336 1338 1000.0
1335 1339 1000.0
1334 1340 1
1340 1341 1
1341 1342 1
1342 1343 1
1343 1344 1000.0
1343 1345 1000.0
1342 1346 1000.0
1341 1347 1000.0
1340 1348 1
1348 1349 1
1349 1350 1
1350 1351 1
1351 1352 1
1352 1353 1
1353 1354 1000.0
1353 1355 1000.0
1352 1356 1
1356 1357 1000.0
1356 1358 1000.0
1351 1359 1000.0
1350 1360 1
1360 1361 1000.0
1360 1362 1000.0
1349 1363 1000.0
1348 1364 1000.0
1305 1365 1
1365 1366 1
1366 1367 1
1367 1368 1000.0
1367 1369 1000.0
1366 1370 1
1370 1371 1000.0
1370 1372 1000.0
1365 1373 1000.0
1304 1374 1000.0
1303 1375 1
1375 1376 1
1376 1377 1
1377 1378 1
1378 1379 1000.0
1378 1380 1000.0
1377 1381 1000.0
1376 1382 1000.0
1375 1383 1
1383 1384 1
1384 1385 1
1385 1386 1
1386 1387 1
1387 1388 1
1388 1389 1
1389 1390 1000.0
1389 1391 1000.0
1388 1392 1000.0
1387 1393 1
1393 1394 1
1394 1395 1
1395 1396 1000.0
1395 1397 1000.0
1394 1398 1000.0
1393 1399 1000.0
1386 1400 1
1400 1401 1000.0
1400 1402 1000.0
1385 1403 1
1403 1404 1
1404 1405 1000.0
1404 1406 1
1406 1407 1
1407 1408 1000.0
1407 1409 1000.0
1406 1410 1
1410 1411 1000.0
1410 1412 1000.0
1403 1413 1000.0
1384 1414 1000.0
1383 1415 1000.0
1302 1416 1
1416 1417 1000.0
1416 1418 1000.0
1301 1419 1
1419 1420 1000.0
1419 1421 1000.0
1292 1422 1000.0
1211 1423 1
1423 1424 1
1424 1425 1
1425 1426 1
1426 1427 1
1427 1428 1
1428 1429 1
1429 1430 1
1430 1431 1000.0
1430 1432 1
1432 1433 1
1433 1434 1
1434 1435 1000.0
1434 1436 1000.0
1433 1437 1000.0
1432 1438 1000.0
1429 1439 1
1439 1440 1
1440 1441 1000.0
1440 1442 1000.0
1439 1443 1000.0
1428 1444 1
1444 1445 1000.0
1444 1446 151.25394400000002
1446 1447 848.7460560000001
1446 1448 848.7460560000001
1427 1449 1000.0
1426 1450 1000.0
1425 1451 1000.0
1424 1452 1000.0
1423 1453 1000.0
1210 1454 1
1454 1455 1
1455 1456 1
1456 1457 1
1457 1458 1
1458 1459 1000.0
1458 1460 1000.0
1457 1461 1000.0
1456 1462 1
1462 1463 1
1463 1464 1
1464 1465 1
1465 1466 1
1466 1467 1
1467 1468 1000.0
1467 1469 1000.0
1466 1470 1000.0
1465 1471 1000.0
1464 1472 1
1472 1473 1
1473 1474 1
1474 1475 1
1475 1476 1000.0
1475 1477 1000.0
1474 1478 701.0440209999999
1478 1479 298.955979
1478 1480 298.955979
1473 1481 1
1481 1482 1
1482 1483 1
1483 1484 1000.0
1483 1485 1000.0
1482 1486 1000.0
1481 1487 1000.0
1472 1488 1000.0
1463 1489 1000.0
1462 1490 1000.0
1455 1491 1000.0
1454 1492 1
1492 1493 1000.0
1492 1494 1000.0
1205 1495 142.419908
1495 1496 857.580092
1495 1497 857.580092
1204 1498 1
1498 1499 1
1499 1500 1000.0
1499 1501 1
1501 1502 1000.0
1501 1503 1000.0
1498 1504 1000.0
1203 1505 1
1505 1506 5.999999999999999e-06
1506 1507 5.999999999999999e-06
1507 1508 2.1e-05
1508 1509 2.8000000000000003e-05
1509 1510 999.999972
1509 1511 6.2e-05
1511 1512 9.5e-05
1512 1513 999.9999049999999
1512 1514 0.001162
1514 1515 999.998838
1514 1516 0.0014140000000000001
1516 1517 999.998586
1516 1518 0.0015290000000000002
1518 1519 0.003066
1519 1520 0.0033599999999999997
1520 1521 0.010628
1521 1522 0.024383000000000002
1522 1523 999.9756169999999
1522 1524 0.056535
1524 1525 0.090277
1525 1526 0.41166400000000003
1526 1527 0.519498
1527 1528 1.042097
1528 1529 2.9293799999999997
1529 1530 3.374924
1530 1531 4.315589999999999
1531 1532 4.635076
1532 1533 6.001049
1533 1534 25.749193999999996
1534 1535 1
1534 1536 974.250806
1533 1537 993.998951
1532 1538 995.3649240000001
1531 1539 995.68441
1530 1540 996.6250759999999
1529 1541 997.0706200000001
1528 1542 998.957903
1527 1543 999.4805019999999
1526 1544 999.588336
1525 1545 999.909723
1524 1546 999.943465
1521 1547 118.68923199999999
1547 1548 881.2561880000001
1547 1549 881.344093
1520 1550 999.99664
1519 1551 999.996934
1518 1552 999.998471
1511 1553 999.999938
1508 1554 999.9999779999999
1507 1555 999.999994
1506 1556 999.999994
1505 1557 1
1557 1558 1
1558 1559 1
1559 1560 1
1560 1561 2e-06
1561 1562 4e-06
1562 1563 4e-06
1563 1564 8e-06
1564 1565 3.3e-05
1565 1566 5.7999999999999994e-05
1566 1567 8.2e-05
1567 1568 8.9e-05
1568 1569 999.9999109999999
1568 1570 0.000127
1570 1571 999.999873
1570 1572 0.00022400000000000002
1572 1573 0.00047500000000000005
1573 1574 0.000654
1574 1575 0.00216
1575 1576 0.002948
1576 1577 0.0036269999999999996
1577 1578 0.007600000000000001
1578 1579 999.9924
1578 1580 0.041497
1580 1581 999.9585030000001
1580 1582 0.052147
1582 1583 0.110697
1583 1584 0.118979
1584 1585 0.358831
1585 1586 1.178846
1586 1587 2.6138209999999997
1587 1588 5.860715
1588 1589 9.917306
1589 1590 30.119311999999997
1590 1591 969.880688
1590 1592 33.140398999999995
1592 1593 1
1592 1594 966.859601
1589 1595 990.082694
1588 1596 994.139285
1587 1597 997.3861790000001
1586 1598 998.821154
1585 1599 999.641169
1584 1600 999.881021
1583 1601 652.390031
1601 1602 347.838168
1601 1603 347.16037700000004
1582 1604 999.9478529999999
1577 1605 999.996373
1576 1606 999.9970519999999
1575 1607 999.99784
1574 1608 999.9993460000001
1573 1609 999.999525
1572 1610 999.9997759999999
1567 1611 999.999918
1566 1612 999.999942
1565 1613 999.999967
1564 1614 999.999992
1563 1615 999.999996
1562 1616 999.999996
1561 1617 999.999998
1560 1618 1000.0
1559 1619 1000.0
1558 1620 1000.0
1557 1621 1000.0
1202 1622 1
1622 1623 1000.0
1622 1624 1
1624 1625 0.00041799999999999997
1625 1626 0.000576
1626 1627 0.00199
1627 1628 0.0076359999999999996
1628 1629 0.008667
1629 1630 0.030693
1630 1631 0.031613
1631 1632 0.045967
1632 1633 0.155013
1633 1634 999.844987
1633 1635 0.179104
1635 1636 0.313232
1636 1637 1.6381199999999998
1637 1638 1.952892
1638 1639 15.384146000000001
1639 1640 984.6158539999999
1639 1641 18.308627
1641 1642 55.574146
1642 1643 73.663063
1643 1644 156.889243
1643 1645 926.3369369999999
1642 1646 944.425854
1641 1647 981.691373
1638 1648 998.0471079999999
1637 1649 998.36188
1636 1650 999.6867679999999
1635 1651 999.820896
1632 1652 999.954033
1631 1653 999.968387
1630 1654 999.969307
1629 1655 999.991333
1628 1656 999.9923640000001
1627 1657 999.99801
1626 1658 999.999424
1625 1659 75.90964100000001
1659 1660 924.089524
1659 1661 924.090359
1624 1662 1
1662 1663 1
1663 1664 1
1664 1665 1
1665 1666 1
1666 1667 1
1667 1668 1
1668 1669 1000.0
1668 1670 1000.0
1667 1671 1
1671 1672 1000.0
1671 1673 1000.0
1666 1674 1000.0
1665 1675 1000.0
1664 1676 1000.0
1663 1677 1000.0
1662 1678 1000.0
1201 1679 1
1679 1680 1000.0
1679 1681 1000.0
1200 1682 1
1682 1683 1
1683 1684 1
1684 1685 1
1685 1686 1
1686 1687 1
1687 1688 1000.0
1687 1689 1000.0
1686 1690 1000.0
1685 1691 1
1691 1692 1
1692 1693 1000.0
1692 1694 1000.0
1691 1695 1000.0
1684 1696 1
1696 1697 4e-06
1697 1698 999.999996
1697 1699 5.999999999999999e-06
1699 1700 2.3999999999999997e-05
1700 1701 5.4000000000000005e-05
1701 1702 0.000107
1702 1703 0.000288
1703 1704 0.000564
1704 1705 0.000783
1705 1706 0.002018
1706 1707 999.997982
1706 1708 0.004281
1708 1709 0.00558
1709 1710 0.007251
1710 1711 0.007805
1711 1712 0.031540000000000006
1712 1713 999.96846
1712 1714 0.041179
1714 1715 999.9588210000001
1714 1716 0.042828
1716 1717 0.170841
1717 1718 0.253535
1718 1719 999.746465
1718 1720 1.356448
1720 1721 998.643552
1720 1722 1.373971
1722 1723 3.741405
1723 1724 4.019174
1724 1725 56.24378
1725 1726 943.75622
1725 1727 75.594058
1727 1728 1
1727 1729 924.4059419999999
1724 1730 995.9808260000001
1723 1731 996.2585949999999
1722 1732 998.626029
1717 1733 999.8291589999999
1716 1734 999.957172
1711 1735 999.9921949999999
1710 1736 999.9927489999999
1709 1737 999.99442
1708 1738 999.995719
1705 1739 999.999217
1704 1740 999.999513
1703 1741 18.886844
1741 1742 981.111943
1741 1743 981.113491
1702 1744 0.000341
1744 1745 0.0061719999999999995
1745 1746 999.993716
1745 1747 0.039134
1747 1748 0.442093
1748 1749 0.691189
1749 1750 0.97106
1750 1751 999.028934
1750 1752 1.496546
1752 1753 998.503456
1752 1754 3.111003
1754 1755 6.6674739999999995
1755 1756 29.558553
1756 1757 46.955661
1757 1758 132.067586
1758 1759 867.840075
1758 1760 213.97806799999998
1757 1761 953.044339
1756 1762 970.4414469999999
1755 1763 993.332526
1754 1764 996.8889969999999
1749 1765 999.309267
1748 1766 999.5570280000001
1747 1767 999.960916
1744 1768 0.0008960000000000001
1768 1769 0.002919
1769 1770 0.010253
1770 1771 0.013596999999999998
1771 1772 0.018814
1772 1773 0.023166
1773 1774 999.9768339999999
1773 1775 0.060647999999999994
1775 1776 0.083773
1776 1777 0.42720400000000003
1777 1778 0.46878400000000003
1778 1779 2.976841
1779 1780 3.478883
1780 1781 4.029616
1781 1782 995.970384
1781 1783 32.661202
1783 1784 42.610040999999995
1784 1785 278.826477
1785 1786 721.173523
1785 1787 1
1784 1788 957.389959
1783 1789 967.3387979999999
1780 1790 996.521117
1779 1791 997.023159
1778 1792 999.531216
1777 1793 999.572796
1776 1794 999.9162269999999
1775 1795 999.939352
1772 1796 790.434104
1796 1797 209.626721
1796 1798 209.46746900000002
1771 1799 999.986399
1770 1800 487.207978
1800 1801 512.764792
1800 1802 512.798655
1769 1803 999.9970810000001
1768 1804 999.999253
1701 1805 999.999946
1700 1806 999.999976
1699 1807 999.999994
1696 1808 1000.0
1683 1809 1000.0
1682 1810 5.999999999999999e-06
1810 1811 999.999994
1810 1812 7.000000000000001e-06
1812 1813 1.1e-05
1813 1814 3.2e-05
1814 1815 4.3e-05
1815 1816 999.999957
1815 1817 6.9e-05
1817 1818 8.6e-05
1818 1819 999.999914
1818 1820 0.000288
1820 1821 0.000321
1821 1822 0.00047
1822 1823 0.00149
1823 1824 0.002558
1824 1825 999.9974419999999
1824 1826 0.008118
1826 1827 999.9918819999999
1826 1828 0.036768
1828 1829 999.963232
1828 1830 0.044329
1830 1831 0.153189
1831 1832 0.210088
1832 1833 0.612467
1833 1834 0.738191
1834 1835 1.032003
1835 1836 2.5256130000000003
1836 1837 12.340441
1837 1838 14.120794
1838 1839 53.317052
1839 1840 92.318584
1840 1841 907.681416
1840 1842 1
1839 1843 946.6829479999999
1838 1844 985.8792060000001
1837 1845 987.6595590000001
1836 1846 997.474387
1835 1847 998.967997
1834 1848 999.2618090000001
1833 1849 999.387533
1832 1850 999.789912
1831 1851 999.8468109999999
1830 1852 999.955671
1823 1853 999.99851
1822 1854 999.99953
1821 1855 999.9996790000001
1820 1856 999.9997119999999
1817 1857 999.999931
1814 1858 999.999968
1813 1859 999.999989
1812 1860 999.9999929999999
1199 1861 1000.0
1196 1862 0.000161
1862 1863 0.000314
1863 1864 0.000445
1864 1865 0.000645
1865 1866 0.007457
1866 1867 0.010618
1867 1868 0.028762999999999997
1868 1869 0.093816
1869 1870 0.137338
1870 1871 0.176775
1871 1872 0.230826
1872 1873 1.0727769999999999
1873 1874 1.454352
1874 1875 951.068671
1875 1876 49.432808
1875 1877 45.521147
1874 1878 3.559325
1878 1879 5.940633
1879 1880 6.041143
1880 1881 993.958857
1880 1882 27.669559999999997
1882 1883 972.33044
1882 1884 125.87375800000001
1884 1885 102.052059
1884 1886 874.126242
1879 1887 994.0593670000001
1878 1888 996.440675
1873 1889 965.0328139999999
1889 1890 36.562261
1889 1891 31.226556
1872 1892 999.769174
1871 1893 999.8232249999999
1870 1894 999.862662
1869 1895 195.204571
1895 1896 804.9085699999999
1895 1897 804.494654
1868 1898 999.971237
1867 1899 999.9893820000001
1866 1900 999.992543
1865 1901 999.9993549999999
1864 1902 999.999555
1863 1903 999.999686
1862 1904 999.999839
1111 1905 0.000587
1905 1906 0.001982
1906 1907 0.0026290000000000003
1907 1908 0.012343999999999999
1908 1909 999.987656
1908 1910 0.012809000000000001
1910 1911 999.9871909999999
1910 1912 0.012889
1912 1913 0.017145999999999998
1913 1914 0.044282
1914 1915 0.06485
1915 1916 0.26423599999999997
1916 1917 0.38563400000000003
1917 1918 999.6143659999999
1917 1919 4.124118
1919 1920 6.854668
1920 1921 15.619673
1921 1922 27.299831
1922 1923 232.610661
1923 1924 763.455053
1923 1925 307.511148
1925 1926 1
1925 1927 664.310096
1922 1928 972.700169
1921 1929 984.3803270000001
1920 1930 993.145333
1919 1931 995.87588
1916 1932 999.735764
1915 1933 999.9351499999999
1914 1934 999.955718
1913 1935 999.982854
1912 1936 999.9871110000001
1907 1937 999.997371
1906 1938 999.998018
1905 1939 999.999446
2 1940 0.016393
1940 1941 0.02344
1941 1942 0.054263
1942 1943 999.945737
1942 1944 0.21472599999999997
1944 1945 0.230611
1945 1946 0.9151940000000001
1946 1947 1.6459540000000001
1947 1948 2.150498
1948 1949 9.090461
1949 1950 20.478768
1950 1951 62.938117999999996
1951 1952 179.676421
1952 1953 215.76513
1952 1954 820.3235790000001
1951 1955 937.0618820000001
1950 1956 979.5212349999999
1949 1957 101.62897099999999
1957 1958 877.775289
1957 1959 900.785836
1948 1960 997.849502
1947 1961 998.3540800000001
1946 1962 118.285948
1962 1963 878.4898469999999
1962 1964 883.1077349999999
1945 1965 999.769389
1944 1966 999.7852740000001
1941 1967 999.97656
1940 1968 999.9836889999999
1 1969 0.06422599999999999
1969 1970 0.067635
1970 1971 0.190626
1971 1972 999.8093369999999
1971 1973 0.206104
1973 1974 1.522988
1974 1975 3.359798
1975 1976 8.203253
1976 1977 8.720790000000001
1977 1978 26.017878
1978 1979 93.172157
1979 1980 548.84155
1979 1981 905.928925
1978 1982 973.982122
1977 1983 991.279212
1976 1984 991.796754
1975 1985 64.08901
1985 1986 940.679205
1985 1987 924.423144
1974 1988 861.7806740000001
1988 1989 139.841953
1988 1990 133.550721
1973 1991 44.356373999999995
1991 1992 954.523185
1991 1993 956.351898
1970 1994 9.954272999999999
1994 1995 989.817977
1994 1996 990.142365
1969 1997 999.931616
1 1998 999.9869779999999
