1 2 0.20529099999999997
2 3 0.450127
3 4 1.0329869999999999
4 5 1
5 6 0.760599
6 7 1
7 8 0.715771
8 9 0.637801
9 10 1
10 11 1
11 12 0.6299250000000001
12 13 0.28315100000000004
13 14 1
14 15 0.521442
15 16 0.5871310000000001
16 17 1
17 18 0.395921
18 19 0.45052
19 20 21.52935
19 21 0.347222
21 22 1
22 23 0.345979
23 24 0.26012399999999997
24 25 0.39413
25 26 20.520594
25 27 0.277636
27 28 21.421081
27 29 1
29 30 1
30 31 1.476321
31 32 0.020210000000000002
32 33 1
33 34 0.070037
34 35 0.705801
35 36 19.325328
35 37 0.037368
37 38 1
38 39 0.755635
39 40 1
40 41 0.46500400000000003
41 42 18.960278
41 43 20.877119999999998
40 44 0.45744899999999994
44 45 1
45 46 1
46 47 0.667532
47 48 0.371649
48 49 0.22227100000000002
49 50 1
50 51 0.641013
51 52 0.10960099999999999
52 53 0.24439599999999997
53 54 1
54 55 1
55 56 0.58888
56 57 1
57 58 0.26891200000000004
58 59 17.268044
58 60 18.155882000000002
57 61 1
61 62 0.11514100000000001
62 63 0.19071400000000002
63 64 18.346536
63 65 18.471118
62 66 18.421365
61 67 0.297271
67 68 0.09593600000000001
68 69 1
69 70 0.288812
70 71 1
71 72 0.046185
72 73 0.086423
73 74 0.177698
74 75 1
75 76 1
76 77 0.37084599999999995
77 78 0.088134
78 79 0.162068
79 80 0.11484699999999999
80 81 0.211091
81 82 16.784497
81 83 1
83 84 0.5341870000000001
84 85 1
85 86 0.358875
86 87 1
87 88 0.235696
88 89 1
89 90 0.204957
90 91 1
91 92 0.072614
92 93 0.34698
93 94 1
94 95 0.184224
95 96 0.07283600000000001
96 97 0.016551
97 98 1
98 99 0.016673
99 100 0.34275500000000003
100 101 0.034786000000000004
101 102 16.165263999999997
101 103 1
103 104 0.15732400000000002
104 105 0.102725
105 106 0.059663
106 107 0.011519999999999999
107 108 1
108 109 0.31153000000000003
109 110 1
110 111 0.11173999999999999
111 112 0.167102
112 113 0.071933
113 114 1
114 115 0.148206
115 116 0.08212799999999999
116 117 15.866567000000002
116 118 1
118 119 0.238867
119 120 0.25516900000000003
120 121 1
121 122 0.068941
122 123 0.335152
123 124 16.595153
123 125 14.647588
122 126 15.750795
121 127 0.270293
127 128 0.144812
128 129 1
129 130 0.10251500000000001
130 131 0.008486
131 132 1
132 133 0.155833
133 134 0.038367
134 135 0.21284699999999998
135 136 1
136 137 0.197277
137 138 1
138 139 0.232985
139 140 0.086654
140 141 0.11251799999999999
141 142 14.435287999999998
141 143 15.181437
140 144 15.944391999999999
139 145 0.063803
145 146 0.410781
146 147 14.790237000000001
146 148 14.419984
145 149 0.200277
149 150 1
150 151 0.10602700000000001
151 152 0.021745
152 153 0.117909
153 154 0.12393599999999999
154 155 1
155 156 0.033735999999999995
156 157 0.038219
157 158 0.116733
158 159 0.099499
159 160 0.101763
160 161 14.749497
160 162 1
162 163 0.022768
163 164 0.078693
164 165 14.941526
164 166 14.559054
163 167 0.030318
167 168 0.272649
168 169 14.002453000000001
168 170 14.743191
167 171 0.13869900000000002
171 172 1
172 173 1
173 174 14.564323000000002
173 175 0.795723
175 176 14.801292
175 177 13.886280000000001
172 178 1
178 179 0.23099000000000003
179 180 0.127795
180 181 1
181 182 0.063184
182 183 0.200599
183 184 13.813428
183 185 13.3062
182 186 0.38012100000000004
186 187 14.151677
186 188 13.664814999999999
181 189 0.204702
189 190 1
190 191 0.044364
191 192 13.754570999999999
191 193 13.829633999999999
190 194 0.036306
194 195 1
195 196 0.051595
196 197 0.019222
197 198 0.08484799999999999
198 199 0.068216
199 200 0.044155
200 201 0.152968
201 202 0.0017200000000000002
202 203 1
203 204 0.364132
204 205 1
205 206 0.084269
206 207 0.12299500000000001
207 208 1
208 209 0.302793
209 210 13.501386000000002
209 211 1
211 212 0.012528
212 213 0.133373
213 214 0.569682
214 215 14.051855
214 216 15.448725999999999
213 217 13.251456000000001
212 218 0.634921
218 219 13.254731999999999
218 220 12.935744
211 221 0.28958500000000004
221 222 0.021386
222 223 0.274757
223 224 13.065859
223 225 1
225 226 0.128101
226 227 12.892342000000001
226 228 1
228 229 0.325721
229 230 1
230 231 0.283651
231 232 1
232 233 1
233 234 0.20468499999999998
234 235 0.057308
235 236 1
236 237 0.159824
237 238 1
238 239 1
239 240 0.10470399999999999
240 241 0.070078
241 242 0.06144600000000001
242 243 1
243 244 0.107372
244 245 0.044749
245 246 0.045529
246 247 0.028111
247 248 0.042707
248 249 0.035365
249 250 0.046898
250 251 0.014537
251 252 0.033373
252 253 0.042412
253 254 0.053672
254 255 0.013102
255 256 0.016565
256 257 1
257 258 0.063618
258 259 0.041867
259 260 0.052733999999999996
260 261 0.017235
261 262 0.0052899999999999996
262 263 0.08226
263 264 3.8770409999999997
264 265 8.142940999999999
264 266 7.884934
263 267 0.034827000000000004
267 268 11.756114
267 269 0.086607
269 270 0.010092
270 271 0.041263999999999995
271 272 0.046355
272 273 0.22662400000000002
273 274 11.402334
273 275 11.884541
272 276 0.049087000000000006
276 277 1
277 278 12.025387
277 279 0.065248
279 280 0.180559
280 281 10.896124
280 282 10.997023
279 283 0.010018
283 284 0.093034
284 285 0.045121
285 286 1
286 287 0.049635
287 288 0.004642
288 289 10.88447
288 290 0.031390999999999995
290 291 1
291 292 11.380066
291 293 0.084912
293 294 0.37325
294 295 10.77838
294 296 10.359831
293 297 0.043857
297 298 1
298 299 0.281166
299 300 10.356631
299 301 11.071941
298 302 1
302 303 10.803907
302 304 0.025547999999999998
304 305 0.020392
305 306 0.047606
306 307 0.068746
307 308 0.045945
308 309 10.494623
308 310 0.16159099999999998
310 311 10.046254000000001
310 312 10.569309
307 313 10.982266000000001
306 314 1
314 315 0.088251
315 316 1
316 317 0.066038
317 318 0.08103
318 319 0.06863999999999999
319 320 0.020731
320 321 1
321 322 0.115176
322 323 1
323 324 0.066403
324 325 0.079975
325 326 0.013861
326 327 0.0072109999999999995
327 328 1
328 329 0.13513799999999998
329 330 0.003081
330 331 0.016284
331 332 0.14783400000000002
332 333 0.048766000000000004
333 334 1
334 335 10.200633
334 336 0.17248
336 337 0.270813
337 338 9.56329
337 339 9.542401
336 340 0.121173
340 341 9.375079999999999
340 342 9.730611
333 343 1
343 344 1
344 345 0.090972
345 346 0.069165
346 347 1
347 348 0.080109
348 349 0.050763
349 350 1
350 351 0.024456
351 352 0.35529099999999997
352 353 9.084633
352 354 9.962986
351 355 9.778275
350 356 0.072517
356 357 0.08904
357 358 0.23418100000000003
358 359 9.578681
358 360 9.120506
357 361 9.3477
356 362 0.002768
362 363 0.046517
363 364 0.010065
364 365 1
365 366 0.008711
366 367 0.070621
367 368 0.09484400000000001
368 369 1
369 370 0.184206
370 371 0.004536
371 372 1
372 373 0.138544
373 374 0.004895
374 375 0.20227299999999998
375 376 0.40118899999999996
376 377 8.920192
376 378 8.849843
375 379 9.935629
374 380 1
380 381 1
381 382 0.084104
382 383 0.108098
383 384 0.340138
384 385 9.247007
384 386 9.277963999999999
383 387 1
387 388 0.026843
388 389 9.282577
388 390 0.050915
390 391 0.247788
391 392 0.027760000000000003
392 393 1
393 394 1
394 395 0.08246300000000001
395 396 0.038759999999999996
396 397 0.048105
397 398 0.190797
398 399 0.037537999999999995
399 400 0.16679
400 401 8.751009999999999
400 402 8.728665
399 403 9.240876
398 404 1
404 405 9.031996000000001
404 406 0.091586
406 407 0.006417000000000001
407 408 0.007771999999999999
408 409 0.24336100000000002
409 410 1
410 411 0.030736
411 412 0.017537
412 413 0.018911
413 414 0.051292000000000004
414 415 0.018413
415 416 0.144318
416 417 0.042436999999999996
417 418 1
418 419 0.08001
419 420 0.222983
420 421 1
421 422 0.087652
422 423 0.19436900000000001
423 424 8.442721
423 425 0.064829
425 426 8.378313
425 427 8.288354
422 428 0.208115
428 429 1
429 430 0.186542
430 431 0.023393
431 432 0.044721000000000004
432 433 0.306713
433 434 7.73152
433 435 7.889851
432 436 8.200837
431 437 8.418663
430 438 0.23704199999999997
438 439 7.987665
438 440 7.749849
429 441 8.622631
428 442 1
442 443 8.855697999999999
442 444 0.21613100000000002
444 445 1
445 446 0.251597
446 447 8.142184
446 448 8.292194
445 449 8.720529
444 450 1
450 451 0.04636
451 452 0.256878
452 453 8.010271
452 454 8.075675
451 455 0.250338
455 456 0.010532999999999999
456 457 0.20612899999999998
457 458 0.212872
458 459 7.611768
458 460 7.603098
457 461 0.237186
461 462 7.5659160000000005
461 463 7.532807
456 464 0.185857
464 465 7.761225
464 466 8.150504999999999
455 467 1
467 468 0.189701
468 469 1
469 470 8.757138000000001
469 471 0.540542
471 472 1
472 473 8.735339
472 474 0.28620199999999996
474 475 0.081748
475 476 0.03584
476 477 7.7352989999999995
476 478 0.249602
478 479 7.525068
478 480 7.573655
475 481 1
481 482 0.106304
482 483 7.926946
482 484 7.810569000000001
481 485 1
485 486 0.455225
486 487 0.16710799999999998
487 488 7.714994
487 489 7.557944
486 490 1
490 491 0.012079
491 492 0.237814
492 493 0.037906
493 494 0.08180699999999999
494 495 1
495 496 0.183297
496 497 0.062206000000000004
497 498 0.070855
498 499 0.158242
499 500 6.914031
499 501 7.255539
498 502 7.420155
497 503 0.056317
503 504 1
504 505 0.095002
505 506 0.24023999999999998
506 507 7.17006
506 508 6.941438
505 509 0.284381
509 510 1
510 511 0.433117
511 512 0.114178
512 513 0.163963
513 514 1
514 515 1.2890469999999998
515 516 6.021567
515 517 6.231627
514 518 0.012745000000000001
518 519 0.130434
519 520 0.028562
520 521 1
521 522 6.869521000000001
521 523 0.238929
523 524 0.24851600000000001
524 525 6.5310060000000005
524 526 6.36098
523 527 1
527 528 7.358223
527 529 0.101222
529 530 6.782776999999999
529 531 0.053443000000000004
531 532 0.183078
532 533 1
533 534 0.102404
534 535 1
535 536 0.192491
536 537 6.345094
536 538 6.48882
535 539 0.166388
539 540 0.22336399999999998
540 541 1
541 542 1
542 543 0.729282
543 544 1
544 545 0.030022000000000004
545 546 6.210301
545 547 6.507469
544 548 0.495726
548 549 0.037727000000000004
549 550 1
550 551 0.039245
551 552 0.167512
552 553 5.574738
552 554 5.575087
551 555 0.057195
555 556 0.15476299999999998
556 557 5.4387810000000005
556 558 5.652973
555 559 0.050433
559 560 5.989945
559 561 0.167968
561 562 1
562 563 5.3519049999999995
562 564 0.3648
564 565 0.068236
565 566 4.916628
565 567 4.8394699999999995
564 568 4.896921
561 569 0.21009499999999998
569 570 5.1401
569 571 5.138645
550 572 5.856077
549 573 0.123107
573 574 0.194267
574 575 5.153366999999999
574 576 5.183451
573 577 5.496789
548 578 0.029724999999999998
578 579 0.21314099999999997
579 580 5.424758
579 581 5.434708
578 582 0.088693
582 583 0.042866
583 584 0.09217099999999999
584 585 5.299027
584 586 0.13070600000000002
586 587 5.202565
586 588 5.250396
583 589 0.270764
589 590 5.063117
589 591 5.157557
582 592 0.104202
592 593 5.428918
592 594 5.3724750000000006
543 595 1
595 596 0.042064000000000004
596 597 0.233462
597 598 6.084149
597 599 5.936757
596 600 1
600 601 6.8974709999999995
600 602 0.630616
602 603 3.4052109999999995
603 604 2.893563
603 605 3.087854
602 606 1
606 607 0.47541500000000003
607 608 0.148623
608 609 0.306019
609 610 0.043313
610 611 0.068132
611 612 1
612 613 0.032657
613 614 0.264943
614 615 1
615 616 0.377421
616 617 1
617 618 0.238965
618 619 0.070533
619 620 0.053494
620 621 5.32853
620 622 0.39178
622 623 0.024395999999999998
623 624 0.043896000000000004
624 625 0.013508
625 626 0.42916200000000004
626 627 4.207951
626 628 4.096346
625 629 4.8844270000000005
624 630 0.040670000000000005
630 631 0.18851300000000001
631 632 4.44928
631 633 0.138409
633 634 4.227823
633 635 4.1926190000000005
630 636 4.662757
623 637 0.153922
637 638 1
638 639 0.44546
639 640 4.856278
639 641 0.44185800000000003
641 642 0.000271
642 643 0.17738
643 644 1
644 645 1.461255
645 646 0.08248
646 647 0.09808
647 648 1
648 649 0.080582
649 650 0.060225
650 651 0.517348
651 652 0.21078300000000003
652 653 0.163936
653 654 0.208976
654 655 0.790477
655 656 1
656 657 0.150936
657 658 0.254324
658 659 1
659 660 0.072516
660 661 2.67459
660 662 0.433957
662 663 0.027031
663 664 0.35329
664 665 0.48263100000000003
665 666 0.548048
666 667 0.524234
667 668 0.44999
667 669 0.105024
669 670 0.07711900000000001
670 671 0.5009440000000001
670 672 0.48627999999999993
669 673 0.44552899999999995
666 674 3.2721899999999997
665 675 1
675 676 0.253847
676 677 1.276783
676 678 0.145981
678 679 1.162168
678 680 1.160713
675 681 1.5848330000000002
664 682 1.9071669999999998
663 683 2.229354
662 684 2.266842
659 685 2.985739
658 686 1
686 687 0.010613000000000001
687 688 0.12197799999999999
688 689 0.142368
689 690 0.110822
690 691 0.126454
691 692 2.196903
691 693 2.158498
690 694 2.312571
689 695 2.36348
688 696 2.65087
687 697 2.676442
686 698 2.789942
657 699 2.861153
656 700 3.0941840000000003
655 701 1
701 702 0.6595519999999999
702 703 0.090454
703 704 2.366444
703 705 0.36555200000000004
705 706 0.22445400000000001
706 707 2.539923
706 708 1.815478
705 709 2.098427
702 710 2.660712
701 711 4.53734
654 712 3.460034
653 713 3.711446
652 714 4.027406
651 715 4.171037
650 716 5.839923000000001
649 717 6.327749000000001
648 718 5.928721
647 719 0.26499
719 720 0.23651499999999998
720 721 3.107463
720 722 3.164314
719 723 0.286133
723 724 3.1700739999999996
723 725 3.217847
646 726 0.101263
726 727 0.059174
727 728 0.453923
728 729 0.398932
729 730 3.8517219999999996
729 731 2.768487
728 732 3.172497
727 733 5.017048
726 734 0.162765
734 735 5.981766
734 736 4.122764
645 737 1
737 738 0.43415099999999995
738 739 0.40039
739 740 3.4367099999999997
739 741 0.08066
741 742 0.261428
742 743 0.149825
743 744 2.957687
743 745 2.907586
742 746 3.0150989999999998
741 747 3.434275
738 748 3.8567579999999997
737 749 4.808334
644 750 7.106293
643 751 0.12443199999999999
751 752 0.14321
752 753 0.255863
753 754 3.584492
753 755 3.6164370000000003
752 756 3.9833929999999995
751 757 4.243047
642 758 0.023379999999999998
758 759 4.600799
758 760 0.181945
760 761 0.15056
761 762 0.323401
762 763 3.5303769999999997
762 764 3.6124799999999997
761 765 3.9739280000000003
760 766 4.077683
641 767 0.08087
767 768 0.16971
768 769 4.108769000000001
768 770 4.137455999999999
767 771 1
771 772 0.321042
772 773 0.133457
773 774 0.209316
774 775 3.685478
774 776 3.689667
773 777 0.09556200000000001
777 778 3.798596
777 779 3.8088370000000005
772 780 0.094649
780 781 3.900057
780 782 0.077876
782 783 3.7875979999999996
782 784 3.819835
771 785 4.760897
638 786 5.925986
637 787 1
787 788 0.5168889999999999
788 789 0.048282
789 790 0.030968
790 791 0.021901
791 792 4.243737
791 793 4.234776
790 794 4.710968
789 795 0.21687
795 796 4.042992
795 797 0.090732
797 798 3.980728
797 799 0.345636
799 800 3.556823
799 801 3.5279619999999996
788 802 0.033232
802 803 4.452197
802 804 4.258604
787 805 0.146818
805 806 5.345011
805 807 5.630599
622 808 1
808 809 0.07133400000000001
809 810 0.15061
810 811 4.692602
810 812 4.5989189999999995
809 813 0.216044
813 814 0.051827000000000005
814 815 0.078694
815 816 0.10099499999999999
816 817 0.10282
817 818 4.098935
817 819 4.089218
816 820 4.107401
815 821 4.345955
814 822 4.431682
813 823 4.419029
808 824 0.116485
824 825 4.671015
824 826 4.678579
619 827 5.299876
618 828 0.009576000000000001
828 829 0.269529
829 830 0.173954
830 831 4.677823
830 832 4.729843000000001
829 833 4.878311
828 834 0.079664
834 835 1.9530720000000001
835 836 3.17662
835 837 3.2113009999999997
834 838 5.538217
617 839 5.560906999999999
616 840 0.115721
840 841 0.051163999999999994
841 842 0.351519
842 843 4.815554
842 844 4.766327
841 845 5.10725
840 846 5.367861
615 847 5.745921
614 848 0.124616
848 849 0.166309
849 850 5.521758
849 851 5.453852
848 852 5.321496
613 853 5.955597
612 854 5.884972
611 855 1
855 856 5.494867
855 857 1.967386
857 858 3.5729120000000005
857 859 3.860305
610 860 0.064258
860 861 5.439654
860 862 5.36174
609 863 0.25845
863 864 0.032691000000000005
864 865 5.1945060000000005
864 866 5.490743
863 867 5.426078
608 868 6.01287
607 869 5.959962
606 870 6.940633
595 871 1
871 872 7.119935
871 873 1.452907
873 874 0.557256
874 875 4.850979
874 876 0.375502
876 877 4.692107999999999
876 878 4.831702
873 879 5.647424999999999
542 880 6.579400000000001
541 881 0.18995800000000002
881 882 0.043831
882 883 6.266075
882 884 6.045191
881 885 0.130385
885 886 6.065062999999999
885 887 5.8977710000000005
540 888 1
888 889 0.15171600000000002
889 890 0.13505699999999998
890 891 6.2056960000000005
890 892 0.211261
892 893 5.823668
892 894 5.7907340000000005
889 895 1
895 896 0.11080300000000001
896 897 0.126134
897 898 0.20181000000000002
898 899 5.62446
898 900 5.699582
897 901 5.982859
896 902 0.036080999999999995
902 903 5.847187
902 904 0.192302
904 905 5.791781
904 906 5.764549
895 907 6.619097999999999
888 908 6.719093
539 909 0.068684
909 910 0.32376499999999997
910 911 5.951275000000001
910 912 5.895415
909 913 6.586805
534 914 0.023169
914 915 6.359744000000001
914 916 0.053924
916 917 0.015002
917 918 0.294685
918 919 5.905976
918 920 5.82457
917 921 6.354559999999999
916 922 0.215844
922 923 6.047606
922 924 6.089444
533 925 0.158159
925 926 6.710430000000001
925 927 6.413844
532 928 0.27082500000000004
928 929 0.104771
929 930 6.255048
929 931 6.056218
928 932 6.108934
531 933 6.8691580000000005
520 934 0.09988499999999999
934 935 6.769462
934 936 6.761316000000001
519 937 0.204033
937 938 6.719129
937 939 6.695505
518 940 0.20541600000000002
940 941 6.744994
940 942 7.018072
513 943 1
943 944 0.266876
944 945 0.022987
945 946 6.799517
945 947 6.67319
944 948 0.325445
948 949 6.248269
948 950 6.1791409999999996
943 951 7.456701000000001
512 952 0.673037
952 953 6.505025000000001
952 954 6.154673
511 955 0.548041
955 956 6.507353
955 957 6.791137
510 958 7.684182000000001
509 959 0.192684
959 960 0.230439
960 961 6.624777
960 962 6.557569000000001
959 963 6.97049
504 964 1.4667430000000001
964 965 6.184844
964 966 6.474854
503 967 0.02212
967 968 0.451907
968 969 6.895906
968 970 6.692945
967 971 7.503957999999999
496 972 0.121923
972 973 7.275439
972 974 7.1844909999999995
495 975 0.047778
975 976 7.523264
975 977 7.807747
494 978 0.128946
978 979 0.216372
979 980 7.071664
979 981 7.446339
978 982 7.420097
493 983 7.623207999999999
492 984 8.477972000000001
491 985 7.955914
490 986 7.793035
485 987 8.220588
474 988 0.137243
988 989 7.74807
988 990 0.120687
990 991 7.746562
990 992 8.107097000000001
471 993 0.064679
993 994 7.919235
993 995 0.13061399999999998
995 996 0.052486000000000005
996 997 7.631926
996 998 0.236831
998 999 7.188302
998 1000 7.3297
995 1001 7.563111999999999
468 1002 0.140737
1002 1003 0.139134
1003 1004 0.240792
1004 1005 7.484306999999999
1004 1006 7.614416
1003 1007 7.831217
1002 1008 0.102962
1008 1009 7.69079
1008 1010 0.083874
1010 1011 0.19517
1011 1012 7.636730999999999
1011 1013 7.694279
1010 1014 7.586479
467 1015 0.169
1015 1016 8.317199
1015 1017 0.9452860000000001
1017 1018 7.610517
1017 1019 7.894709
450 1020 0.20762599999999998
1020 1021 8.093364
1020 1022 8.573302
421 1023 8.823021
420 1024 0.100548
1024 1025 8.539556
1024 1026 0.432569
1026 1027 7.951152
1026 1028 7.72829
419 1029 8.897039
418 1030 8.915635
417 1031 0.07046
1031 1032 8.538857
1031 1033 0.113872
1033 1034 8.466118999999999
1033 1035 8.432834999999999
416 1036 0.0045460000000000006
1036 1037 0.438394
1037 1038 8.288412000000001
1037 1039 8.378255
1036 1040 9.549990999999999
415 1041 8.86641
414 1042 8.848485
413 1043 8.967585
412 1044 8.927018
411 1045 9.171731
410 1046 8.947626999999999
409 1047 0.013684
1047 1048 8.887027
1047 1049 0.375459
1049 1050 8.283524
1049 1051 8.325071000000001
408 1052 9.027267
407 1053 9.108869
406 1054 9.424768
397 1055 9.225814999999999
396 1056 9.602913000000001
395 1057 9.191207
394 1058 9.658234
393 1059 0.21092
1059 1060 9.148145000000001
1059 1061 8.854178
392 1062 0.08125
1062 1063 0.318056
1063 1064 8.494224
1063 1065 8.927379
1062 1066 8.828285
391 1067 0.0027010000000000003
1067 1068 0.208762
1068 1069 8.750252999999999
1068 1070 8.67135
1067 1071 0.168706
1071 1072 8.992782
1071 1073 8.719180999999999
390 1074 9.253698
387 1075 9.391344
382 1076 9.946394
381 1077 9.470545
380 1078 3.1979699999999998
1078 1079 6.611888
1078 1080 6.918889999999999
373 1081 0.200118
1081 1082 0.110625
1082 1083 8.842918
1082 1084 9.217477
1081 1085 9.413184
372 1086 9.76858
371 1087 0.042309
1087 1088 0.158431
1088 1089 9.131271
1088 1090 8.987196
1087 1091 9.394414
370 1092 0.189654
1092 1093 0.36699800000000005
1093 1094 8.623897
1093 1095 8.855778
1092 1096 9.272955
369 1097 9.773494000000001
368 1098 0.42681100000000005
1098 1099 9.166591
1098 1100 9.590667999999999
367 1101 9.700802
366 1102 9.680031999999999
365 1103 10.023943000000001
364 1104 0.086295
1104 1105 0.204229
1105 1106 9.107850000000001
1105 1107 9.533265
1104 1108 0.24582900000000002
1108 1109 9.152335
1108 1110 9.024204
363 1111 0.016519000000000002
1111 1112 1
1112 1113 0.324245
1113 1114 9.242265
1113 1115 8.81813
1112 1116 10.215825
1111 1117 0.07281
1117 1118 0.436137
1118 1119 9.131649
1118 1120 8.986818000000001
1117 1121 9.523212000000001
362 1122 0.432554
1122 1123 9.382382999999999
1122 1124 9.258732
349 1125 0.067425
1125 1126 0.119659
1126 1127 0.12076
1127 1128 9.37668
1127 1129 9.612867
1126 1130 9.344977
1125 1131 0.032317
1131 1132 0.062106
1132 1133 9.263446
1132 1134 9.493813
1131 1135 9.984352000000001
348 1136 0.064181
1136 1137 9.725287
1136 1138 9.438476
347 1139 9.885288000000001
346 1140 0.106212
1140 1141 10.165191
1140 1142 9.463148
345 1143 8.181637
1143 1144 1.7855400000000001
1143 1145 1.8729969999999998
344 1146 10.095157
343 1147 0.36324399999999996
1147 1148 9.713795
1147 1149 9.50804
332 1150 0.072727
1150 1151 0.31842
1151 1152 9.181342
1151 1153 9.633989
1150 1154 10.250684999999999
331 1155 10.206862999999998
330 1156 0.13389199999999998
1156 1157 0.077643
1157 1158 9.796248
1157 1159 10.06438
1156 1160 9.823635
329 1161 0.13112600000000002
1161 1162 8.164127
1162 1163 1.895778
1162 1164 1.8208309999999999
1161 1165 9.751088
328 1166 10.304485
327 1167 0.07677199999999999
1167 1168 0.2819
1168 1169 9.792553
1168 1170 9.661570999999999
1167 1171 10.40335
326 1172 0.26226299999999997
1172 1173 9.805645
1172 1174 9.99691
325 1175 0.018004
1175 1176 10.40817
1175 1177 0.160936
1177 1178 10.031911000000001
1177 1179 10.293293
324 1180 10.467376
323 1181 10.819728000000001
322 1182 0.113006
1182 1183 10.365766
1182 1184 10.714373
321 1185 10.793271
320 1186 0.047878
1186 1187 10.465116
1186 1188 0.031332
1188 1189 0.1849
1189 1190 0.171609
1190 1191 10.597705
1190 1192 10.482434
1189 1193 10.397496
1188 1194 10.71415
319 1195 0.076722
1195 1196 10.310313
1195 1197 10.595611
318 1198 0.023716
1198 1199 0.303728
1199 1200 10.175403
1199 1201 10.091728
1198 1202 10.642846
317 1203 0.613474
1203 1204 9.199089
1203 1205 11.30033
316 1206 10.985814000000001
315 1207 0.008486
1207 1208 0.054782
1208 1209 0.216095
1209 1210 10.374466
1209 1211 10.183026
1208 1212 10.788549999999999
1207 1213 10.684259
314 1214 10.840141000000001
305 1215 0.071617
1215 1216 10.520033
1215 1217 0.078109
1217 1218 10.822807
1217 1219 10.489619999999999
304 1220 0.454169
1220 1221 10.947243
1220 1222 10.481329
297 1223 0.070852
1223 1224 0.125065
1224 1225 10.708176
1224 1226 11.068828
1223 1227 0.5717990000000001
1227 1228 10.152011
1227 1229 10.40548
290 1230 0.148762
1230 1231 10.799881
1230 1232 11.035195
287 1233 0.11540999999999998
1233 1234 0.046345000000000004
1234 1235 11.035502
1234 1236 0.085288
1236 1237 10.591072
1236 1238 11.244004
1233 1239 0.176872
1239 1240 10.912766
1239 1241 10.922309
286 1242 11.030286
285 1243 0.30440799999999996
1243 1244 10.709742
1243 1245 0.294903
1245 1246 10.720628
1245 1247 10.649871
284 1248 0.061532
1248 1249 11.058877
1248 1250 10.892342000000001
283 1251 11.705735
276 1252 0.075727
1252 1253 0.47884599999999994
1253 1254 10.913901
1253 1255 10.340454000000001
1252 1256 0.319644
1256 1257 10.796215
1256 1258 11.096933
271 1259 11.354122
270 1260 11.300652999999999
269 1261 0.257793
1261 1262 12.18267
1261 1263 11.046134
262 1264 0.106098
1264 1265 0.033435
1265 1266 0.22392499999999999
1266 1267 11.837589
1266 1268 0.06717300000000001
1268 1269 12.479401
1268 1270 11.678555
1265 1271 0.126476
1271 1272 0.28503
1272 1273 11.191139999999999
1272 1274 11.456944
1271 1275 11.764911
1264 1276 0.131909
1276 1277 0.195089
1277 1278 11.771394
1277 1279 11.515482
1276 1280 0.371113
1280 1281 11.451242
1280 1282 10.674194
261 1283 0.052257
1283 1284 11.676634
1283 1285 11.668313
260 1286 2.014157
1286 1287 10.625898
1286 1288 9.583162000000002
259 1289 0.177965
1289 1290 12.197885999999999
1289 1291 11.205134
258 1292 0.253674
1292 1293 11.617806
1292 1294 11.37871
257 1295 0.144575
1295 1296 0.211327
1296 1297 11.426017
1296 1298 12.267363000000001
1295 1299 0.079033
1299 1300 11.858415
1299 1301 11.544604999999999
256 1302 11.676753
255 1303 12.082635
254 1304 11.724294
253 1305 0.080257
1305 1306 11.642681000000001
1305 1307 12.166841999999999
252 1308 0.008381
1308 1309 11.9565
1308 1310 0.151514
1310 1311 11.619086000000001
1310 1312 11.551646
251 1313 2.636794
1313 1314 10.111744999999999
1313 1315 9.516594000000001
250 1316 0.09981600000000002
1316 1317 11.961176
1316 1318 11.616060000000001
249 1319 0.2926
1319 1320 12.338469
1319 1321 11.412983
248 1322 0.351572
1322 1323 11.84413
1322 1324 11.675034
247 1325 13.102191
246 1326 12.475052999999999
245 1327 0.11647
1327 1328 0.253009
1328 1329 12.491504
1328 1330 12.653675999999999
1327 1331 12.348617
244 1332 0.241947
1332 1333 12.017356
1332 1334 11.966383
243 1335 0.250339
1335 1336 0.34351
1336 1337 12.752567
1336 1338 12.334541
1335 1339 11.706432
242 1340 12.464427
241 1341 0.187821
1341 1342 12.399421
1341 1343 12.339255
240 1344 0.06220200000000001
1344 1345 12.745584
1344 1346 11.818876
239 1347 0.007207000000000001
1347 1348 0.203398
1348 1349 12.294478999999999
1348 1350 11.979621
1347 1351 0.348286
1351 1352 12.697433
1351 1353 12.563891
238 1354 0.16932799999999998
1354 1355 0.087093
1355 1356 12.33137
1355 1357 12.697666
1354 1358 12.369353
237 1359 12.6069
236 1360 0.108845
1360 1361 0.346088
1361 1362 11.976246
1361 1363 13.05279
1360 1364 12.60397
235 1365 0.148407
1365 1366 12.466163
1365 1367 12.562873
234 1368 0.21208
1368 1369 0.5509850000000001
1369 1370 12.054888
1369 1371 12.16114
1368 1372 12.166784999999999
233 1373 0.110414
1373 1374 0.19606200000000001
1374 1375 0.077483
1375 1376 12.378269999999999
1375 1377 12.941126
1374 1378 12.669322999999999
1373 1379 0.252365
1379 1380 12.973972999999999
1379 1381 12.751926999999998
232 1382 0.059544
1382 1383 0.19808299999999998
1383 1384 13.308353
1383 1385 12.882123
1382 1386 12.200291
231 1387 13.042145999999999
230 1388 0.20523300000000003
1388 1389 0.240392
1389 1390 12.535349000000002
1389 1391 14.177775
1388 1392 0.354846
1392 1393 13.193052999999999
1392 1394 14.275008
229 1395 13.180522
228 1396 0.160791
1396 1397 0.100051
1397 1398 0.211387
1398 1399 0.193976
1399 1400 13.275708999999999
1399 1401 13.495487
1398 1402 13.888486
1397 1403 13.883845
1396 1404 0.091
1404 1405 12.952327
1404 1406 12.831645
225 1407 0.054466
1407 1408 2.0431459999999997
1408 1409 12.274665
1408 1410 11.070281999999999
1407 1411 0.41039600000000004
1411 1412 12.843136999999999
1411 1413 12.766619000000002
222 1414 0.035723
1414 1415 12.940573
1414 1416 13.714478999999999
221 1417 0.329366
1417 1418 13.743428
1417 1419 12.853553000000002
208 1420 0.014765
1420 1421 0.22620800000000002
1421 1422 0.255834
1422 1423 13.441139
1422 1424 13.213913
1421 1425 14.552528
1420 1426 12.967647
207 1427 13.074974000000001
206 1428 0.268587
1428 1429 13.125263
1428 1430 13.065213
205 1431 0.05984299999999999
1431 1432 13.155888
1431 1433 0.432963
1433 1434 12.792397
1433 1435 13.281936
204 1436 13.672583999999999
203 1437 0.285721
1437 1438 0.11608600000000001
1438 1439 14.205822000000001
1438 1440 13.204167
1437 1441 0.261382
1441 1442 13.650181
1441 1443 14.514743999999999
202 1444 13.345807
201 1445 13.421612999999999
200 1446 13.753986000000001
199 1447 14.325945
198 1448 13.703639
197 1449 0.03344
1449 1450 0.091264
1450 1451 0.121488
1451 1452 13.878308
1451 1453 13.763967999999998
1450 1454 14.106154000000002
1449 1455 13.186086999999999
196 1456 0.012459
1456 1457 14.050587
1456 1458 0.089948
1458 1459 13.880693999999998
1458 1460 13.99387
195 1461 0.142297
1461 1462 14.124909999999998
1461 1463 0.480201
1463 1464 13.832280999999998
1463 1465 14.274571
194 1466 0.083928
1466 1467 13.959743
1466 1468 13.101813000000002
189 1469 13.906172
180 1470 13.704179
179 1471 0.13101600000000002
1471 1472 1.8964849999999998
1472 1473 11.674161
1472 1474 12.483795
1471 1475 14.13139
178 1476 0.06704700000000001
1476 1477 0.245975
1477 1478 14.131399
1477 1479 14.672318
1476 1480 0.116975
1480 1481 13.511430999999998
1480 1482 14.188918000000001
171 1483 1.6933569999999998
1483 1484 12.385164999999999
1483 1485 12.411583
162 1486 0.18848
1486 1487 13.976705
1486 1488 14.420508000000002
159 1489 14.419029
158 1490 14.406935
157 1491 0.205722
1491 1492 14.026398
1491 1493 14.835391000000001
156 1494 0.265838
1494 1495 14.084266000000001
1494 1496 14.777523
155 1497 0.240989
1497 1498 14.324439
1497 1499 15.234213999999998
154 1500 14.654554000000001
153 1501 14.493680000000001
152 1502 0.320438
1502 1503 14.001668
1502 1504 14.337473000000001
151 1505 0.050016000000000005
1505 1506 14.381376000000001
1505 1507 14.886917
150 1508 0.12009099999999999
1508 1509 15.593178
1508 1510 14.662339
149 1511 14.707999999999998
138 1512 0.058144999999999995
1512 1513 0.138404
1513 1514 0.215072
1514 1515 15.248009000000001
1514 1516 0.083002
1516 1517 15.422192
1516 1518 15.065612999999999
1513 1519 0.072901
1519 1520 15.865504
1519 1521 0.610264
1521 1522 15.977826
1521 1523 6.931582
1523 1524 8.728636
1523 1525 9.970551
1512 1526 0.18598
1526 1527 15.138191
1526 1528 0.134747
1528 1529 0.23182200000000003
1529 1530 16.740071
1529 1531 15.37375
1528 1532 0.11661
1532 1533 14.951419
1532 1534 16.291322
137 1535 0.332109
1535 1536 14.760677
1535 1537 14.159184
136 1538 0.11878399999999999
1538 1539 15.05262
1538 1540 0.13321
1540 1541 15.544678000000001
1540 1542 14.246263
135 1543 14.833262999999999
134 1544 0.132449
1544 1545 0.066969
1545 1546 15.174862000000001
1545 1547 14.790295
1544 1548 15.060789
133 1549 0.312514
1549 1550 0.049976
1550 1551 14.706009
1550 1552 14.504211999999999
1549 1553 14.990675000000001
132 1554 0.089443
1554 1555 0.5982379999999999
1555 1556 14.841617
1555 1557 15.007396
1554 1558 15.371565
131 1559 0.35076999999999997
1559 1560 14.443579000000001
1559 1561 15.463505
130 1562 0.280184
1562 1563 15.017288
1562 1564 15.644732999999999
129 1565 0.271749
1565 1566 14.49976
1565 1567 16.162261
128 1568 15.014875
127 1569 15.157192
120 1570 0.11195000000000001
1570 1571 14.558356
1570 1572 15.987521
119 1573 0.21066800000000002
1573 1574 15.531265999999999
1573 1575 15.072683000000001
118 1576 0.058968
1576 1577 0.09737
1577 1578 15.345354
1577 1579 15.026307
1576 1580 0.367206
1580 1581 16.19246
1580 1582 16.618225
115 1583 15.612641
114 1584 0.060541000000000005
1584 1585 16.14281
1584 1586 0.204461
1586 1587 15.623902000000001
1586 1588 14.805831
113 1589 15.682899
112 1590 15.465502
111 1591 0.054055
1591 1592 16.282914
1591 1593 15.424403
110 1594 0.15519
1594 1595 0.175934
1595 1596 16.319922000000002
1595 1597 15.619683
1594 1598 15.300256000000001
109 1599 15.811570999999999
108 1600 0.49640200000000007
1600 1601 16.50051
1600 1602 15.613311
107 1603 15.813086000000002
106 1604 15.860754
105 1605 16.082761
104 1606 0.286876
1606 1607 16.724622
1606 1608 15.969918999999999
103 1609 0.037720000000000004
1609 1610 16.530710000000003
1609 1611 15.757328000000001
100 1612 15.930549999999998
99 1613 0.157084
1613 1614 16.485322999999998
1613 1615 16.441507
98 1616 0.042414
1616 1617 17.20843
1616 1618 16.531408
97 1619 16.567694
96 1620 16.749396
95 1621 16.723226999999998
94 1622 0.162273
1622 1623 0.176866
1623 1624 16.474529
1623 1625 15.697365
1622 1626 16.983412
93 1627 16.485711
92 1628 0.11404900000000001
1628 1629 16.223008999999998
1628 1630 17.110324
91 1631 0.069841
1631 1632 16.351779999999998
1631 1633 17.271913
90 1634 16.476222
89 1635 0.214509
1635 1636 16.242473
1635 1637 17.032788
88 1638 16.880561
87 1639 0.262432
1639 1640 16.323501
1639 1641 16.777545
86 1642 17.231108
85 1643 0.10150300000000001
1643 1644 17.587439999999997
1643 1645 17.546126
84 1646 17.382516
83 1647 1
1647 1648 0.016293
1648 1649 0.43931600000000004
1649 1650 0.153604
1650 1651 17.21323
1650 1652 19.546352
1649 1653 0.197037
1653 1654 17.602444000000002
1653 1655 0.254698
1655 1656 18.704628
1655 1657 20.435907
1648 1658 17.62857
1647 1659 4.912627
1659 1660 14.622509
1659 1661 13.774703999999998
80 1662 17.805321
79 1663 17.011925
78 1664 17.288005000000002
77 1665 0.286113
1665 1666 17.332138
1665 1667 16.349626999999998
76 1668 1
1668 1669 0.345588
1669 1670 0.24918800000000002
1670 1671 0.01416
1671 1672 0.409795
1672 1673 18.237928
1672 1674 18.173222
1671 1675 17.50542
1670 1676 0.536427
1676 1677 18.976367
1676 1678 17.899359
1669 1679 17.930107
1668 1680 0.08536200000000001
1680 1681 16.636554
1680 1682 18.032435
75 1683 0.099213
1683 1684 0.199335
1684 1685 17.143666
1684 1686 17.176892
1683 1687 17.338412
74 1688 17.446799
73 1689 0.195473
1689 1690 17.192602
1689 1691 17.302171
72 1692 0.175405
1692 1693 18.436408
1692 1694 17.684382000000003
71 1695 0.250078
1695 1696 17.000086
1695 1697 19.178776
70 1698 17.631597
69 1699 0.071548
1699 1700 0.260313
1700 1701 0.146563
1701 1702 17.800206
1701 1703 17.275288
1700 1704 17.536362999999998
1699 1705 0.21348
1705 1706 17.691741999999998
1705 1707 17.790255
68 1708 0.304239
1708 1709 17.390617
1708 1710 17.684876
67 1711 1
1711 1712 0.490365
1712 1713 17.694303
1712 1714 18.194199
1711 1715 16.98931
56 1716 17.763913000000002
55 1717 1
1717 1718 18.23465
1717 1719 0.361824
1719 1720 0.191996
1720 1721 18.410544
1720 1722 17.768318
1719 1723 18.391047
54 1724 0.137346
1724 1725 0.48884999999999995
1725 1726 18.151780000000002
1725 1727 19.304666
1724 1728 18.703949
53 1729 18.303027
52 1730 18.571080000000002
51 1731 18.387881
50 1732 1
1732 1733 0.645056
1733 1734 0.240196
1734 1735 0.21243
1735 1736 19.252195999999998
1735 1737 0.289035
1737 1738 22.294327
1737 1739 20.214382999999998
1734 1740 19.735747
1733 1741 0.263566
1741 1742 19.029958999999998
1741 1743 18.658775
1732 1744 17.948413
49 1745 18.02488
48 1746 18.873639
47 1747 0.046568
1747 1748 18.625375
1747 1749 19.876367000000002
46 1750 0.078734
1750 1751 0.033475
1751 1752 0.24937700000000002
1752 1753 0.58026
1753 1754 0.36631400000000003
1754 1755 25.230251
1754 1756 20.995068
1753 1757 23.181886
1752 1758 19.458302
1751 1759 0.035813000000000005
1759 1760 20.427702
1759 1761 20.396919999999998
1750 1762 1
1762 1763 0.727141
1763 1764 0.222765
1764 1765 19.572769
1764 1766 20.845349
1763 1767 0.227293
1767 1768 0.202727
1768 1769 19.984627
1768 1770 18.749404
1767 1771 0.639317
1771 1772 20.254272
1771 1773 20.686495
1762 1774 18.336661000000003
45 1775 1
1775 1776 0.750145
1776 1777 18.980557
1776 1778 18.998537
1775 1779 18.181330000000003
44 1780 19.484717
39 1781 19.81379
38 1782 1
1782 1783 0.39923
1783 1784 20.50306
1783 1785 0.72226
1785 1786 22.156217
1785 1787 21.513934000000003
1782 1788 0.13431
1788 1789 21.835919
1788 1790 19.220991
37 1791 35.551186
34 1792 0.496178
1792 1793 19.411181
1792 1794 0.391374
1794 1795 20.283046
1794 1796 22.051449
33 1797 0.096524
1797 1798 0.18321500000000002
1798 1799 19.84736
1798 1800 21.383766
1797 1801 20.083916
32 1802 20.499169000000002
31 1803 20.253225999999998
30 1804 1
1804 1805 0.262073
1805 1806 1
1806 1807 0.418756
1807 1808 0.435963
1808 1809 0.12673199999999998
1809 1810 0.630259
1810 1811 0.173645
1811 1812 0.401421
1812 1813 23.243365
1812 1814 0.33387
1814 1815 23.97344
1814 1816 21.555015
1811 1817 0.196865
1817 1818 0.26708
1818 1819 1
1819 1820 0.41523999999999994
1820 1821 0.36619
1821 1822 0.240851
1822 1823 1.2688329999999999
1823 1824 29.084505
1823 1825 28.871361
1822 1826 29.218971999999997
1821 1827 24.500742
1820 1828 23.266295
1819 1829 24.206558
1818 1830 1.116925
1830 1831 24.702657
1830 1832 27.794438999999997
1817 1833 0.44382199999999994
1833 1834 26.873899
1833 1835 31.081966
1810 1836 0.165714
1836 1837 22.732195
1836 1838 23.725412000000002
1809 1839 21.421190000000003
1808 1840 0.8322569999999999
1840 1841 25.918940000000003
1840 1842 23.209979999999998
1807 1843 0.14680400000000002
1843 1844 0.8066159999999999
1844 1845 21.748171
1844 1846 22.386556
1843 1847 23.554592
1806 1848 0.124731
1848 1849 20.038422
1848 1850 21.424993
1805 1851 0.32680600000000004
1851 1852 20.576611
1851 1853 0.5325650000000001
1853 1854 21.704297
1853 1855 21.385134
1804 1856 20.674428
29 1857 1
1857 1858 0.79681
1858 1859 21.265116
1858 1860 0.279599
1860 1861 20.75635
1860 1862 23.726809
1857 1863 20.190129000000002
24 1864 21.03556
23 1865 0.021247000000000002
1865 1866 0.777245
1866 1867 20.147845
1866 1868 21.02521
1865 1869 21.551443
22 1870 0.171383
1870 1871 0.604135
1871 1872 22.856456
1871 1873 20.407191
1870 1874 21.289012
21 1875 21.246273
18 1876 0.201976
1876 1877 21.349232
1876 1878 21.740199
17 1879 1
1879 1880 21.684653
1879 1881 0.905358
1881 1882 21.661616
1881 1883 22.647327
16 1884 22.728387
15 1885 23.62338
14 1886 1
1886 1887 0.8126080000000001
1887 1888 0.690752
1888 1889 0.244283
1889 1890 23.942493000000002
1889 1891 0.39332300000000003
1891 1892 14.576104
1892 1893 10.081894
1892 1894 9.778733
1891 1895 0.09468
1895 1896 0.6298090000000001
1896 1897 0.716212
1897 1898 29.35028
1897 1899 28.779801
1896 1900 0.252941
1900 1901 25.439399
1900 1902 1.1285450000000001
1902 1903 25.721216000000002
1902 1904 30.027913
1895 1905 23.508788
1888 1906 23.216991
1887 1907 22.726046
1886 1908 20.970111
13 1909 1
1909 1910 0.281698
1910 1911 23.402067
1910 1912 0.666383
1912 1913 0.355626
1913 1914 22.873621999999997
1913 1915 24.106634
1912 1916 23.599078000000002
1909 1917 22.859521
12 1918 1
1918 1919 1
1919 1920 21.732654
1919 1921 0.9217289999999999
1921 1922 0.44781200000000004
1922 1923 0.398334
1923 1924 0.09198200000000001
1924 1925 0.287032
1925 1926 25.640517000000003
1925 1927 0.674555
1927 1928 0.751747
1928 1929 0.633466
1929 1930 0.92348
1930 1931 0.089126
1931 1932 27.497416
1931 1933 28.890505
1930 1934 6.25276
1934 1935 21.696972
1934 1936 6.148556
1936 1937 15.964158000000001
1936 1938 16.323878999999998
1929 1939 25.238364
1928 1940 25.49331
1927 1941 27.305113
1924 1942 24.940145
1923 1943 1.119234
1943 1944 26.280205000000002
1943 1945 0.22966699999999998
1945 1946 28.060942
1945 1947 27.862403
1922 1948 1.371257
1948 1949 22.184904
1948 1950 22.356327
1921 1951 24.380850000000002
1918 1952 1
1952 1953 0.045661999999999994
1953 1954 0.24118
1954 1955 22.260113
1954 1956 23.732919
1953 1957 5.958007
1957 1958 18.920914
1957 1959 19.464684
1952 1960 22.580644
11 1961 0.351924
1961 1962 0.6400750000000001
1962 1963 0.616452
1963 1964 0.8570279999999999
1964 1965 25.900029000000004
1964 1966 28.223084
1963 1967 23.910684
1962 1968 23.362294
1961 1969 23.526554
10 1970 1.079248
1970 1971 23.728998
1970 1972 0.16763399999999998
1972 1973 26.239063
1972 1974 27.361401
9 1975 23.00122
8 1976 26.883288
7 1977 0.12493000000000001
1977 1978 0.41964799999999997
1978 1979 27.135312
1978 1980 0.6544300000000001
1980 1981 25.761795
1980 1982 1.09651
1982 1983 29.220374999999997
1982 1984 28.735491000000003
1977 1985 1.163397
1985 1986 24.530041
1985 1987 27.967055000000002
6 1988 24.193973
5 1989 0.209229
1989 1990 0.104757
1990 1991 24.537461
1990 1992 25.985187999999997
1989 1993 25.795359
4 1994 26.659729
3 1995 25.797742
2 1996 28.975894000000004
1 1997 26.258789
1 1998 28.386971
