1 2 335.149181
2 3 52.839972
3 4 41.863885
4 5 12.626930999999999
5 6 6.4338619999999995
6 7 2.880827
7 8 1.149514
8 9 0.269572
9 10 0.415009
10 11 2.016661
11 12 3.2790909999999998
12 13 4.840528
13 14 6.18326
14 15 45.687132000000005
15 16 91.99943499999999
16 17 195.231568
17 18 804.767105
17 19 46.377234
16 20 907.9998820000001
15 21 954.339931
14 22 62.542322999999996
22 23 303.829637
23 24 723.760539
23 25 586.149679
22 26 903.655717
13 27 995.1702859999999
12 28 179.747573
28 29 812.492258
28 30 823.1702750000001
11 31 348.524265
31 32 263.815158
32 33 166.564018
32 34 146.242186
34 35 209.19659199999998
35 36 199.07386400000001
35 37 310.972844
34 38 249.82168900000002
38 39 332.073356
38 40 79.137217
31 41 645.643751
10 42 3.9061859999999995
42 43 5.404864
43 44 5.583756
44 45 994.3876680000001
44 46 17.26997
46 47 48.976599
47 48 951.022515
47 49 52.252346
49 50 514.145494
49 51 947.743938
46 52 982.752335
43 53 876.748299
53 54 109.45127699999999
53 55 127.898524
42 56 109.39280099999999
56 57 224.05043
57 58 44.195077
58 59 368.832217
58 60 101.775361
60 61 433.00410600000004
61 62 213.19227500000002
61 63 63.614768
60 64 510.405324
57 65 780.469757
56 66 881.24567
9 67 0.09646700000000001
67 68 0.050487000000000004
68 69 0.052209
69 70 0.120503
70 71 0.14737
71 72 1.348383
72 73 1.047433
73 74 1.338124
74 75 3.608235
75 76 4.794201
76 77 47.271798999999994
77 78 58.322571
78 79 941.6780940000001
78 80 227.933785
80 81 242.339752
81 82 21.736950999999998
82 83 12.386066
83 84 17.184326
84 85 1
84 86 3.971119
86 87 1.5794789999999999
87 88 23.828722
88 89 2.749988
89 90 5.708799
90 91 0.19184600000000002
90 92 0.072738
89 93 0.730675
93 94 2.5744119999999997
93 95 6.809291000000001
88 96 2.966935
96 97 1.7746830000000002
97 98 1.213584
98 99 1.038442
99 100 0.49329200000000006
99 101 0.036743000000000005
98 102 0.5879289999999999
102 103 0.49484000000000006
103 104 1
103 105 0.002043
105 106 1
105 107 0.002043
107 108 1
107 109 0.002043
109 110 0.002043
110 111 0.267171
110 112 1
109 113 1
102 114 0.568911
114 115 1
114 116 1
116 117 1
116 118 1
97 119 0.8703819999999999
119 120 3.094604
120 121 3.5430629999999996
121 122 0.332183
122 123 1
122 124 0.002712
124 125 1
124 126 0.002712
126 127 1
126 128 0.26587099999999997
121 129 0.199016
129 130 1
129 131 1
120 132 2.410709
119 133 2.132179
133 134 1.302211
133 135 4.090648
135 136 0.763566
135 137 0.748927
137 138 3.550108
137 139 2.229609
139 140 5.241863
140 141 2.572546
141 142 4.022738
141 143 1.8269110000000002
143 144 3.3466629999999995
144 145 1.994512
144 146 2.404239
143 147 7.814387
147 148 118.083011
148 149 42.17213
149 150 39.262585
150 151 52.29534099999999
150 152 6.997693000000001
149 153 42.121752
148 154 41.645213
154 155 121.48941900000001
154 156 35.911931
147 157 13.148849000000002
157 158 17.972189
157 159 16.138914
140 160 3.401191
160 161 10.067429
160 162 0.685576
162 163 10.156277
162 164 12.780196
139 165 0.767974
96 166 2.6615819999999997
166 167 0.45627999999999996
167 168 0.018085
167 169 0.246497
166 170 0.607187
87 171 198.39084
171 172 1.7454500000000002
172 173 1
172 174 56.676803
174 175 16.012904
175 176 0.807348
175 177 0.373411
174 178 29.143201
171 179 1
86 180 1.965604
83 181 1
82 182 1
81 183 1
80 184 766.100632
77 185 953.089895
76 186 149.414158
186 187 833.259519
186 188 794.4576989999999
188 189 1
188 190 215.26573
75 191 145.626234
191 192 528.7116239999999
192 193 109.769307
193 194 305.721865
193 195 12.993371000000002
192 196 369.355425
191 197 249.35420000000002
197 198 524.801974
198 199 569.026032
198 200 1
197 201 514.4709190000001
74 202 997.432555
73 203 5.013217
203 204 6.631381999999999
204 205 850.5324449999999
205 206 135.902724
205 207 149.511143
204 208 21.788742
208 209 978.6923679999999
208 210 21.580056
210 211 978.404917
210 212 25.445375
212 213 143.06876100000002
213 214 1
213 215 856.8446959999999
212 216 974.562177
203 217 993.655554
72 218 10.982937
218 219 16.293834
219 220 73.908857
220 221 763.447624
221 222 276.690165
221 223 48.668814
220 224 845.718404
219 225 115.57934800000001
225 226 896.7758549999999
225 227 841.8452970000001
218 228 44.361324
228 229 929.8261480000001
228 230 954.619163
71 231 0.8360909999999999
231 232 1.006429
232 233 2.711597
233 234 6.559039
234 235 13.735243
235 236 72.67598699999999
236 237 107.47804000000001
237 238 283.77813199999997
238 239 362.303881
239 240 89.10690100000001
240 241 103.83297600000002
241 242 43.318349
241 243 116.93290700000001
240 244 1
239 245 1
238 246 1
237 247 892.5048869999999
236 248 927.3231579999999
235 249 953.90139
249 250 32.724737
249 251 32.100794
234 252 993.355
233 253 997.262452
232 254 999.3337009999999
231 255 998.822019
70 256 0.510108
256 257 3.2208390000000002
257 258 11.082963
258 259 36.657853
259 260 197.643831
260 261 767.874794
260 262 699.121595
259 263 53.281386
263 264 964.578951
263 265 230.41032700000002
265 266 484.891618
265 267 769.587084
258 268 208.089383
268 269 753.742688
268 270 794.0187510000001
257 271 173.36649500000001
271 272 306.792811
272 273 693.193239
272 274 215.481333
274 275 1
274 276 108.819088
276 277 1
276 278 556.904071
271 279 827.975158
256 280 1.07131
280 281 1.9461909999999998
281 282 4.204233
282 283 82.62479
283 284 102.15203100000001
284 285 142.495042
285 286 334.457152
285 287 599.853291
287 288 71.420139
287 289 398.108322
284 290 503.67911100000003
290 291 205.59917099999998
290 292 411.469975
292 293 299.553495
292 294 24.755803
283 295 236.99070299999997
295 296 673.6531239999999
295 297 660.666561
282 298 22.371183
298 299 62.488600000000005
299 300 225.20095000000003
300 301 728.4039319999999
300 302 554.460955
299 303 193.710185
303 304 795.30648
303 305 692.251283
298 306 284.226587
306 307 668.963937
306 308 723.790389
281 309 130.04368399999998
309 310 256.739212
310 311 337.731185
311 312 536.774953
311 313 99.833272
310 314 560.322862
309 315 314.13030599999996
315 316 688.882818
315 317 420.38456899999994
280 318 22.442662
318 319 828.50694
319 320 170.836114
319 321 116.18126600000001
318 322 977.742232
69 323 2.111716
323 324 4.823684999999999
324 325 7.80125
325 326 65.430272
326 327 908.580285
326 328 286.652553
328 329 614.982408
329 330 458.438968
329 331 1
328 332 584.494697
325 333 101.96645099999999
333 334 897.94263
333 335 668.429981
335 336 16.537883
335 337 331.663702
324 338 100.83108899999999
338 339 887.125445
338 340 747.791628
340 341 134.055503
341 342 162.706253
341 343 88.360381
340 344 48.568477
323 345 22.462517000000002
345 346 95.822212
346 347 115.622348
347 348 512.805163
348 349 247.866954
349 350 54.634395000000005
349 351 51.542474000000006
351 352 239.765094
351 353 49.879928
348 354 1
347 355 886.628046
346 356 899.326177
345 357 977.757314
68 358 0.10561999999999999
358 359 0.288965
359 360 1.008688
360 361 3.5343189999999995
361 362 996.471069
361 363 6.395341
363 364 20.239957999999998
364 365 29.867228
365 366 94.60716000000001
366 367 169.69384300000002
367 368 830.3021980000001
367 369 1
366 370 905.392401
365 371 970.133607
364 372 979.8484500000001
363 373 73.74861700000001
373 374 759.826858
374 375 217.660658
374 376 70.748678
373 377 935.315604
360 378 934.87922
378 379 66.135662
378 380 62.522060999999994
359 381 1.757981
381 382 5.304457
382 383 9.744150999999999
383 384 11.979156
384 385 68.218631
385 386 143.80399699999998
386 387 457.45604599999996
386 388 864.05089
385 389 915.728288
389 390 1
389 391 1.2540360000000002
384 392 988.004387
383 393 990.770755
382 394 348.079993
394 395 306.448733
395 396 81.11791699999999
396 397 96.954434
396 398 93.798872
398 399 95.997367
398 400 534.0097840000001
395 401 51.501799999999996
401 402 122.40284
402 403 1
402 404 326.408619
401 405 222.37660899999997
405 406 328.382523
405 407 1
394 408 514.560785
408 409 262.63113599999997
408 410 14.880531
381 411 14.101347
411 412 396.987179
412 413 605.692857
412 414 419.362953
414 415 1
414 416 580.617617
411 417 91.891757
417 418 870.911494
417 419 907.470507
358 420 0.92158
420 421 423.10661400000004
421 422 126.411443
422 423 296.701644
423 424 217.43681800000002
423 425 311.636141
422 426 335.204512
421 427 577.257131
420 428 7.491167
428 429 11.525374
429 430 552.351772
430 431 414.13262599999996
430 432 356.647543
432 433 1
432 434 349.581673
429 435 33.855089
435 436 43.371376
436 437 65.638069
437 438 453.040647
437 439 259.66418799999997
439 440 467.716638
439 441 663.831868
441 442 493.440352
441 443 1
436 444 956.63049
435 445 966.16099
428 446 552.744897
446 447 437.75518800000003
446 448 441.98790600000007
67 449 0.058774
449 450 0.0076500000000000005
450 451 0.029551
451 452 0.076172
452 453 0.253553
453 454 0.364286
454 455 2.934571
455 456 36.987184
456 457 955.3963120000001
456 458 964.715116
455 459 5.795591
459 460 7.3651480000000005
460 461 44.905603
461 462 97.32942100000001
462 463 505.91082800000004
463 464 319.831981
464 465 30.655384
465 466 81.575499
465 467 137.759658
464 468 92.98322399999999
463 469 1
462 470 864.550892
461 471 96.080338
471 472 217.541453
472 473 798.061338
472 474 631.251076
471 475 442.37515600000006
475 476 529.994784
475 477 156.166711
460 478 992.63464
459 479 994.213529
454 480 999.6346730000001
453 481 999.8925039999999
452 482 0.583755
482 483 1.097629
483 484 1.8884180000000002
484 485 2.794665
485 486 8.531316
486 487 23.048037
487 488 42.814052000000004
488 489 431.90491299999996
489 490 353.165836
489 491 261.661207
488 492 955.4473039999999
487 493 850.416879
493 494 100.915716
493 495 152.152376
486 496 991.489908
485 497 267.257079
497 498 719.823861
497 499 740.01934
484 500 28.644994
500 501 964.958739
500 502 277.778816
502 503 721.562406
502 504 671.105502
483 505 70.85881
505 506 929.978942
505 507 197.25140199999998
507 508 479.342195
508 509 193.610963
508 510 305.089815
510 511 137.61741
510 512 158.307692
507 513 465.763737
513 514 1
513 515 386.521167
482 516 1.349944
516 517 7.966366
517 518 104.151091
518 519 176.282488
519 520 608.7482709999999
519 521 575.418985
521 522 411.66875799999997
521 523 104.89224399999999
518 524 878.0935830000001
517 525 219.090338
525 526 138.325324
526 527 267.80019699999997
527 528 799.422425
527 529 1
526 530 378.921552
530 531 60.945831
530 532 450.567898
532 533 13.25229
532 534 32.005235
525 535 781.2668719999999
516 536 85.754777
536 537 168.938473
537 538 342.006836
538 539 235.63215999999997
538 540 270.336624
540 541 201.272143
540 542 596.329098
537 543 293.457476
543 544 230.81924100000003
544 545 150.35220600000002
545 546 65.98751200000001
545 547 1
544 548 144.55130300000002
543 549 394.43033399999996
536 550 202.922737
550 551 748.822294
550 552 672.114687
451 553 0.037057
553 554 0.20291599999999999
554 555 0.385139
555 556 0.508663
556 557 1.359591
557 558 3.603435
558 559 18.0985
559 560 24.938289
560 561 80.420418
561 562 919.5575359999999
561 563 224.33952399999998
563 564 191.967548
563 565 775.670799
560 566 975.210943
559 567 981.759733
558 568 159.938581
568 569 828.903457
568 570 843.880772
557 571 296.656414
571 572 617.124316
572 573 385.822887
572 574 1
571 575 698.8460769999999
556 576 6.121112
576 577 48.107474
577 578 743.520808
578 579 180.325592
579 580 83.68365399999999
579 581 41.132675
578 582 52.663075000000006
582 583 117.334676
582 584 75.92753
577 585 953.285408
576 586 682.83326
586 587 314.784751
586 588 303.02554000000003
555 589 1.818577
589 590 998.2314329999999
589 591 2.860507
591 592 4.613773
592 593 14.693391
593 594 20.127891
594 595 131.596359
595 596 791.935921
595 597 904.6091929999999
594 598 39.301723
598 599 238.96053099999997
599 600 50.042492
599 601 761.039796
598 602 960.698882
593 603 985.309227
592 604 263.192963
604 605 294.226652
605 606 522.508993
605 607 348.74579
604 608 693.2343529999999
608 609 13.420319
608 610 69.289463
591 611 14.939641
611 612 145.490817
612 613 852.925557
612 614 823.0181460000001
611 615 825.0701700000001
615 616 142.847646
615 617 168.824838
554 618 1.6815299999999997
618 619 5.541431
619 620 16.735731
620 621 20.177408
621 622 55.179068
622 623 284.83286599999997
623 624 230.188349
623 625 715.119075
622 626 944.820193
621 627 979.907987
620 628 983.0964220000001
619 629 889.9478889999999
629 630 52.883517000000005
630 631 66.749397
630 632 21.754266
629 633 112.46129499999999
618 634 587.0307839999999
634 635 408.49544099999997
634 636 344.29995099999996
636 637 65.39295899999999
636 638 72.571877
553 639 0.19431800000000002
639 640 0.895119
640 641 1.466884
641 642 2.304127
642 643 4.0375000000000005
643 644 4.9504399999999995
644 645 14.214168999999998
645 646 25.312241
646 647 26.197761000000003
647 648 161.48086
648 649 838.517603
648 650 1
647 651 973.805084
646 652 198.99718
652 653 786.871468
652 654 758.686207
654 655 4.425823
654 656 7.196382
645 657 985.787111
644 658 727.357247
658 659 255.997787
658 660 237.567781
660 661 79.608873
660 662 4.019514
643 663 995.964042
642 664 997.806245
641 665 998.3041589999999
640 666 999.3090609999999
639 667 1.6142349999999999
667 668 22.294425
668 669 102.82898899999999
669 670 897.661447
669 671 550.419261
671 672 160.300551
671 673 443.68116999999995
668 674 31.333955000000003
674 675 109.67477299999999
675 676 83.459417
676 677 92.251928
677 678 115.770989
678 679 122.746673
679 680 115.169892
680 681 232.39043700000002
680 682 79.762507
679 683 150.11540000000002
678 684 466.299681
684 685 137.357021
684 686 14.149413
686 687 32.337132000000004
686 688 20.542488
677 689 49.100688999999996
689 690 118.541498
690 691 137.962655
691 692 287.12071
691 693 39.014993999999994
693 694 79.034515
694 695 193.862595
695 696 32.587624
695 697 148.94624000000002
694 698 247.305048
698 699 65.76666300000001
699 700 8.810729
699 701 84.927787
701 702 2.94937
701 703 8.059206
698 704 138.322854
693 705 362.29315299999996
690 706 284.75437800000003
706 707 132.490539
706 708 108.366114
689 709 667.817928
676 710 60.548232
710 711 352.293071
711 712 138.422198
712 713 23.181717
713 714 162.710537
713 715 41.378305999999995
712 716 311.35837
711 717 174.77771900000002
717 718 2.829799
717 719 25.821440000000003
719 720 40.204012999999996
720 721 79.953964
720 722 81.01601000000001
722 723 176.229182
723 724 52.71585399999999
723 725 81.267122
722 726 122.156138
719 727 31.490192
710 728 403.35672999999997
728 729 202.840188
728 730 292.13942199999997
675 731 400.01905400000004
731 732 81.822483
732 733 309.558329
733 734 101.69713499999999
733 735 50.67342500000001
735 736 1
735 737 95.568395
732 738 97.83207900000001
738 739 127.505244
738 740 40.820673
740 741 12.456831
740 742 86.21265299999999
731 743 52.599564
743 744 170.16348299999999
744 745 43.326980999999996
745 746 82.117301
745 747 173.218568
744 748 383.727043
743 749 200.693888
749 750 119.88656
749 751 121.012558
751 752 1
751 753 155.112189
674 754 391.761179
754 755 274.140477
755 756 81.261972
756 757 82.302522
757 758 71.449574
757 759 29.063425999999996
756 760 24.812568
760 761 57.49644000000001
761 762 46.973756
762 763 378.33507499999996
762 764 501.223245
761 765 113.35295400000001
765 766 94.019914
766 767 73.462316
766 768 22.813343
768 769 24.520189000000002
768 770 71.973676
765 771 90.530654
760 772 64.324236
772 773 69.105253
773 774 28.922627000000002
773 775 0.503347
772 776 70.55154399999999
755 777 183.04778100000001
754 778 634.14824
667 779 3.075864
779 780 28.087922999999996
780 781 74.905377
781 782 166.113384
782 783 844.5149969999999
782 784 597.443261
781 785 441.590576
785 786 226.229206
786 787 22.615454
787 788 16.414709
788 789 33.447277
789 790 63.961538
789 791 38.758248
788 792 44.974515999999994
787 793 29.870185999999997
793 794 83.541057
793 795 36.946726000000005
795 796 3.232322
795 797 6.077869000000001
786 798 36.226887000000005
798 799 21.254052
799 800 100.392408
799 801 0.444853
798 802 19.894807
785 803 350.78919
803 804 119.03620800000002
804 805 28.614454000000002
805 806 395.810686
805 807 1
804 808 1
803 809 238.665781
780 810 130.63101699999999
810 811 80.956226
811 812 223.95260499999998
812 813 173.435184
813 814 228.331282
814 815 455.246939
814 816 301.310264
813 817 42.873298
817 818 415.042678
817 819 301.808598
812 820 407.586373
811 821 786.4637700000001
810 822 829.237436
779 823 14.837323
823 824 523.696248
824 825 261.95585
825 826 226.82079800000002
825 827 216.331872
824 828 361.166103
828 829 1
828 830 82.183638
830 831 304.334842
830 832 1
823 833 970.8010570000001
450 834 0.013488000000000002
834 835 0.06615800000000001
835 836 0.43949000000000005
836 837 0.833041
837 838 998.226531
837 839 1.9285670000000001
839 840 907.787201
840 841 87.656421
840 842 77.693824
842 843 15.38106
842 844 17.03017
839 845 6.2562489999999995
845 846 13.031483999999999
846 847 986.966892
846 848 40.383117
848 849 89.85683800000001
849 850 123.280601
850 851 876.718368
850 852 175.95764300000002
849 853 910.1502489999999
848 854 959.6012760000001
845 855 906.5527940000001
855 856 98.311755
855 857 76.12127699999999
836 858 1.0054459999999998
858 859 133.448888
859 860 245.772533
860 861 139.098872
861 862 96.744291
861 863 599.218937
860 864 755.854846
859 865 864.0542
858 866 3.136435
866 867 5.803685
867 868 846.2500269999999
868 869 134.253384
868 870 161.626397
867 871 6.451714999999999
871 872 31.905006000000004
872 873 109.029668
873 874 238.07349800000003
874 875 761.909626
874 876 21.039601
873 877 890.968942
872 878 968.206787
871 879 718.775291
879 880 246.633336
879 881 229.642039
881 882 13.068344000000002
881 883 132.607896
866 884 996.8848859999999
835 885 0.116179
885 886 0.760397
886 887 2.616551
887 888 5.108495
888 889 995.794443
888 890 6.048253
890 891 889.444576
891 892 109.520394
891 893 99.416048
890 894 7.951358999999999
894 895 41.687999
895 896 958.3111819999999
895 897 47.004374
897 898 92.77116
898 899 30.452699
898 900 907.227588
897 901 952.9957700000001
894 902 992.0696250000001
887 903 332.072001
903 904 660.5642429999999
903 905 666.515056
886 906 3.4130979999999997
906 907 35.947154
907 908 196.738776
908 909 794.984744
908 910 725.384819
907 911 140.995501
911 912 247.577647
912 913 425.119613
913 914 188.596543
913 915 87.42023
915 916 149.044715
915 917 25.864061
912 918 396.266054
918 919 660.76094
918 920 1
911 921 519.1759860000001
921 922 67.421466
922 923 34.25445
923 924 93.39856
923 925 33.758834
922 926 17.133276
926 927 237.980255
926 928 43.699259
921 929 336.94204
906 930 9.697572000000001
930 931 76.291359
931 932 692.931373
932 933 322.08464299999997
932 934 148.908733
931 935 898.821215
930 936 56.144249
936 937 57.727501999999994
937 938 707.027478
938 939 1
938 940 230.648967
937 941 942.3503450000001
936 942 943.907002
885 943 1.088533
943 944 2.947539
944 945 650.388234
945 946 350.376231
945 947 180.077384
947 948 233.920832
947 949 87.278705
944 950 161.347698
950 951 211.384701
951 952 92.248361
952 953 375.313421
953 954 239.46935699999997
953 955 333.438822
955 956 1
955 957 213.02699299999998
957 958 17.130119999999998
957 959 76.783821
952 960 54.282956999999996
960 961 210.984814
961 962 264.261163
961 963 565.428257
960 964 511.30707099999995
951 965 468.43594800000005
965 966 1
965 967 160.649429
950 968 839.416374
943 969 35.489211999999995
969 970 49.190703
970 971 176.115145
971 972 575.702017
971 973 823.939261
970 974 951.676424
969 975 962.653805
834 976 0.03069
976 977 0.091447
977 978 0.567519
978 979 285.413844
979 980 371.119062
980 981 628.875847
980 982 55.034625999999996
979 983 714.750556
978 984 1.174376
984 985 4.442315
985 986 12.140992
986 987 14.398543
987 988 40.594922
988 989 893.0262640000001
988 990 615.098942
990 991 291.939048
990 992 425.230488
987 993 965.1284430000001
986 994 22.139557
994 995 70.037554
995 996 929.954462
995 997 149.49062500000002
997 998 387.642969
997 999 850.4715409999999
994 1000 979.82663
985 1001 460.17094299999997
1001 1002 542.610321
1001 1003 528.131141
984 1004 640.198541
1004 1005 360.676662
1004 1006 125.182343
1006 1007 157.675483
1006 1008 305.49026399999997
977 1009 0.5424789999999999
1009 1010 8.273783
1010 1011 20.422646
1011 1012 978.3972950000001
1011 1013 33.567828999999996
1013 1014 383.992972
1014 1015 249.94463800000003
1015 1016 356.720156
1015 1017 219.006951
1014 1018 235.40855
1018 1019 150.38090799999998
1018 1020 321.732406
1013 1021 163.140087
1021 1022 731.041238
1021 1023 876.043948
1010 1024 991.93253
1009 1025 1.8336229999999998
1025 1026 2.82593
1026 1027 13.593163
1027 1028 16.238427
1028 1029 23.313423
1029 1030 49.622318
1030 1031 204.93217700000002
1031 1032 755.166312
1032 1033 24.57666
1033 1034 1
1033 1035 11.186119999999999
1035 1036 2.550573
1036 1037 34.598927
1037 1038 40.845914
1038 1039 3.9207520000000002
1039 1040 3.4131219999999995
1040 1041 5.105023
1040 1042 1.137925
1042 1043 85.25000700000001
1043 1044 40.333599
1043 1045 1
1042 1046 4.096349
1039 1047 1.729986
1038 1048 5.8351489999999995
1037 1049 37.032933
1036 1050 4.368438
1050 1051 1
1050 1052 15.39695
1052 1053 79.180696
1052 1054 1
1035 1055 1
1032 1056 1
1031 1057 1
1030 1058 950.3773130000001
1029 1059 976.6860510000001
1028 1060 983.761574
1027 1061 986.424049
1026 1062 997.146353
1025 1063 998.25483
976 1064 0.129404
1064 1065 0.283288
1065 1066 4.534601
1066 1067 10.751889
1067 1068 17.817348
1068 1069 189.58651500000002
1069 1070 831.9789000000001
1069 1071 753.202143
1068 1072 155.03753899999998
1072 1073 558.042905
1073 1074 162.72861300000002
1074 1075 47.70578
1075 1076 12.556413
1076 1077 1
1076 1078 53.139061
1078 1079 15.08256
1079 1080 58.077007
1079 1081 41.934142
1081 1082 5.843869
1082 1083 1
1082 1084 14.930007
1084 1085 55.245277
1085 1086 10.283926000000001
1086 1087 2.847019
1087 1088 25.463165999999998
1088 1089 7.975368
1089 1090 19.723126999999998
1089 1091 5.4957899999999995
1091 1092 35.998067999999996
1091 1093 14.652316
1093 1094 10.156034
1094 1095 13.702428
1095 1096 14.800993000000002
1095 1097 5.336926
1094 1098 7.720944
1093 1099 38.058896
1099 1100 69.132644
1100 1101 21.993738
1100 1102 5.356048
1099 1103 47.172402000000005
1103 1104 138.515661
1104 1105 1
1104 1106 194.343324
1106 1107 1
1106 1108 160.272358
1108 1109 1
1108 1110 115.350389
1103 1111 72.796025
1088 1112 30.196460000000002
1087 1113 5.876048
1113 1114 9.755003
1113 1115 28.332718
1086 1116 21.571376
1116 1117 35.989706
1116 1118 13.619316000000001
1085 1119 13.220972999999999
1119 1120 8.416026
1120 1121 0.421605
1120 1122 1
1119 1123 37.519454
1084 1124 13.065734
1124 1125 0.382498
1124 1126 1.20932
1081 1127 1
1078 1128 12.910429
1075 1129 85.589275
1129 1130 1
1129 1131 62.656963
1131 1132 1
1131 1133 1
1074 1134 1
1073 1135 146.92844599999998
1072 1136 834.2141700000001
1067 1137 951.060372
1137 1138 42.859786
1137 1139 34.569372
1066 1140 757.8194
1140 1141 230.929276
1140 1142 157.530527
1142 1143 55.043533
1142 1144 114.749562
1065 1145 0.722837
1145 1146 1.163245
1146 1147 384.303767
1147 1148 617.602796
1147 1149 611.6323170000001
1146 1150 1.287669
1150 1151 492.288947
1151 1152 279.648897
1152 1153 162.844817
1152 1154 79.24877500000001
1154 1155 183.804624
1155 1156 83.875007
1155 1157 65.272056
1157 1158 1
1157 1159 50.105844
1159 1160 1
1159 1161 125.94853900000001
1161 1162 94.26674200000001
1161 1163 278.88088899999997
1163 1164 236.682574
1164 1165 26.858693
1164 1166 1
1163 1167 342.48632200000003
1154 1168 83.015867
1151 1169 512.5983640000001
1150 1170 7.598592
1170 1171 991.951358
1170 1172 10.987368
1172 1173 40.455096000000005
1173 1174 73.653375
1174 1175 927.04837
1174 1176 111.81981700000001
1176 1177 25.255997
1176 1178 888.1806389999999
1173 1179 958.144592
1172 1180 989.229641
1145 1181 627.808632
1181 1182 314.751984
1182 1183 190.520775
1183 1184 253.60801300000003
1184 1185 106.89298099999999
1184 1186 37.81224
1186 1187 0.21335400000000002
1186 1188 3.2955949999999996
1183 1189 1
1182 1190 1
1181 1191 371.769354
1064 1192 0.158433
1192 1193 0.30998699999999996
1193 1194 1.402104
1194 1195 3.691958
1195 1196 71.814101
1196 1197 666.039628
1197 1198 176.406518
1197 1199 339.43215499999997
1196 1200 682.663593
1200 1201 290.586594
1200 1202 178.93473600000002
1195 1203 123.927871
1203 1204 878.0093909999999
1203 1205 867.5983699999999
1194 1206 3.215465
1206 1207 39.672929
1207 1208 731.512678
1208 1209 170.540185
1208 1210 268.693175
1207 1211 962.670043
1206 1212 321.08900500000004
1212 1213 667.056397
1212 1214 673.868108
1193 1215 0.8577110000000001
1215 1216 0.797814
1216 1217 3.83582
1217 1218 4.270976
1218 1219 12.834129999999998
1219 1220 16.240182
1220 1221 28.522549
1221 1222 46.142082
1222 1223 56.668558000000004
1223 1224 943.3525850000001
1223 1225 1
1222 1226 953.817833
1221 1227 971.480545
1220 1228 983.744998
1219 1229 987.196945
1218 1230 995.666788
1217 1231 748.784891
1231 1232 199.201674
1232 1233 55.766450999999996
1232 1234 41.292953
1231 1235 247.404653
1216 1236 727.213349
1236 1237 274.882265
1236 1238 233.77645500000003
1238 1239 6.889367
1238 1240 63.054843999999996
1215 1241 3.8502920000000005
1241 1242 995.540295
1241 1243 7.513965000000001
1243 1244 13.413939
1244 1245 21.615265
1245 1246 37.802714
1246 1247 79.162411
1247 1248 273.67925
1248 1249 726.200999
1248 1250 1
1247 1251 920.91376
1246 1252 962.041641
1245 1253 978.396388
1244 1254 987.051077
1243 1255 992.2117679999999
1192 1256 1.2279740000000001
1256 1257 22.306312000000002
1257 1258 159.410917
1258 1259 386.642083
1259 1260 250.130796
1259 1261 255.162771
1261 1262 185.172211
1261 1263 436.149084
1258 1264 842.1902429999999
1257 1265 152.612751
1265 1266 672.267967
1266 1267 288.271182
1266 1268 1
1265 1269 844.421981
1256 1270 2.193088
1270 1271 2.3918470000000003
1271 1272 13.344582999999998
1272 1273 986.6095059999999
1272 1274 24.097997
1274 1275 67.994872
1275 1276 139.394945
1276 1277 267.718135
1277 1278 9.101678
1278 1279 6.716419
1279 1280 5.32438
1280 1281 2.4041099999999997
1281 1282 3.759956
1282 1283 0.568359
1283 1284 0.630115
1284 1285 0.634444
1284 1286 2.28156
1283 1287 1.027832
1287 1288 3.610291
1288 1289 3.49995
1288 1290 5.848554999999999
1287 1291 5.1134569999999995
1291 1292 6.698701
1292 1293 10.218715
1293 1294 3.740819
1294 1295 6.0263610000000005
1295 1296 14.848961
1296 1297 0.343272
1296 1298 1.991365
1295 1299 7.282862
1294 1300 1.199816
1300 1301 0.184389
1301 1302 0.461953
1302 1303 1.074027
1303 1304 0.6557999999999999
1304 1305 2.706132
1305 1306 3.52396
1305 1307 2.514928
1304 1308 2.55464
1303 1309 1.215066
1309 1310 1.1773310000000001
1310 1311 1.886594
1310 1312 0.46142
1309 1313 1.466246
1302 1314 1.7834949999999998
1301 1315 1.8592689999999998
1300 1316 2.328306
1316 1317 5.904324
1317 1318 1.6194920000000002
1317 1319 1.92237
1316 1320 3.7489920000000003
1293 1321 6.091548
1321 1322 0.7380420000000001
1322 1323 0.564727
1323 1324 1.8568879999999999
1324 1325 2.376346
1325 1326 2.945397
1325 1327 4.655168
1324 1328 2.526634
1323 1329 2.528869
1322 1330 3.155919
1321 1331 2.584178
1331 1332 5.710589
1331 1333 1.801974
1292 1334 3.59807
1334 1335 5.935679
1335 1336 0.321692
1336 1337 1.586712
1336 1338 1.9852109999999998
1335 1339 0.44589900000000005
1339 1340 0.25418799999999997
1340 1341 0.236347
1341 1342 1.27474
1341 1343 0.537716
1343 1344 0.398112
1344 1345 5.727645
1344 1346 0.629625
1343 1347 0.622261
1347 1348 2.5514229999999998
1347 1349 3.1475049999999998
1340 1350 0.14318899999999998
1350 1351 1.9098279999999999
1350 1352 2.610709
1339 1353 4.590711
1353 1354 5.705802
1353 1355 5.2848619999999995
1334 1356 1.3326630000000002
1356 1357 1.068823
1357 1358 1.108328
1358 1359 0.452285
1359 1360 0.489234
1360 1361 0.6793600000000001
1361 1362 0.396721
1362 1363 1.264486
1363 1364 1.711615
1363 1365 3.439578
1362 1366 1.063798
1361 1367 1.3251870000000001
1360 1368 1.944249
1359 1369 0.36571400000000004
1369 1370 0.5073
1370 1371 0.780089
1371 1372 0.805586
1372 1373 2.0312099999999997
1372 1374 0.218493
1374 1375 3.948973
1374 1376 2.02729
1371 1377 0.53094
1377 1378 2.947725
1377 1379 2.427459
1370 1380 0.850603
1380 1381 2.042324
1380 1382 1.5897979999999998
1369 1383 1.1494360000000001
1383 1384 1.684523
1383 1385 3.993048
1358 1386 1.352976
1386 1387 0.595155
1387 1388 0.270337
1387 1389 0.591444
1386 1390 1.839343
1357 1391 1.183615
1391 1392 1.112595
1392 1393 0.758633
1393 1394 0.587218
1393 1395 18.728894
1392 1396 2.582102
1391 1397 0.294041
1397 1398 0.55457
1398 1399 1
1398 1400 1.75181
1397 1401 0.911868
1356 1402 5.7200809999999995
1291 1403 0.5785399999999999
1403 1404 2.514153
1403 1405 0.518644
1405 1406 1.350206
1405 1407 1.507586
1282 1408 0.379841
1408 1409 4.650456
1408 1410 2.726295
1281 1411 0.6597040000000001
1280 1412 2.116968
1279 1413 1
1278 1414 1
1277 1415 1
1276 1416 860.607229
1275 1417 931.997094
1274 1418 975.924004
1271 1419 997.587167
1270 1420 208.12775000000002
1420 1421 794.1880209999999
1420 1422 785.383105
449 1423 0.024954000000000004
1423 1424 0.016032
1424 1425 0.011243000000000001
1425 1426 0.032337000000000005
1426 1427 0.20234799999999997
1427 1428 0.430887
1428 1429 1.774343
1429 1430 3.118005
1430 1431 5.280333000000001
1431 1432 6.136337
1432 1433 14.555587000000001
1433 1434 42.285251
1434 1435 77.95875799999999
1435 1436 922.041164
1435 1437 159.7426
1437 1438 176.491608
1438 1439 541.98969
1439 1440 1
1439 1441 1
1438 1442 785.537772
1437 1443 1
1434 1444 957.7147269999999
1433 1445 985.44461
1432 1446 993.885696
1431 1447 971.8487630000001
1447 1448 17.556378
1448 1449 6.663908999999999
1448 1450 3.899918
1447 1451 22.879756
1430 1452 148.97786399999998
1452 1453 481.456293
1453 1454 516.583298
1453 1455 218.442277
1452 1456 846.7069730000001
1429 1457 998.2302609999999
1428 1458 999.57028
1427 1459 1.468938
1459 1460 2.8996750000000002
1460 1461 14.751733999999999
1461 1462 18.884812
1462 1463 55.545003
1463 1464 65.931175
1464 1465 533.6472299999999
1464 1466 934.07865
1463 1467 944.435032
1462 1468 981.1131039999999
1461 1469 985.248391
1460 1470 887.601149
1470 1471 114.08252000000002
1470 1472 105.472132
1459 1473 998.0758209999999
1426 1474 0.151173
1474 1475 0.400924
1475 1476 16.955196
1476 1477 54.963105
1477 1478 81.524075
1478 1479 930.430988
1478 1480 790.776072
1477 1481 616.667466
1481 1482 213.66618599999998
1481 1483 382.22058699999997
1476 1484 71.663989
1484 1485 928.318365
1484 1486 79.679343
1486 1487 787.027615
1487 1488 264.319143
1487 1489 1
1486 1490 761.223897
1475 1491 3.443887
1491 1492 208.51223600000003
1492 1493 463.640012
1493 1494 455.13166700000005
1494 1495 65.747912
1494 1496 89.79274699999999
1493 1497 49.369811000000006
1497 1498 3.028979
1498 1499 1
1498 1500 3.054225
1497 1501 110.59541399999999
1501 1502 3.879213
1501 1503 1
1492 1504 792.454908
1491 1505 4.908735999999999
1505 1506 6.207709
1506 1507 159.69731199999998
1507 1508 799.303544
1508 1509 13.668589
1509 1510 1
1509 1511 18.342447
1511 1512 9.499298
1512 1513 15.294343
1513 1514 0.365046
1514 1515 1.171082
1515 1516 0.411592
1515 1517 0.372359
1514 1518 13.838301999999999
1518 1519 1.6376140000000001
1518 1520 1.3785260000000001
1513 1521 1.03468
1512 1522 66.87084
1522 1523 9.123562
1523 1524 23.226478
1524 1525 4.128916
1524 1526 13.248913000000002
1523 1527 18.14012
1522 1528 21.259063
1511 1529 1
1508 1530 1
1507 1531 855.9160840000001
1506 1532 46.250422
1532 1533 953.7520900000001
1532 1534 142.785405
1534 1535 857.2076360000001
1534 1536 615.0297519999999
1505 1537 567.06989
1537 1538 438.277514
1537 1539 274.068605
1539 1540 57.040815
1539 1541 230.15954399999998
1474 1542 0.39653099999999997
1542 1543 69.635764
1543 1544 20.257849
1544 1545 528.77088
1545 1546 292.937069
1545 1547 504.25666400000006
1544 1548 211.14119499999998
1548 1549 169.630664
1549 1550 86.043551
1550 1551 42.372127
1550 1552 54.61480399999999
1552 1553 58.947465
1553 1554 110.06812500000001
1554 1555 216.112211
1554 1556 138.89345500000002
1553 1557 504.808575
1552 1558 43.545317
1549 1559 302.508711
1559 1560 158.079142
1560 1561 31.646914999999996
1561 1562 34.576941
1562 1563 5.19922
1562 1564 15.486311
1561 1565 19.738341000000002
1560 1566 17.135486
1559 1567 29.357849
1567 1568 82.087252
1568 1569 25.553491
1569 1570 14.510749
1570 1571 80.69030699999999
1570 1572 46.474899
1569 1573 75.836704
1568 1574 12.068215
1574 1575 50.265280000000004
1575 1576 79.40187800000001
1576 1577 28.327113999999998
1577 1578 1
1577 1579 7.508599
1579 1580 29.434728
1579 1581 28.052348
1576 1582 30.450986
1575 1583 7.102741999999999
1583 1584 21.416192000000002
1584 1585 26.041798
1585 1586 70.527776
1586 1587 9.572410000000001
1587 1588 51.580736
1587 1589 59.697666999999996
1586 1590 18.021383999999998
1590 1591 37.913086
1591 1592 1
1591 1593 89.117407
1590 1594 9.531014
1594 1595 13.391033
1594 1596 36.681038
1585 1597 66.66342200000001
1597 1598 132.760567
1598 1599 44.1282
1598 1600 20.629131
1600 1601 1
1600 1602 79.387321
1597 1603 62.037625
1603 1604 32.488895
1604 1605 68.587307
1605 1606 52.258052
1605 1607 40.967831
1607 1608 0.092295
1607 1609 13.520773
1604 1610 54.675328
1610 1611 51.123399000000006
1610 1612 40.455186999999995
1612 1613 8.927074
1612 1614 15.700272000000002
1603 1615 133.56942899999999
1615 1616 1
1615 1617 23.786909
1617 1618 25.401747000000004
1617 1619 4.297286
1584 1620 25.191957999999996
1620 1621 46.681118
1621 1622 26.809607000000003
1622 1623 27.231026000000004
1622 1624 1.069342
1621 1625 43.53616
1620 1626 10.431161999999999
1626 1627 45.358994
1627 1628 47.167398999999996
1627 1629 43.73761
1629 1630 237.719883
1629 1631 21.1254
1631 1632 42.010911
1632 1633 59.143573
1632 1634 64.74477
1634 1635 1
1634 1636 27.046363
1636 1637 112.41633900000001
1636 1638 73.875933
1638 1639 75.449133
1638 1640 25.887390999999997
1631 1641 138.411513
1626 1642 17.232435
1642 1643 77.573505
1643 1644 32.200491
1643 1645 7.620671
1642 1646 32.272505
1646 1647 96.922444
1647 1648 61.125573
1647 1649 38.736989
1646 1650 28.944349000000003
1650 1651 23.278236999999997
1651 1652 53.199932000000004
1651 1653 12.663977000000001
1650 1654 75.87498099999999
1583 1655 132.25136799999999
1655 1656 75.895148
1656 1657 83.189024
1656 1658 56.97933200000001
1655 1659 67.824345
1659 1660 78.494651
1659 1661 10.078935
1574 1662 30.783306
1662 1663 85.129373
1662 1664 117.23246300000001
1664 1665 105.15810400000001
1665 1666 118.085596
1665 1667 95.764159
1664 1668 319.953151
1567 1669 29.727553
1669 1670 84.332626
1669 1671 169.567034
1548 1672 798.625135
1543 1673 337.125399
1673 1674 567.984224
1673 1675 617.752754
1542 1676 999.68883
1425 1677 0.023739
1677 1678 0.008788
1678 1679 0.009943
1679 1680 0.001256
1680 1681 0.00045
1681 1682 5.999999999999999e-06
1682 1683 8e-06
1683 1684 1000.0
1683 1685 1
1685 1686 2e-06
1686 1687 1
1687 1688 1
1688 1689 1
1689 1690 1000.0
1689 1691 1000.0
1688 1692 1
1692 1693 1000.0
1692 1694 1000.0
1687 1695 989.748266
1695 1696 10.251733999999999
1695 1697 10.251733999999999
1686 1698 1000.0
1685 1699 999.999998
1682 1700 999.999992
1681 1701 999.999994
1680 1702 999.9995500000001
1679 1703 999.998744
1678 1704 0.013991
1704 1705 427.766149
1705 1706 572.236397
1705 1707 572.194783
1704 1708 0.064258
1708 1709 0.261865
1709 1710 0.6628550000000001
1710 1711 2.628577
1711 1712 8.530444
1712 1713 9.569314
1713 1714 27.126937
1714 1715 45.367691
1715 1716 426.640936
1716 1717 573.358967
1716 1718 1
1715 1719 954.6323770000001
1714 1720 973.064604
1713 1721 990.047341
1712 1722 991.470611
1711 1723 997.39696
1710 1724 1.427391
1724 1725 2.926272
1725 1726 14.07798
1726 1727 16.692126
1727 1728 51.544864999999994
1728 1729 59.298314
1729 1730 148.155087
1730 1731 851.8448040000001
1730 1732 1
1729 1733 940.7017079999999
1728 1734 948.455201
1727 1735 983.3079270000001
1726 1736 985.921821
1725 1737 775.456842
1737 1738 226.90559000000002
1737 1739 218.303191
1724 1740 258.189667
1740 1741 740.053521
1740 1742 710.176846
1742 1743 57.03963399999999
1742 1744 1
1709 1745 999.7381349999999
1708 1746 999.939026
1677 1747 0.019865999999999998
1747 1748 0.277247
1748 1749 640.729639
1749 1750 358.660901
1749 1751 357.484508
1751 1752 1
1751 1753 10.929115
1748 1754 0.59505
1754 1755 1.7849279999999998
1755 1756 2.700686
1756 1757 3.7962460000000005
1757 1758 25.617247999999996
1758 1759 58.715153
1759 1760 890.778225
1759 1761 940.528751
1758 1762 50.022493999999995
1762 1763 96.715485
1763 1764 489.663328
1763 1765 903.286073
1762 1766 949.9820679999999
1757 1767 748.921795
1767 1768 262.380197
1767 1769 232.19171599999999
1756 1770 997.286015
1755 1771 998.2254149999999
1754 1772 2.86388
1772 1773 6.410556000000001
1773 1774 12.588223000000001
1774 1775 605.739622
1775 1776 403.857691
1775 1777 359.481874
1774 1778 31.845024
1778 1779 47.411604000000004
1779 1780 952.5850180000001
1779 1781 126.895151
1781 1782 351.605538
1781 1783 873.1048660000001
1778 1784 968.1559460000001
1773 1785 937.74575
1785 1786 60.560095999999994
1785 1787 52.976586000000005
1772 1788 304.71259299999997
1788 1789 688.385367
1788 1790 693.4462159999999
1747 1791 0.063095
1791 1792 0.096595
1792 1793 0.466333
1793 1794 0.709047
1794 1795 1.406618
1795 1796 2.936001
1796 1797 16.649264
1797 1798 29.023058000000002
1798 1799 73.870767
1799 1800 926.1288390000001
1799 1801 73.87789500000001
1801 1802 192.848873
1802 1803 1
1802 1804 177.96520600000002
1804 1805 40.24006
1804 1806 39.529412
1801 1807 926.122258
1798 1808 970.9769259999999
1797 1809 983.3515950000001
1796 1810 692.833492
1810 1811 213.95520399999998
1811 1812 129.407158
1811 1813 72.825925
1810 1814 213.029626
1814 1815 18.312099
1815 1816 86.364274
1815 1817 62.541349999999994
1814 1818 67.950198
1795 1819 998.598784
1794 1820 101.68053699999999
1820 1821 895.617141
1820 1822 899.5766010000001
1793 1823 999.5337709999999
1792 1824 999.903198
1791 1825 999.952946
1424 1826 0.052919999999999995
1826 1827 0.327998
1827 1828 0.82583
1828 1829 1.084746
1829 1830 6.085516
1830 1831 12.084306999999999
1831 1832 12.908902
1832 1833 987.0912629999999
1832 1834 74.875171
1834 1835 92.107626
1835 1836 342.024092
1836 1837 266.84270300000003
1836 1838 1
1835 1839 907.8934240000001
1834 1840 925.122165
1831 1841 987.915351
1830 1842 993.9143509999999
1829 1843 998.914771
1828 1844 999.175127
1827 1845 1.46562
1845 1846 998.7148109999999
1845 1847 60.283255999999994
1847 1848 935.2576779999999
1847 1849 939.715728
1826 1850 1.011404
1850 1851 189.99658
1851 1852 355.791448
1852 1853 330.46131
1852 1854 539.7265540000001
1854 1855 1
1854 1856 48.440593
1856 1857 47.810513
1857 1858 12.986460999999998
1857 1859 9.070931999999999
1859 1860 14.760027000000001
1860 1861 43.673761
1860 1862 18.848045
1859 1863 37.678762
1863 1864 48.92697
1864 1865 14.408862
1865 1866 37.328809
1865 1867 63.682598999999996
1864 1868 83.017289
1863 1869 27.065247999999997
1856 1870 1.1649090000000002
1851 1871 810.12948
1850 1872 2.051107
1872 1873 7.008528
1873 1874 68.90463700000001
1874 1875 504.06819
1875 1876 345.795212
1875 1877 508.25376
1874 1878 906.44768
1873 1879 572.1610410000001
1879 1880 413.000578
1879 1881 431.10961799999995
1872 1882 21.934387
1882 1883 977.9425140000001
1882 1884 214.12390399999998
1884 1885 785.875485
1884 1886 724.405664
1423 1887 0.456673
1887 1888 1.449292
1888 1889 4.557398
1889 1890 4.670921
1890 1891 721.898687
1891 1892 86.836662
1892 1893 38.854885
1893 1894 81.108897
1893 1895 57.424777000000006
1895 1896 197.836456
1896 1897 65.425645
1897 1898 1
1897 1899 63.552984
1899 1900 427.676743
1899 1901 1
1896 1902 1
1895 1903 76.525401
1892 1904 158.05919699999998
1891 1905 286.276045
1890 1906 11.834344
1906 1907 988.1833240000001
1906 1908 74.595848
1908 1909 817.4742500000001
1908 1910 925.4033619999999
1889 1911 785.743148
1911 1912 118.94953
1912 1913 90.053881
1912 1914 80.379936
1911 1915 160.488997
1915 1916 77.502454
1915 1917 34.243311
1888 1918 1.9386770000000002
1918 1919 171.63123199999998
1919 1920 238.060904
1920 1921 675.18536
1920 1922 239.27850400000003
1922 1923 136.4198
1923 1924 30.029362
1924 1925 137.998739
1924 1926 139.241918
1923 1927 216.299237
1922 1928 128.547936
1928 1929 87.144453
1928 1930 46.310542
1919 1931 140.226027
1931 1932 29.213358
1932 1933 201.320003
1933 1934 410.153708
1933 1935 410.88961700000004
1932 1936 560.7640749999999
1936 1937 14.391815
1936 1938 127.274839
1938 1939 14.601227999999999
1938 1940 27.861048
1931 1941 167.185641
1941 1942 554.788366
1941 1943 518.778194
1918 1944 28.209947000000003
1944 1945 56.94521700000001
1945 1946 116.818869
1946 1947 716.12118
1946 1948 613.1824230000001
1948 1949 486.757313
1948 1950 118.881703
1945 1951 411.266817
1951 1952 593.794957
1951 1953 338.483069
1944 1954 973.3594589999999
1887 1955 999.604606
8 1956 290.44250800000003
1956 1957 710.017044
1956 1958 708.879873
7 1959 2.8665249999999998
1959 1960 10.11075
1960 1961 92.466173
1961 1962 166.256248
1962 1963 833.979662
1962 1964 257.139648
1964 1965 292.369397
1965 1966 1
1965 1967 525.6867500000001
1964 1968 70.29469499999999
1961 1969 907.0560730000001
1960 1970 989.8892500000001
1959 1971 997.4567670000001
6 1972 257.455688
1972 1973 569.07876
1973 1974 124.106776
1973 1975 222.13720800000002
1972 1976 429.21406199999996
1976 1977 254.456142
1976 1978 353.16987
5 1979 34.128237
1979 1980 444.780905
1980 1981 84.991401
1981 1982 190.84813499999998
1982 1983 84.207785
1982 1984 412.871624
1981 1985 190.967985
1985 1986 150.722297
1985 1987 71.251524
1980 1988 538.244985
1979 1989 64.827591
1989 1990 948.409014
1989 1991 858.0199049999999
4 1992 739.338564
1992 1993 227.64802600000002
1992 1994 274.345116
3 1995 957.804822
2 1996 947.2788810000001
1 1997 97.187613
1 1998 664.199763
