7038 13
43492 15
10762 16
10652 18
31927 19
19766 22
1934 23
19179 30
34857 31
2337 34
13399 36
34458 37
13103 40
36290 41
42219 47
8163 48
28046 49
34628 50
18521 59
5757 60
25753 66
41554 69
25469 70
24575 71
41046 73
13003 74
32182 79
13503 80
43296 81
31525 83
33932 84
36838 86
28945 87
39302 90
45470 92
31680 93
30851 94
40101 96
18579 97
32388 102
35010 104
27278 107
26180 108
11579 110
26319 111
134 112
37499 115
34374 117
26426 120
27664 121
7676 122
14743 123
6682 128
7053 129
14085 131
8122 134
32462 135
44572 138
43561 139
39080 140
41880 142
28097 143
39717 148
40471 149
38105 151
31111 152
9069 153
29582 155
6804 157
23410 158
22608 159
24807 170
8644 172
32323 173
16437 175
15342 177
17272 178
11158 180
44994 181
6504 182
3011 183
31283 187
20140 190
6665 193
11773 195
44894 196
7121 197
917 200
15252 201
10755 202
27909 204
4691 205
39727 211
36791 212
12761 214
10831 216
24326 217
39654 219
41258 222
34083 223
41676 224
23028 226
40815 227
4139 231
12513 234
6912 235
9075 244
22658 245
27335 247
11512 248
151 253
31185 254
37931 256
2379 258
28290 259
27624 260
26583 263
39692 265
17711 266
14524 267
29052 270
18921 274
6557 275
28398 276
10821 277
3157 280
16406 281
30858 282
19388 288
44494 289
3737 290
3347 292
38997 294
23079 295
29678 297
43400 299
25523 300
39961 306
28355 307
3286 309
40043 310
37029 314
9836 316
44960 317
42359 318
26538 319
8864 321
42262 322
2374 326
21789 327
2672 329
18726 330
43415 332
7895 333
43612 337
7110 338
40519 339
16515 340
37862 344
20285 345
28225 346
15990 347
14190 349
16645 351
23238 352
42631 354
9533 356
23658 357
27225 363
10393 364
23039 365
15644 367
17628 368
40337 370
14665 371
35836 373
3772 376
16989 377
2383 380
28147 382
35432 383
43541 384
23051 388
35608 393
5145 394
38822 395
24724 396
8951 398
5610 401
29460 402
24870 404
24182 405
10789 408
39661 412
35807 414
5111 415
13692 416
37183 418
26573 419
42950 420
34335 423
43597 424
19606 426
24058 427
12906 430
37025 431
35253 436
34471 437
15312 439
5268 440
12085 443
503 445
16912 446
14201 448
24537 450
7529 451
39786 458
43637 459
15677 461
44950 465
26606 466
4937 468
17960 469
16611 472
41953 473
15448 475
5062 476
36635 479
26204 480
16925 481
4066 485
3038 486
1814 489
21337 490
2177 491
3503 494
19364 495
7502 499
17444 500
24867 501
4178 504
7030 505
17331 507
3723 508
21613 511
4246 512
33526 514
10290 515
19477 520
25829 521
25098 522
26182 524
1369 525
11202 529
43520 531
14861 532
34041 538
40661 539
20836 540
32992 541
22125 542
18569 543
25276 545
18997 546
39576 548
16544 549
14693 553
32295 556
25250 557
30938 558
24927 561
31298 562
21748 563
3997 564
2107 566
27582 567
10242 569
17259 570
19434 574
26124 576
8643 577
31264 578
6785 579
41506 584
11229 585
11607 589
31638 590
42727 593
28390 596
23548 597
7817 598
3814 600
27820 606
30329 607
8328 614
5996 615
10291 616
16444 617
8706 620
4068 621
7460 622
13447 626
15558 629
12661 631
6863 632
32256 636
20239 637
34025 644
2748 646
1235 647
26940 649
36846 651
23009 652
262 655
9519 657
12181 658
28987 660
41424 662
19717 663
40850 667
34667 668
11658 671
36685 675
6540 676
2154 677
14700 680
26326 681
5882 682
35898 683
25016 686
29645 687
7064 688
12851 692
14553 693
28243 694
23042 700
10799 702
7634 703
30180 706
27855 707
27054 710
27537 711
38756 712
24149 719
10719 721
43160 722
31287 728
31228 729
1480 732
20425 735
28890 736
13904 738
10062 739
2980 741
40844 743
13049 745
30681 746
21579 750
30211 751
29266 756
18570 764
30007 766
15089 767
42629 770
20762 771
21270 772
8380 777
13311 778
21616 780
38881 782
44217 783
33694 785
9666 786
42899 789
36790 790
32919 793
36452 796
9406 797
45055 798
3775 802
40056 803
24005 806
18611 807
17916 809
19284 811
33110 812
17440 814
31206 816
20353 817
30530 822
19932 823
6582 827
9239 828
36094 830
9460 831
25275 835
43071 837
42169 838
20959 839
38951 840
30216 842
29607 843
42187 845
22522 846
33092 849
41277 850
31796 853
22390 855
3853 856
40277 857
25060 861
5211 862
17220 863
10029 866
2931 867
4819 868
44935 869
23456 871
31352 873
40122 874
11378 876
31679 877
4202 880
21995 881
415 882
7072 884
11592 886
24189 887
25981 891
18828 893
2486 895
24144 896
36510 899
3190 901
1506 903
39867 905
11334 906
5036 909
34325 910
4131 912
30443 913
5389 919
6643 921
21521 923
31057 924
39993 927
15530 928
42287 929
15623 930
4082 935
25734 942
29282 943
23713 944
26428 945
22062 951
20287 952
6318 955
45015 956
29673 957
19515 959
20031 960
3645 963
11536 964
10371 965
9145 969
31642 970
37293 972
27422 974
26498 975
1416 976
5233 979
29680 982
17019 984
2567 985
14499 986
29886 987
7347 988
16731 990
42878 991
14180 993
23598 994
10450 997
44348 998
27198 1000
21480 1004
16102 1005
15327 1007
13664 1008
13635 1009
37053 1014
10908 1016
18646 1017
4891 1020
1665 1025
25079 1028
34067 1035
18213 1036
18923 1037
12099 1038
5752 1039
683 1041
9602 1042
10470 1043
15834 1044
18832 1045
22741 1050
16935 1051
829 1052
33211 1053
8707 1054
31286 1055
20418 1059
27564 1060
45026 1061
39866 1062
8541 1064
659 1065
4079 1070
20442 1072
3030 1073
30084 1075
40484 1076
42904 1080
16382 1082
43943 1083
19210 1086
570 1087
3474 1088
8482 1091
13469 1092
43454 1093
8813 1095
3076 1097
32422 1098
20248 1101
14789 1102
9736 1103
14945 1105
45234 1106
25666 1109
40750 1111
26382 1112
3383 1114
28471 1115
41782 1117
12700 1119
29056 1120
27247 1124
37087 1125
14914 1127
25340 1128
23351 1131
11596 1132
9739 1133
36416 1135
13542 1137
2251 1138
19894 1141
15305 1144
22841 1145
36091 1147
31425 1148
34107 1151
15152 1154
28702 1155
40258 1156
5745 1160
39635 1162
33164 1164
33999 1165
32531 1166
44997 1175
32426 1176
23172 1177
2619 1178
6347 1182
31956 1183
31499 1186
22112 1188
7811 1189
3719 1191
38912 1192
29101 1196
42824 1197
13052 1198
21258 1200
24442 1202
35583 1203
13753 1206
271 1207
2616 1208
19363 1211
12616 1212
5551 1213
5663 1216
41403 1217
44647 1219
20228 1220
24469 1223
16313 1224
41843 1226
24842 1227
43793 1230
40311 1231
8124 1233
8484 1234
2377 1237
32952 1238
19272 1241
44164 1242
20656 1244
36393 1245
6528 1248
27419 1250
41525 1251
20136 1253
33492 1254
22105 1255
19543 1257
21783 1258
19857 1262
794 1263
14901 1267
33856 1268
13019 1269
16181 1271
899 1272
43667 1273
23160 1276
27727 1277
9867 1280
3929 1281
29312 1282
41182 1283
7645 1286
30262 1287
30486 1288
16568 1289
18962 1293
8184 1300
43232 1302
19370 1303
38056 1305
6173 1306
16943 1310
29983 1311
27173 1313
11283 1315
2293 1317
15157 1318
4665 1319
29314 1322
24973 1323
31372 1324
16265 1326
16487 1330
36725 1332
26085 1333
7950 1334
8366 1338
44111 1339
1990 1341
15872 1342
29026 1344
28741 1347
2714 1348
44169 1349
35100 1351
23796 1353
28589 1354
4752 1356
2642 1357
3977 1360
39127 1361
40638 1363
6144 1365
41456 1366
40616 1368
954 1369
27913 1373
19510 1375
39996 1376
43099 1377
42134 1378
7025 1380
40495 1381
38241 1383
23948 1384
37393 1388
5372 1391
19646 1392
7288 1393
18938 1395
19956 1396
15948 1398
41689 1399
20038 1401
33693 1405
5160 1406
13171 1407
11068 1409
29530 1410
27656 1412
1734 1413
27217 1416
3749 1417
3392 1422
26348 1424
42622 1425
35508 1426
26656 1428
28966 1429
7458 1432
44943 1433
6020 1434
27393 1438
29381 1440
30101 1441
1218 1443
27163 1446
8636 1448
16737 1449
36381 1450
2530 1453
8576 1455
27772 1460
11110 1461
39216 1465
27480 1466
23356 1467
6155 1469
16402 1471
10195 1472
18006 1474
41749 1475
35213 1477
42893 1478
37221 1479
2794 1483
22838 1485
36224 1486
37538 1489
3137 1492
24213 1493
17812 1494
33408 1496
32958 1499
4138 1500
27825 1501
6492 1504
45067 1506
15848 1507
38886 1508
14735 1514
33919 1515
41672 1526
26683 1527
22280 1531
41905 1532
29180 1533
45164 1538
595 1539
40917 1540
34102 1543
39433 1544
3299 1546
32094 1547
43080 1549
24 1551
17131 1552
26506 1557
43787 1558
25704 1560
16847 1561
18992 1562
4908 1563
5321 1567
654 1571
33017 1572
17677 1574
5047 1575
4904 1580
31291 1582
31683 1586
34873 1588
19818 1589
16356 1592
23698 1597
26216 1599
36135 1600
19938 1602
1165 1604
18288 1606
43928 1607
30205 1608
39529 1609
44507 1610
11907 1611
45063 1612
8156 1615
9134 1617
11693 1618
22246 1621
7408 1622
20674 1624
11332 1625
4407 1628
16745 1629
21233 1630
7188 1631
194 1636
12402 1637
31875 1639
38220 1641
12714 1642
25767 1645
40814 1646
41474 1647
10028 1649
15040 1652
42057 1653
17195 1655
18742 1656
2581 1659
43907 1660
25521 1661
16899 1665
28280 1667
17814 1668
29806 1669
8198 1672
1721 1673
20303 1675
37899 1676
44503 1678
27959 1681
31470 1689
30662 1690
34947 1691
9933 1694
44523 1697
21981 1699
30976 1700
12789 1702
11301 1704
39494 1705
15607 1707
6109 1708
26597 1709
3281 1715
7217 1717
21971 1718
8729 1719
27992 1723
19330 1724
12829 1728
3014 1730
44110 1731
31257 1732
28078 1734
36763 1736
12246 1737
30823 1739
5246 1742
156 1743
17330 1745
39506 1746
16228 1752
11740 1753
35418 1756
27332 1757
22912 1759
18172 1760
34004 1761
12699 1763
37182 1764
3016 1770
5621 1772
31745 1773
28114 1775
31297 1776
15507 1779
32431 1781
34037 1782
32205 1783
22452 1787
19422 1788
25769 1789
39583 1791
4263 1794
13632 1795
4516 1796
36608 1800
3769 1801
3015 1802
43474 1804
7975 1806
11591 1807
11251 1808
12004 1809
37213 1813
35032 1814
17979 1815
26286 1818
9644 1819
38776 1820
25131 1821
19545 1824
20751 1827
9470 1830
22624 1831
17564 1832
2728 1834
17655 1835
35216 1836
34861 1838
21828 1840
42503 1841
13864 1843
24488 1844
11539 1849
1872 1850
16846 1851
19774 1852
17156 1853
41981 1858
9807 1859
6465 1862
19456 1863
12846 1864
31706 1865
12270 1868
12501 1869
32372 1872
17065 1873
4923 1875
19209 1876
24604 1883
35902 1886
43638 1888
8709 1889
35700 1891
15532 1894
43263 1895
42202 1896
31967 1898
24053 1901
35743 1902
14216 1903
17420 1906
10826 1908
24046 1909
8858 1910
21105 1913
44154 1914
3468 1921
11274 1922
29313 1923
35567 1925
36547 1926
29984 1927
16600 1928
39778 1930
39142 1934
25862 1936
19538 1937
31276 1939
32386 1940
31491 1942
11103 1943
8214 1945
41770 1946
4172 1948
9715 1949
26963 1957
19645 1958
3432 1960
25140 1961
23188 1962
9547 1964
84 1965
29443 1967
18684 1971
20763 1973
28500 1974
43712 1975
31169 1979
42395 1981
34657 1982
39719 1987
406 1988
23222 1989
14918 1990
40104 1991
40342 1992
45112 1993
12886 1995
12255 1996
31977 1997
32618 1998
