15423 7
39716 9
18290 15
3240 18
15909 19
12462 23
32127 24
33624 26
30841 28
29601 29
13717 30
38051 33
20267 34
24546 40
21766 41
9927 42
36438 43
27815 46
634 47
36215 48
17733 50
1029 51
38110 56
31232 57
16614 58
27226 62
12561 64
16064 65
40688 66
6029 68
3052 69
31910 72
2703 75
28330 76
14476 77
10883 79
38465 80
17201 85
33336 92
39596 93
17206 94
23748 95
22285 96
28507 98
26109 99
37252 100
30473 101
29139 102
26300 112
13504 113
4831 114
6957 116
32680 117
41146 118
31400 119
45268 120
45025 122
23197 123
21179 124
42243 125
18857 141
39067 142
1356 143
18367 144
18986 145
28460 146
35294 147
43674 148
32828 149
38103 150
8672 153
36633 158
13673 161
6060 162
19863 163
29342 164
31257 166
11740 167
40842 168
35355 174
42608 175
14967 176
36029 178
19239 181
10500 182
7148 183
35875 186
15436 188
9033 189
24255 190
24876 193
16148 194
39411 196
44512 198
19744 199
42298 200
17317 212
16385 213
32414 215
17367 217
27668 218
25252 219
43844 220
29191 221
22677 222
42621 225
28770 226
40268 227
19522 229
37607 232
11497 233
9585 234
31205 244
18656 245
5165 246
32887 247
38674 248
43097 249
3654 254
40122 255
17622 256
24723 261
29350 262
12551 263
8775 264
16859 266
933 268
16995 269
21404 274
25747 275
20934 277
44976 278
32125 279
23112 281
36866 282
20634 284
24487 289
14189 290
7805 291
3925 292
10774 293
22781 298
43263 299
13227 303
4156 304
4117 306
21407 308
22102 309
25378 310
43632 314
2819 316
18320 318
36618 319
18575 320
10423 322
33411 326
16284 327
18882 328
31605 329
6750 335
42489 336
43934 337
43993 339
2111 340
32149 341
25674 346
31984 347
3731 350
45367 351
29548 352
35099 356
27562 357
34243 358
41528 359
29687 363
30817 366
20814 367
38441 368
25315 369
21422 370
5796 373
39098 378
16850 381
12474 382
22852 384
16094 385
39535 386
33740 387
29154 388
5608 392
44974 393
9376 399
31580 400
15589 401
33907 402
1349 403
29966 405
44562 407
11104 408
12887 411
38557 416
6225 417
4166 418
37460 419
23915 420
3474 421
41300 425
29246 428
20172 430
19983 435
19011 436
30595 437
36523 438
33262 439
8215 440
37744 441
27059 448
45028 449
38105 450
43643 451
39539 453
35443 454
30341 455
11107 459
10898 460
31367 464
38322 465
41769 466
8464 469
35303 470
2336 471
20958 477
36070 479
30500 480
16567 481
7747 482
11443 483
3695 487
20698 488
22469 489
10616 490
15439 499
34385 504
36208 505
2675 506
21167 507
43499 508
8067 509
13156 510
3589 514
22864 517
15040 519
33077 520
35613 521
10968 524
32718 525
4705 530
13609 531
23893 532
42498 533
23220 534
29618 535
22404 538
13748 540
4986 542
8649 544
20278 545
9568 548
31693 551
3118 553
34635 554
20503 556
13215 557
34600 559
37342 560
25053 563
640 564
39396 571
32807 572
4232 573
15738 574
1702 576
14282 577
19535 578
28953 581
34866 582
243 583
39956 591
23143 593
25369 594
7764 596
21012 597
8630 599
31468 600
5228 604
5946 605
37634 606
14362 607
15797 608
27250 609
24264 618
40726 620
20541 621
5095 622
7654 623
26843 624
31831 626
27960 627
45115 628
17250 629
43633 630
23948 644
5600 645
39395 646
32976 647
13894 648
37875 649
5265 650
7487 651
28313 652
16487 653
13620 654
33349 655
26058 660
29694 664
44032 665
39037 666
28338 667
20341 668
22365 669
27789 670
20872 680
20521 681
40305 682
5544 683
16126 684
19347 685
33460 686
41529 687
20305 689
36627 690
18506 696
11551 698
9141 699
11570 700
10454 701
2320 704
773 705
27806 706
35819 709
41104 710
30219 712
23261 713
45336 720
31623 721
42017 724
31099 726
37271 727
12483 728
18962 731
24319 732
24221 733
10036 737
33413 738
39020 742
12478 745
36682 746
5799 747
21642 748
8194 749
40285 750
17521 751
34675 756
40120 757
23567 758
42875 767
4701 768
35941 769
4017 770
23627 771
25837 772
13891 773
18709 774
22917 775
37794 785
1870 786
32644 787
14945 788
17285 789
43640 790
2351 791
6499 793
3852 794
10037 801
4511 803
2830 804
3929 805
27541 806
8313 808
21210 809
39968 812
8848 814
35621 815
19635 818
12099 819
2314 820
43828 824
4226 825
31645 828
35280 829
39325 830
1640 831
76 836
1259 837
14242 838
39724 839
5968 843
14071 844
3733 847
22523 850
33320 852
4347 853
9482 854
6285 856
13563 857
18571 858
13546 868
23515 869
12052 870
11243 871
11461 874
26296 875
27436 877
3600 881
20074 883
17122 884
39065 885
38686 886
927 893
15441 894
7810 896
5217 897
4202 898
9893 899
26986 900
3169 903
2627 905
44367 906
3639 907
7371 908
17953 909
19853 914
37353 921
28672 922
7514 923
14948 924
34031 925
43579 926
27404 934
22660 935
3874 936
29554 937
23211 938
30060 939
6943 940
23370 941
5122 942
8236 948
16932 949
21907 953
43048 956
45092 957
12861 958
23394 959
31574 960
27870 961
39854 962
10130 967
28595 971
41032 972
24139 973
30252 974
4242 975
42013 978
26564 979
11266 980
33981 985
28962 986
2054 989
20858 990
15971 991
8461 996
4281 997
29486 998
2714 999
10090 1000
36591 1002
40488 1003
39674 1006
22544 1015
5034 1016
11156 1017
32692 1018
22206 1019
26167 1020
25753 1021
10683 1023
40477 1024
41551 1029
6941 1035
27931 1036
1267 1037
15758 1038
22919 1039
2022 1040
20641 1041
28095 1044
43341 1045
9040 1046
12761 1049
2896 1050
28493 1051
6601 1060
14972 1061
19600 1062
26877 1063
616 1064
16726 1067
26829 1068
23081 1069
28598 1070
39921 1071
14315 1079
31963 1080
33627 1081
33696 1082
38970 1083
23788 1084
40128 1085
22517 1086
2313 1101
44320 1103
29326 1104
18282 1105
39008 1106
7190 1107
16432 1108
38070 1109
25341 1110
6484 1111
17021 1112
8429 1113
17234 1114
33729 1117
33348 1121
23086 1122
23008 1124
37440 1127
31175 1128
3217 1129
20283 1131
10189 1135
24134 1137
6894 1138
29863 1141
3914 1143
3176 1145
11742 1146
40750 1147
13029 1149
37974 1150
18388 1152
7602 1153
2076 1167
32546 1168
38707 1169
29477 1170
38527 1171
25528 1172
33620 1173
28480 1174
37276 1175
17820 1176
19562 1177
16605 1178
3772 1179
11385 1182
19634 1194
11831 1195
34138 1196
19104 1197
26358 1198
21728 1199
6206 1200
18363 1201
31907 1202
17933 1203
1474 1204
18377 1205
9210 1206
1297 1215
1201 1220
37623 1223
16660 1229
25943 1240
4384 1241
24141 1242
18650 1243
7231 1244
22534 1245
14365 1246
1933 1247
13961 1248
5909 1249
21171 1250
21521 1251
12593 1252
44803 1254
12234 1255
7614 1256
27463 1257
32579 1258
25834 1259
38500 1260
39597 1265
21371 1268
1630 1278
16067 1279
18731 1280
17474 1281
34569 1282
21799 1283
15195 1284
18167 1285
4644 1286
19935 1287
38336 1288
4162 1289
28433 1290
17133 1291
37166 1293
12304 1295
24356 1303
40483 1309
40233 1310
15567 1311
36391 1312
16694 1313
34208 1315
27294 1316
13375 1318
17783 1322
31102 1323
6393 1324
5971 1325
41502 1329
34418 1330
38363 1331
14740 1332
411 1335
15187 1336
45344 1337
9311 1340
4605 1341
36360 1342
11044 1343
41603 1345
34403 1347
8694 1348
36268 1349
27201 1352
17663 1356
9336 1367
8885 1368
14662 1369
26382 1370
780 1371
5537 1372
14061 1373
34976 1374
30648 1375
4394 1378
43536 1379
35359 1380
261 1381
39297 1382
39310 1385
42476 1389
1477 1392
2941 1394
34638 1401
9537 1402
24800 1403
31065 1404
20850 1405
16856 1406
20812 1407
34726 1408
19246 1409
22760 1410
28996 1411
15295 1413
41127 1415
30775 1417
31486 1427
19931 1428
29977 1429
45239 1430
41089 1431
43725 1432
34565 1433
33184 1434
4404 1435
45067 1436
8894 1442
16200 1453
18946 1454
23709 1455
28134 1456
15778 1457
33602 1458
8881 1459
26091 1460
1907 1461
41809 1463
42499 1465
19030 1466
32829 1467
16609 1468
39242 1469
42103 1470
4268 1473
12186 1475
45087 1477
34548 1480
19329 1486
6598 1489
30974 1491
6471 1492
28522 1493
18975 1494
23052 1495
24049 1496
15280 1497
30888 1498
14706 1499
23182 1514
35906 1520
12007 1523
20038 1524
14546 1525
42316 1526
37481 1527
35523 1528
11689 1529
35856 1530
8348 1531
36021 1532
32566 1533
313 1534
1016 1535
5843 1536
4173 1537
40905 1551
43732 1553
19569 1555
3978 1556
8335 1557
4372 1558
223 1559
30765 1560
15503 1562
30517 1563
26469 1564
9859 1565
33123 1566
39611 1567
11656 1568
28743 1569
902 1570
33657 1573
38700 1589
9714 1590
12115 1591
40763 1592
39706 1593
40566 1594
7238 1595
30485 1596
15361 1597
40601 1598
40047 1599
40635 1600
9186 1602
44628 1603
23214 1604
15245 1605
39000 1606
26685 1607
38469 1608
5270 1616
18497 1621
18685 1622
38135 1624
45146 1625
9327 1626
43733 1627
11413 1628
17857 1629
33461 1630
35012 1633
36137 1634
28416 1636
1093 1637
12030 1639
11718 1640
31878 1645
3811 1652
26774 1653
40613 1654
21241 1656
12172 1657
22303 1658
1882 1663
15555 1664
2534 1665
21481 1666
34281 1667
1415 1668
40589 1669
26957 1672
11978 1675
22886 1676
4730 1677
26150 1678
37050 1681
40429 1691
6991 1692
8667 1693
22662 1694
29184 1695
4847 1696
43226 1697
30753 1698
31235 1699
24067 1700
6229 1701
16236 1704
16831 1717
22550 1718
37022 1719
4499 1720
26505 1721
22128 1722
42509 1723
11609 1724
16144 1725
8071 1726
8598 1727
15943 1729
39653 1731
26541 1735
3779 1736
38551 1739
29800 1742
37493 1744
19526 1745
31813 1746
5560 1747
22035 1748
1876 1749
3358 1751
11062 1761
31722 1762
23718 1763
34063 1764
14773 1765
37258 1766
11524 1768
43067 1769
40220 1770
6892 1772
13462 1773
18299 1774
42042 1778
830 1784
3309 1790
15171 1793
40264 1794
10051 1795
33644 1797
43255 1798
31698 1799
31880 1800
1295 1801
12492 1802
29365 1803
41266 1808
11670 1809
20614 1812
31385 1814
35644 1815
11544 1816
5253 1819
34319 1820
43281 1821
40778 1823
40676 1824
8946 1825
15063 1826
1133 1827
11696 1834
20895 1839
34555 1840
27745 1841
24448 1842
19323 1843
232 1844
17257 1848
14947 1850
35170 1851
35807 1852
26473 1855
10943 1856
20384 1857
21279 1859
1402 1860
26178 1864
9195 1865
25714 1873
42331 1874
15839 1875
44971 1876
37842 1877
14561 1878
25826 1880
36511 1881
30188 1882
26377 1889
6390 1891
18843 1892
6629 1893
3864 1894
26212 1899
41477 1900
41081 1901
42679 1902
7929 1903
24286 1904
19989 1906
3659 1907
9652 1911
28161 1915
37233 1917
9136 1918
11176 1919
16391 1923
4326 1924
17358 1925
33960 1926
11036 1929
40695 1930
29892 1931
9447 1935
34368 1936
10202 1943
15457 1944
34144 1945
32626 1946
1431 1947
4558 1948
12178 1951
38597 1953
16110 1954
38203 1956
4793 1957
22437 1963
18691 1964
29481 1968
18927 1969
11470 1970
17345 1971
12273 1972
22028 1974
11078 1975
20409 1978
32646 1979
9001 1980
21703 1983
18441 1984
24714 1988
36795 1990
25440 1991
4318 1992
33110 1993
7621 1994
13639 1995
38828 1996
26615 1997
20910 1998
