15567 67
40483 69
5971 71
6393 73
31102 75
17783 77
13375 78
40233 79
4605 81
36360 83
34418 85
9311 87
27294 89
8694 91
34403 93
15187 95
38363 97
34208 99
411 101
16694 103
41502 104
36391 105
14740 106
27201 107
45344 108
12273 109
39297 110
17234 111
17953 112
11044 113
18299 114
19853 115
24356 116
12304 117
23370 118
38500 119
25834 120
41603 121
9568 122
37166 123
1297 124
36268 125
32579 126
38469 127
43643 134
38105 136
45028 138
27059 139
12172 142
21241 143
40613 146
26774 148
3811 149
22303 150
1415 151
40589 152
4730 156
22886 158
11978 159
26957 160
26150 161
23261 163
27806 168
9141 170
11551 171
18506 172
11570 173
10454 174
7654 184
243 186
40726 188
24264 189
15839 190
26843 191
45115 192
34866 194
28953 195
15797 196
17206 201
31099 202
37271 203
42017 204
12483 205
43633 206
33110 224
17474 228
14947 232
16067 233
1630 234
18731 235
14773 236
34569 237
21799 238
15195 239
13891 240
18167 241
8881 242
4644 243
1093 244
17257 245
21371 246
38336 247
39597 248
10616 249
37842 250
28433 251
17133 252
37342 254
34600 255
18367 269
39067 272
18857 273
1356 274
18986 275
28460 276
35294 277
43674 278
32828 279
8672 280
37252 281
41529 282
38103 283
13462 285
6892 286
35621 291
8848 292
12099 294
19635 295
2314 296
29342 299
6060 304
13673 305
19863 306
36633 307
11740 309
31257 310
26541 311
43499 318
36208 322
34385 323
2675 324
21167 325
15439 326
8067 327
33602 328
13156 329
39535 333
12474 336
16850 337
39098 338
33740 339
5796 340
36137 349
35012 350
5270 352
18685 357
18497 358
45146 360
38135 361
9327 362
43733 363
11413 364
17857 365
16284 369
33411 370
18882 371
31605 372
24139 378
41032 380
28595 381
30252 382
10130 383
4242 384
11266 386
26564 388
42013 389
10423 390
19600 398
23081 400
14972 402
6601 403
26877 404
616 405
10090 406
39921 407
34638 432
24546 433
9537 434
24800 435
31065 436
20850 437
36438 438
35875 439
16856 440
20812 441
6484 442
2941 443
1477 444
34726 445
15423 446
42476 447
27870 448
9652 449
27960 451
31831 452
17663 453
10898 455
11107 456
30775 457
39310 458
44974 460
5608 461
28996 462
3659 464
19989 465
38070 475
39008 481
18946 488
44320 489
2313 490
40120 491
18282 492
29326 493
16200 494
28134 495
15778 496
7190 497
16432 498
1907 499
19030 502
42499 503
41809 504
32829 505
14561 506
17021 507
16609 508
8429 509
33907 514
15589 516
31580 518
9376 519
29966 520
1349 521
32680 530
6957 531
4831 533
13504 535
26300 536
41146 537
27436 538
31400 539
45268 540
28598 541
23197 543
45025 544
16614 567
9482 576
14071 581
4347 583
12007 584
20038 585
11078 586
14546 587
35906 588
42316 589
37481 590
37258 591
35523 592
11689 593
23182 594
30648 595
33461 596
43226 597
22028 598
19562 599
8348 600
35856 601
36021 602
8894 603
32566 604
36511 605
30341 606
37744 607
21179 608
5968 609
24286 610
26986 611
40676 613
40778 614
7371 615
36627 617
20305 618
38322 635
19931 636
35819 637
31486 638
29977 639
45239 640
41089 641
43725 642
34565 643
19535 644
6943 645
33184 646
41104 647
4404 648
1640 649
41127 650
15295 651
32692 659
11156 661
22544 664
28095 665
5034 666
22206 667
26167 668
25753 669
40477 671
10683 672
4793 677
38203 678
15457 683
10202 684
34144 685
32626 686
1431 687
26091 688
42679 691
41081 694
41477 696
26212 697
6629 698
7929 699
34368 701
9447 702
17367 713
17317 714
16385 715
32414 716
25252 717
43844 718
29191 719
22677 720
14967 724
10500 727
19239 728
27668 729
7148 730
41769 732
31367 733
4281 738
8461 739
29486 740
2714 741
26377 742
7514 750
28672 752
37353 753
14948 754
30060 755
34031 756
43579 757
4326 760
17358 762
16391 763
33960 764
39596 783
33336 784
35355 785
42608 786
6471 791
30974 792
27815 793
6598 794
28522 795
19329 796
31232 797
18975 798
23052 799
20634 800
24049 801
15280 802
40285 803
27789 804
1402 806
21279 807
34548 808
4268 809
11497 813
37607 814
9585 815
19522 816
14706 817
43341 828
12478 829
36682 830
5799 831
9040 832
39020 833
21642 834
8194 835
33413 837
10036 838
35613 841
33077 844
15040 845
22864 846
3589 847
15909 852
3240 853
32127 856
29601 858
12462 860
30841 861
33624 862
20267 864
38051 865
18290 866
14189 874
24487 875
7805 876
3925 877
10774 878
44971 879
11742 892
24723 893
3176 894
3914 895
29863 896
40750 897
6894 900
24134 901
10189 902
23086 904
33348 905
37974 907
13029 908
21481 909
20283 910
22523 911
7602 913
18388 914
12551 921
29350 922
8775 923
17622 924
39411 925
16995 928
933 929
16859 930
19744 934
44512 935
4017 940
4701 944
6991 945
42875 946
35941 947
23627 948
25837 949
18709 950
22917 951
17201 958
27931 971
6941 972
40429 973
1267 974
22662 975
22919 976
8667 977
15758 978
29184 979
2022 980
4847 981
13563 983
6285 984
3733 985
30753 986
33627 993
20541 996
14315 997
31963 998
33696 999
38970 1000
5095 1001
23788 1002
26829 1004
16726 1005
2896 1008
12761 1009
28493 1010
1474 1015
17933 1017
33460 1019
19104 1026
37460 1028
11831 1031
19634 1032
34138 1033
26358 1034
21728 1035
6206 1036
18363 1037
31907 1038
18377 1039
17521 1040
9210 1041
6229 1042
1933 1070
19347 1075
4384 1086
18691 1087
25943 1088
25714 1090
42331 1091
25826 1092
3052 1093
30188 1094
24141 1095
18650 1096
7231 1097
22534 1098
14365 1099
4558 1100
3929 1101
13961 1102
27250 1103
20641 1104
22517 1105
5909 1106
21171 1107
19935 1108
16660 1109
12186 1110
21521 1111
12593 1112
38465 1114
10883 1115
12234 1117
44803 1118
4162 1119
7614 1120
18962 1123
24319 1124
24221 1125
37623 1126
27463 1127
39724 1129
1259 1132
76 1133
14242 1134
5122 1135
3864 1136
11718 1138
12030 1139
42103 1140
1201 1141
35170 1145
25528 1146
41528 1150
45092 1155
43048 1156
12861 1157
21907 1158
23394 1159
31574 1160
16932 1162
8236 1163
232 1165
34555 1172
20895 1173
27745 1174
35807 1175
24448 1176
19323 1177
11696 1178
40842 1187
29477 1192
4511 1195
2076 1196
32546 1197
38707 1198
38527 1199
36029 1200
33620 1201
28480 1202
10037 1203
24876 1205
16148 1206
33729 1207
17820 1208
16605 1209
43934 1215
42489 1217
6750 1218
2111 1220
43993 1221
25315 1223
20814 1227
30817 1228
38441 1229
29687 1230
42509 1242
11243 1244
29554 1247
4499 1250
22550 1254
27404 1255
16831 1256
37022 1257
26505 1258
22128 1259
11609 1260
40128 1261
3639 1262
16144 1263
15943 1264
8071 1265
39653 1266
8598 1267
1876 1268
10943 1271
26473 1272
20384 1273
19526 1284
37493 1285
3779 1286
29800 1287
31813 1288
23211 1289
38551 1290
5560 1291
9136 1295
37233 1296
28161 1297
11176 1298
22035 1299
39325 1302
35280 1305
31645 1306
18843 1307
4226 1310
43828 1311
23748 1312
11670 1317
35644 1321
31385 1322
20614 1323
11544 1324
34319 1327
5253 1328
43281 1329
22469 1336
30500 1338
36070 1339
20958 1340
16567 1341
7747 1342
20698 1344
3695 1345
11443 1346
8885 1360
9336 1361
14662 1362
26382 1363
780 1364
22660 1365
35359 1366
4202 1367
5537 1368
14061 1369
34976 1370
26296 1372
11461 1373
21422 1374
261 1375
4117 1381
22102 1383
21407 1384
4156 1386
13227 1387
25378 1388
26109 1390
28507 1391
2351 1396
32644 1402
1870 1405
37794 1406
15436 1407
14945 1408
17285 1409
9033 1410
43640 1411
21210 1413
8313 1414
24255 1415
3852 1417
6499 1418
2336 1422
35303 1424
8464 1425
25440 1431
36795 1432
24714 1433
4318 1434
7621 1435
21703 1437
18441 1438
1029 1440
17733 1441
32887 1447
5165 1449
18656 1451
31205 1452
38674 1453
41551 1454
43097 1455
44976 1459
3654 1460
25747 1462
21404 1463
32125 1465
20934 1466
30595 1476
19011 1478
19983 1479
23112 1480
36523 1481
33262 1482
20172 1483
29246 1484
8215 1485
41300 1486
36618 1493
18320 1494
2819 1495
43632 1496
18575 1497
11104 1499
44562 1500
23915 1504
4166 1506
6225 1508
38557 1509
12887 1510
3474 1511
13620 1514
7487 1518
37875 1522
39395 1526
5600 1528
23948 1529
32976 1530
13894 1531
5265 1532
22365 1533
28313 1534
16487 1535
33349 1536
43536 1542
4394 1543
40122 1548
31722 1550
11062 1551
23718 1552
34063 1553
43067 1555
11524 1556
23709 1560
32807 1563
39396 1564
4232 1565
15738 1566
14282 1568
1702 1569
16064 1580
12561 1581
28330 1582
2703 1583
14476 1584
31910 1585
6029 1587
40688 1589
27226 1590
39674 1595
30485 1610
36215 1614
39706 1616
38700 1626
40763 1627
30219 1628
6390 1629
9714 1630
40566 1631
12115 1632
28416 1633
33320 1634
31880 1635
22285 1636
7238 1637
16094 1640
22852 1641
3309 1642
13717 1643
15361 1644
40601 1645
37276 1646
25341 1647
40047 1648
40635 1649
19246 1650
29618 1651
44628 1653
9186 1654
31623 1656
45336 1657
15245 1658
1133 1659
27541 1660
39242 1661
3358 1678
26469 1713
9859 1715
30517 1718
15503 1719
30765 1721
223 1723
4372 1725
8335 1727
39611 1729
19569 1735
43732 1736
11656 1737
3978 1738
33123 1739
40905 1740
28743 1741
29139 1742
32149 1743
30473 1744
31878 1745
29892 1746
40695 1748
11036 1749
38597 1755
29481 1756
16110 1757
18927 1758
11470 1759
17345 1760
12178 1761
9001 1763
32646 1765
20409 1766
39854 1767
40220 1768
45067 1769
16236 1770
37050 1771
4173 1772
902 1773
11385 1774
22760 1775
1016 1776
29154 1777
45087 1778
313 1779
31235 1780
17250 1781
36866 1782
32718 1783
18571 1784
5843 1785
26685 1786
33657 1787
39716 1788
42298 1789
23214 1790
30888 1791
39000 1792
8946 1793
24067 1794
34281 1795
40268 1797
28770 1799
42621 1800
42243 1801
3772 1802
43263 1804
22781 1805
9195 1807
26178 1808
640 1810
25053 1811
35443 1813
39539 1814
40488 1816
36591 1817
15971 1820
20858 1822
2054 1823
28962 1825
33981 1826
21012 1831
7764 1832
25369 1835
23143 1836
39956 1837
31468 1839
8630 1840
14362 1842
37634 1844
5946 1846
5228 1847
20521 1856
20872 1857
40305 1858
5544 1859
22437 1860
16126 1861
9927 1863
21766 1864
773 1866
2320 1867
44032 1874
29694 1875
39037 1876
28338 1877
26058 1878
20341 1879
13215 1882
20503 1883
34635 1886
3118 1887
31693 1888
44367 1894
2627 1897
7810 1898
2830 1899
39968 1900
3169 1901
27562 1905
35099 1906
34243 1907
29548 1910
45367 1912
3731 1913
31984 1915
25674 1916
31175 1922
37440 1923
3217 1924
23008 1925
3874 1926
17122 1933
20074 1934
3600 1935
39065 1936
38686 1937
23515 1941
13546 1942
15441 1945
5217 1946
927 1947
9893 1948
12052 1949
15063 1950
42042 1951
20278 1957
8649 1958
4986 1959
13748 1960
22404 1961
23893 1965
13609 1967
4705 1968
42498 1969
23220 1970
26615 1974
20910 1975
38828 1976
13639 1977
634 1978
23567 1980
34675 1981
12492 1982
29365 1983
830 1984
1295 1985
2534 1986
31698 1987
1882 1988
43255 1990
33644 1991
10968 1992
41266 1993
38110 1994
15555 1995
40264 1996
15171 1997
10051 1998
