1 2 0.014580999999999998
2 3 0.207273
3 4 0.052527
4 5 0.321873
5 6 0.49921499999999996
6 7 0.313251
7 8 0.181638
8 9 0.345335
9 10 0.18691
10 11 0.179205
11 12 0.335208
12 13 2.880947
12 14 0.09890800000000001
14 15 0.144765
15 16 0.14033800000000002
16 17 0.37148200000000003
17 18 3.7355850000000004
17 19 3.089996
16 20 0.229531
20 21 3.5005050000000004
20 22 3.1926370000000004
15 23 0.015932
23 24 0.070005
24 25 0.10675899999999999
25 26 0.49641399999999997
26 27 5.520492
26 28 0.367857
28 29 0.389076
29 30 9.729965
29 31 0.38557600000000003
31 32 6.378088
31 33 5.956423
28 34 6.97183
25 35 0.21635700000000002
35 36 0.217285
36 37 0.23209799999999997
37 38 0.051867
38 39 4.044979
38 40 0.185937
40 41 0.032321
41 42 0.151544
42 43 4.130898
42 44 4.105479
41 45 4.171288
40 46 0.18032199999999998
46 47 0.244526
47 48 0.041304
48 49 0.082617
49 50 0.379691
50 51 4.950567
50 52 5.296676
49 53 0.060465
53 54 0.041489
54 55 0.13577
55 56 4.518242
55 57 4.472152
54 58 0.22108000000000003
58 59 0.085884
59 60 4.254487
59 61 4.804977
58 62 4.895499
53 63 4.788028
48 64 0.04613
64 65 0.164934
65 66 0.024494000000000002
66 67 0.148583
67 68 0.128001
68 69 0.351521
69 70 5.599203
69 71 0.155027
71 72 0.078042
72 73 4.484123
73 74 3.322434
73 75 3.041047
72 76 0.162695
76 77 0.594477
77 78 0.413817
78 79 6.1150009999999995
78 80 6.2195100000000005
77 81 5.351517
76 82 5.998138
71 83 0.06493399999999999
83 84 0.144732
84 85 0.21582099999999999
85 86 6.170317
85 87 6.164194
84 88 5.951435
83 89 0.038714
89 90 0.232936
90 91 6.237591
90 92 0.150156
92 93 2.248805
93 94 4.100289
93 95 3.93226
92 96 5.305553
89 97 0.13317299999999999
97 98 0.11993800000000002
98 99 0.29082
99 100 0.9222589999999999
100 101 0.17880000000000001
101 102 0.08785699999999999
102 103 0.253675
103 104 0.43915200000000004
104 105 8.497981000000001
104 106 7.471242
103 107 0.221472
107 108 6.970459
107 109 7.608423
102 110 7.673120999999999
101 111 0.122287
111 112 0.536676
112 113 0.288568
113 114 0.20841900000000002
114 115 0.213173
115 116 9.099967000000001
115 117 8.213801
114 118 8.726089
113 119 0.10880200000000001
119 120 0.134164
120 121 8.93286
120 122 0.275945
122 123 0.12058500000000001
123 124 0.07323199999999999
124 125 0.24255000000000002
125 126 0.041396
126 127 0.227956
127 128 0.155132
128 129 0.030742999999999996
129 130 0.347709
130 131 11.47874
130 132 0.268578
132 133 0.160438
133 134 12.741994000000002
133 135 0.149124
135 136 0.293173
136 137 12.564907999999999
136 138 0.380199
138 139 0.094162
139 140 10.726075999999999
139 141 0.342439
141 142 12.164146
141 143 0.38310900000000003
143 144 0.278761
144 145 0.192362
145 146 11.672266
145 147 13.043036999999998
144 148 12.258189
143 149 0.214335
149 150 11.027389
149 151 0.553203
151 152 0.6461589999999999
152 153 9.322969
152 154 9.285142
151 155 10.27478
138 156 0.399575
156 157 0.15562900000000002
157 158 0.225523
158 159 0.06187
159 160 0.235806
160 161 8.971363
160 162 8.986014
159 163 0.11405499999999999
163 164 0.212808
164 165 8.700792999999999
164 166 9.095019
163 167 0.177177
167 168 0.22649800000000003
168 169 0.16381099999999998
169 170 9.126975
169 171 0.213363
171 172 7.865389
171 173 8.811777
168 174 0.715174
174 175 10.597608
174 176 8.5033
167 177 9.114759
158 178 0.132869
178 179 0.158885
179 180 0.318594
180 181 9.051935
180 182 9.067453
179 183 8.903559
178 184 0.108211
184 185 10.969324
184 186 0.26648499999999997
186 187 9.517588
186 188 0.110882
188 189 8.994771
188 190 8.801041
157 191 0.203109
191 192 0.37029799999999996
192 193 10.404423
192 194 0.5289389999999999
194 195 10.088294000000001
194 196 9.592761
191 197 0.7057070000000001
197 198 1.6951779999999999
198 199 9.973503000000001
198 200 8.389741
197 201 9.648878
156 202 11.057103999999999
135 203 11.172757
132 204 0.151612
204 205 0.430268
205 206 0.09933800000000001
206 207 0.08267
207 208 0.148899
208 209 0.18113400000000002
209 210 0.124022
210 211 0.305816
211 212 0.115942
212 213 0.17793399999999998
213 214 0.07449
214 215 0.31286
215 216 0.168315
216 217 0.096054
217 218 0.163785
218 219 13.510319
218 220 13.696341
217 221 0.10099799999999999
221 222 0.15548199999999998
222 223 13.266385999999999
222 224 0.149258
224 225 13.382816
224 226 13.354977000000002
221 227 3.820533
227 228 11.457919
227 229 13.893844999999999
216 230 13.034716
215 231 0.140226
231 232 0.56391
232 233 0.23396100000000003
233 234 0.231236
234 235 0.53798
235 236 0.327392
236 237 0.257705
237 238 15.440704
237 239 0.49647399999999997
239 240 0.556123
240 241 17.148715
240 242 0.7949470000000001
242 243 0.32237099999999996
243 244 17.89279
243 245 20.364662
242 246 0.23511100000000001
246 247 18.415156
246 248 20.737976
239 249 0.494172
249 250 18.996202
249 251 17.395796999999998
236 252 16.902548
235 253 15.860213000000002
234 254 0.150226
254 255 15.157313
254 256 15.134492999999999
233 257 0.6414869999999999
257 258 0.40063499999999996
258 259 0.36535500000000004
259 260 0.443204
260 261 0.440447
261 262 16.96921
261 263 17.501843
260 264 18.771916
259 265 3.672636
265 266 14.293917
265 267 16.195702
258 268 0.095636
268 269 0.378788
269 270 0.361351
270 271 0.329977
271 272 16.261166
271 273 16.138158999999998
270 274 17.46981
269 275 18.628222
268 276 0.42247099999999993
276 277 0.396376
277 278 17.306615
277 279 17.375193
276 280 0.422934
280 281 17.078723
280 282 0.053231
282 283 17.407723999999998
282 284 16.539326
257 285 0.29373699999999997
285 286 0.626797
286 287 0.740339
287 288 0.192662
288 289 18.205965
288 290 0.413739
290 291 17.798827
290 292 15.215263
287 293 0.372168
293 294 0.26700399999999996
294 295 0.347761
295 296 0.328478
296 297 0.826195
297 298 17.410717
297 299 1.0591490000000001
299 300 17.620835
299 301 0.33432700000000004
301 302 0.516523
302 303 0.22218
303 304 0.235664
304 305 0.163445
305 306 0.16534200000000002
306 307 0.052888000000000004
307 308 0.41538699999999995
308 309 19.950488
308 310 3.2569660000000002
310 311 16.236374
310 312 15.654982
307 313 0.25727
313 314 0.159719
314 315 0.610269
315 316 20.863936
315 317 19.539929
314 318 0.259325
318 319 0.449671
319 320 0.707292
320 321 0.289626
321 322 0.137533
322 323 0.521273
323 324 21.183424000000002
323 325 0.35794400000000004
325 326 20.514616
325 327 20.813128
322 328 0.148379
328 329 0.412789
329 330 21.300659
329 331 0.425796
331 332 20.934718999999998
331 333 21.920609
328 334 0.36295
334 335 21.088821
334 336 21.292966
321 337 0.653391
337 338 1.250942
338 339 28.480362999999997
338 340 0.22954400000000003
340 341 23.465443
340 342 25.200209
337 343 0.48459899999999995
343 344 0.534772
344 345 24.901841
344 346 0.5418240000000001
346 347 25.977719
346 348 24.116889
343 349 0.635771
349 350 22.725182
349 351 24.664885
320 352 0.759502
352 353 0.074906
353 354 0.173537
354 355 0.287662
355 356 0.15716
356 357 21.683672
356 358 21.052975
355 359 0.24618600000000002
359 360 20.037861
359 361 20.595837
354 362 0.314901
362 363 0.523386
363 364 21.651121
363 365 0.097055
365 366 0.434362
366 367 23.554879
366 368 0.16842000000000001
368 369 0.351848
369 370 0.40057
370 371 21.482596
370 372 22.449834
369 373 21.749823
368 374 0.617783
374 375 0.748711
375 376 12.364242
376 377 12.488224
376 378 10.531775
375 379 23.837286
374 380 0.644383
380 381 23.895476
380 382 0.368658
382 383 0.621619
383 384 21.207299
383 385 0.333324
385 386 21.809876
385 387 1.097857
387 388 5.287809
388 389 22.456820999999998
388 390 91.413749
387 391 24.407079
382 392 22.015884
365 393 0.46973400000000004
393 394 20.400999
393 395 23.170592
362 396 0.9069159999999999
396 397 20.566632000000002
396 398 20.761111
353 399 0.119701
399 400 0.39076500000000003
400 401 20.330478
400 402 0.246756
402 403 0.722005
403 404 22.793142
403 405 21.50195
402 406 20.764092
399 407 0.22972700000000001
407 408 0.348148
408 409 23.513185
408 410 0.263729
410 411 0.225331
411 412 0.344738
412 413 24.5834
412 414 22.554178
411 415 0.401991
415 416 22.074498000000002
415 417 21.018788
410 418 1.178506
418 419 20.385317
418 420 25.131994000000002
407 421 20.375678999999998
352 422 0.33247699999999997
422 423 0.090759
423 424 0.568631
424 425 20.029155000000003
424 426 20.604543
423 427 0.292896
427 428 0.650472
428 429 20.902771
428 430 19.730926
427 431 0.5729569999999999
431 432 20.232385
431 433 20.401313
422 434 0.319847
434 435 0.156558
435 436 0.496055
436 437 20.755487
436 438 20.456106
435 439 0.47013999999999995
439 440 18.826026000000002
439 441 18.327952
434 442 0.356924
442 443 0.443728
443 444 20.045993
443 445 18.322786
442 446 19.813958
319 447 0.564771
447 448 0.22091200000000003
448 449 20.682447
448 450 22.769268
447 451 0.472286
451 452 21.716757
451 453 20.311935000000002
318 454 0.280671
454 455 20.334654999999998
454 456 0.369558
456 457 18.848242000000003
456 458 19.409209
313 459 3.3654330000000003
459 460 15.924234
459 461 17.089856
306 462 0.151466
462 463 0.706565
463 464 19.048947
463 465 0.358098
465 466 18.611437
465 467 19.423898
462 468 0.403016
468 469 0.10883799999999999
469 470 17.986658
469 471 19.276873
468 472 19.297946999999997
305 473 0.206659
473 474 0.568142
474 475 18.703874000000003
474 476 19.553577999999998
473 477 0.24484
477 478 18.010268
477 479 17.628192000000002
304 480 0.164414
480 481 0.558731
481 482 0.366755
482 483 19.752087
482 484 18.839887
481 485 18.763592000000003
480 486 0.330696
486 487 0.216827
487 488 0.557583
488 489 20.217136999999997
488 490 19.274884
487 491 0.558439
491 492 0.463462
492 493 19.957548
492 494 19.195584
491 495 19.113927999999998
486 496 0.270397
496 497 19.253485
496 498 0.42452100000000004
498 499 20.684725
498 500 21.226659
303 501 0.156683
501 502 0.895025
502 503 18.03849
502 504 17.279576
501 505 17.784892
302 506 0.75751
506 507 17.725818
506 508 17.805676000000002
301 509 0.356103
509 510 18.359312
509 511 19.013946
296 512 0.5612210000000001
512 513 1.6528459999999998
513 514 0.375015
514 515 0.529894
515 516 20.539592000000003
515 517 18.726319
514 518 0.11726099999999999
518 519 0.838274
519 520 0.911654
520 521 1.126632
521 522 19.998254
521 523 20.290978000000003
520 524 0.6061150000000001
524 525 0.637599
525 526 1.261319
526 527 21.66616
526 528 20.952004
525 529 0.405879
529 530 0.9634240000000001
530 531 0.836317
531 532 24.441471
531 533 27.377819
530 534 0.420685
534 535 0.22656600000000002
535 536 0.22605099999999997
536 537 0.233483
537 538 0.374875
538 539 0.20844800000000002
539 540 25.818334
539 541 0.470777
541 542 0.531202
542 543 0.272229
543 544 0.233329
544 545 0.141846
545 546 0.238345
546 547 0.174152
547 548 1.213128
548 549 26.782891
548 550 26.117632
547 551 0.347905
551 552 0.411113
552 553 26.445835000000002
552 554 26.590929000000003
551 555 0.832709
555 556 0.455748
556 557 28.221376999999997
556 558 30.765846000000003
555 559 25.802886
546 560 0.32294300000000004
560 561 0.258137
561 562 0.582008
562 563 0.4832
563 564 24.989255
563 565 26.029117000000003
562 566 0.254575
566 567 25.148549
566 568 25.472530999999996
561 569 0.290696
569 570 0.40440099999999995
570 571 0.422464
571 572 0.19539900000000002
572 573 0.187749
573 574 0.146256
574 575 0.39338799999999996
575 576 0.9624799999999999
576 577 25.649055999999998
576 578 26.8442
575 579 25.153202000000004
574 580 24.614708
573 581 0.873154
581 582 24.886324000000002
581 583 24.295780999999998
572 584 0.660999
584 585 0.432428
585 586 0.119326
586 587 0.6731499999999999
587 588 21.771381
587 589 0.294495
589 590 0.9286650000000001
590 591 0.131057
591 592 20.055932000000002
591 593 22.443945000000003
590 594 21.720352000000002
589 595 0.57292
595 596 19.502569
595 597 0.51013
597 598 20.830445
597 599 23.464648
586 600 0.211469
600 601 0.742411
601 602 22.591624
601 603 20.979967
600 604 0.33907400000000004
604 605 0.45192
605 606 0.10546900000000001
606 607 23.663587
606 608 22.472653
605 609 23.904273
604 610 22.146816
585 611 0.538646
611 612 22.86491
611 613 24.905521999999998
584 614 0.196765
614 615 23.308093999999997
614 616 0.307579
616 617 22.334678999999998
616 618 21.839322
571 619 0.43675500000000006
619 620 22.791842000000003
619 621 24.978589
570 622 0.816563
622 623 0.631578
623 624 0.40983699999999995
624 625 0.883746
625 626 1.45054
626 627 35.444309000000004
626 628 35.749606
625 629 30.471356
624 630 28.647194
623 631 0.582092
631 632 0.42369599999999996
632 633 0.342014
633 634 1.244703
634 635 28.45435
634 636 30.0925
633 637 0.310102
637 638 27.811253
637 639 0.269862
639 640 28.806171000000003
639 641 0.604594
641 642 28.180021999999997
641 643 28.201135999999998
632 644 0.8766360000000001
644 645 26.095962
644 646 27.077286
631 647 0.7921849999999999
647 648 0.459771
648 649 0.6271460000000001
649 650 31.496965999999997
649 651 26.757657000000002
648 652 27.729985000000003
647 653 0.23079099999999997
653 654 1.05456
654 655 33.802752000000005
654 656 0.379615
656 657 0.729367
657 658 1.8770539999999998
658 659 1.381741
659 660 34.824156
659 661 39.499177
658 662 0.915064
662 663 32.193133
662 664 37.645786
657 665 4.012846
665 666 36.331909
665 667 27.353684
656 668 11.170323999999999
668 669 19.208892
668 670 20.509975
653 671 27.599099
622 672 25.580302999999997
569 673 1.0151729999999999
673 674 25.738472
673 675 24.225094
560 676 1.120803
676 677 24.892848
676 678 24.678964
545 679 0.232308
679 680 0.700995
680 681 28.025496
680 682 0.473145
682 683 29.996489999999998
682 684 26.956364999999998
679 685 0.360883
685 686 0.823223
686 687 1.333961
687 688 31.13322
687 689 28.89114
686 690 27.864968
685 691 1.0826850000000001
691 692 29.597420000000003
691 693 28.803181
544 694 0.7030449999999999
694 695 0.692361
695 696 0.768571
696 697 0.700546
697 698 1.7304659999999998
698 699 33.321027
698 700 0.24795
700 701 1.6266619999999998
701 702 0.65696
702 703 1.19054
703 704 37.345602
703 705 38.585837
702 706 0.77903
706 707 0.472671
707 708 1.5934319999999997
708 709 0.284606
709 710 1.174697
710 711 1.261423
711 712 0.674443
712 713 0.772195
713 714 0.8810089999999999
714 715 0.9009639999999999
715 716 46.072767999999996
715 717 4.1264389999999995
717 718 0.577483
718 719 0.741638
719 720 0.24113500000000002
720 721 69.478671
720 722 52.992483
719 723 1.937163
723 724 0.705655
724 725 4.144094
725 726 70.58253500000001
725 727 2.171895
727 728 1.8787539999999998
728 729 65.404181
728 730 63.603367
727 731 56.96393
724 732 1.458273
732 733 1.64774
733 734 55.713298
733 735 65.32409799999999
732 736 53.067781999999994
723 737 1.433215
737 738 2.7380020000000003
738 739 45.232345
738 740 1.6849010000000002
740 741 3.100584
741 742 0.713503
742 743 64.606204
742 744 53.896541
741 745 48.174093
740 746 43.86519
737 747 2.9598400000000002
747 748 2.3206170000000004
748 749 49.554387
748 750 61.42231
747 751 58.559516
718 752 48.840558
717 753 53.703966
714 754 0.777841
754 755 1.291547
755 756 44.121335
755 757 44.78521
754 758 44.84243
713 759 1.480162
759 760 42.319587
759 761 58.293890000000005
712 762 1.6965270000000001
762 763 1.7008349999999999
763 764 2.998292
764 765 6.483655000000001
765 766 1.042699
766 767 67.271348
766 768 25.452445
768 769 16.040384999999997
769 770 22.770187
769 771 25.000245
768 772 38.863724
765 773 0.7748149999999999
773 774 0.660264
774 775 56.26038
774 776 53.426695
773 777 62.460855
764 778 61.726113999999995
763 779 45.265988
762 780 0.704454
780 781 17.524512
781 782 33.461717
781 783 28.984948
780 784 0.9276929999999999
784 785 49.409977999999995
784 786 0.424425
786 787 4.6176330000000005
787 788 59.660579999999996
787 789 1.821754
789 790 65.101799
789 791 57.369355
786 792 0.822895
792 793 0.13422
793 794 2.454603
794 795 1.387295
795 796 71.247838
795 797 55.338796
794 798 36.978811
798 799 12.341826000000001
798 800 12.464003
793 801 1.876322
801 802 49.918575
801 803 43.895832
792 804 6.3496559999999995
804 805 39.53436
804 806 41.024159
711 807 0.67425
807 808 40.984834
807 809 40.145378
710 810 43.06234
709 811 1.256073
811 812 42.620024
811 813 0.5229250000000001
813 814 37.45299
813 815 37.76008
708 816 37.078379
707 817 0.931217
817 818 36.513405
817 819 37.28042
706 820 0.37489
820 821 0.547905
821 822 38.187891
821 823 2.17588
823 824 37.51026
823 825 32.665388
820 826 0.867205
826 827 0.9629880000000001
827 828 1.161643
828 829 0.622518
829 830 30.853693
829 831 30.524227999999997
828 832 29.915485000000004
827 833 35.501971999999995
826 834 2.2921400000000003
834 835 0.22802999999999998
835 836 0.592724
836 837 0.432716
837 838 4.767307
838 839 0.608022
839 840 0.983473
840 841 3.14651
841 842 59.666467999999995
841 843 51.310228
840 844 44.986404
839 845 0.807586
845 846 43.307565
845 847 37.63168
838 848 0.68091
848 849 0.675857
849 850 1.564786
850 851 43.957502999999996
850 852 39.889294
849 853 0.613062
853 854 1.6048369999999998
854 855 46.286718
854 856 42.2048
853 857 0.925336
857 858 4.141908
858 859 68.790064
858 860 69.776711
857 861 4.376103
861 862 2.7453700000000003
862 863 57.232144
862 864 46.963308
861 865 54.30437
848 866 1.0301609999999999
866 867 49.636929
866 868 1.5687639999999998
868 869 67.337443
868 870 42.349632
837 871 0.642034
871 872 37.09046
871 873 0.191818
873 874 33.724568999999995
873 875 38.846185
836 876 1.3253519999999999
876 877 1.912013
877 878 41.341601
877 879 37.89693
876 880 1.530805
880 881 78.232002
880 882 44.239152
835 883 36.114661
834 884 0.9583980000000001
884 885 0.721603
885 886 1.648067
886 887 42.247551
886 888 54.681371
885 889 0.353083
889 890 0.7820630000000001
890 891 0.954482
891 892 0.23847000000000002
892 893 0.7197
893 894 34.213573000000004
893 895 36.130942
892 896 42.058051
891 897 38.546238
890 898 37.652736999999995
889 899 2.134371
899 900 36.631896000000005
899 901 57.84157
884 902 41.546244
701 903 0.7943429999999999
903 904 36.616999
903 905 1.0344799999999998
905 906 1.351489
906 907 40.514978
906 908 39.286885999999996
905 909 0.42631800000000003
909 910 37.616155
909 911 1.039598
911 912 0.7411059999999999
912 913 41.169798
912 914 47.529005000000005
911 915 1.8866669999999999
915 916 1.482194
916 917 1.187567
917 918 2.076453
918 919 67.82104700000001
918 920 52.648016
917 921 0.558864
921 922 44.200408
921 923 48.309218
916 924 1.513837
924 925 44.765664
924 926 70.988236
915 927 44.33217
700 928 0.65418
928 929 0.125448
929 930 36.430555
929 931 33.913961
928 932 1.756068
932 933 35.308572999999996
932 934 31.073672000000002
697 935 32.845846
696 936 0.49426899999999996
936 937 32.507228
936 938 30.711554000000003
695 939 0.25770099999999996
939 940 0.137044
940 941 0.28647999999999996
941 942 0.460713
942 943 0.552643
943 944 0.325772
944 945 0.27918600000000005
945 946 0.9630839999999999
946 947 0.306491
947 948 1.010611
948 949 49.084595
948 950 37.156545
947 951 32.522771
946 952 0.32461
952 953 2.108495
953 954 38.632924
953 955 0.7734559999999999
955 956 34.356669000000004
955 957 32.673075000000004
952 958 1.468542
958 959 32.785858000000005
958 960 42.606253
945 961 0.756278
961 962 33.544666
961 963 35.624784
944 964 0.144651
964 965 1.082556
965 966 31.148972000000004
965 967 32.225116
964 968 1.237458
968 969 34.902159
968 970 34.601363
943 971 0.166381
971 972 0.6525310000000001
972 973 36.056354
972 974 31.954166999999998
971 975 35.550715
942 976 0.349294
976 977 0.571588
977 978 0.6314110000000001
978 979 29.617198000000002
978 980 31.005925
977 981 31.586741
976 982 0.89023
982 983 34.160983
982 984 0.37805099999999997
984 985 1.388558
985 986 38.937677
985 987 31.745583
984 988 39.354981
941 989 33.529351
940 990 0.5716129999999999
990 991 0.350611
991 992 0.8443880000000001
992 993 27.993244
992 994 26.97677
991 995 0.620735
995 996 27.925624999999997
995 997 29.458761
990 998 28.252947
939 999 0.711775
999 1000 29.125727
999 1001 0.505698
1001 1002 28.279045000000004
1001 1003 28.530494
694 1004 30.842927999999997
543 1005 0.100355
1005 1006 0.69391
1006 1007 0.7563259999999999
1007 1008 28.001174000000002
1007 1009 28.665311
1006 1010 28.946626
1005 1011 0.51655
1011 1012 27.151798
1011 1013 0.26285200000000003
1013 1014 27.381537
1013 1015 26.753978
542 1016 0.722306
1016 1017 26.210957
1016 1018 0.211694
1018 1019 0.407408
1019 1020 26.446909
1019 1021 28.94376
1018 1022 26.110974
541 1023 0.453919
1023 1024 25.389381999999998
1023 1025 27.239387999999998
538 1026 0.6153879999999999
1026 1027 0.27598100000000003
1027 1028 27.084304999999997
1027 1029 0.400702
1029 1030 25.985746
1029 1031 27.461204
1026 1032 1.3905020000000001
1032 1033 27.425475
1032 1034 26.710040000000003
537 1035 0.157592
1035 1036 25.28044
1035 1037 24.421729
536 1038 0.111023
1038 1039 0.571342
1039 1040 23.689152
1039 1041 24.591506
1038 1042 0.481062
1042 1043 0.5669379999999999
1043 1044 0.47919
1044 1045 21.638144
1044 1046 21.81357
1043 1047 0.288194
1047 1048 0.218926
1048 1049 1.025443
1049 1050 25.137579
1049 1051 27.220404
1048 1052 23.028819
1047 1053 22.88888
1042 1054 0.673339
1054 1055 23.139211
1054 1056 23.872448
535 1057 0.698549
1057 1058 0.758915
1058 1059 23.318843
1058 1060 24.197793
1057 1061 25.381612999999998
534 1062 0.485976
1062 1063 22.791952
1062 1064 23.718184
529 1065 21.902624
524 1066 0.232607
1066 1067 21.673543000000002
1066 1068 22.018126
519 1069 20.176078999999998
518 1070 19.786069
513 1071 17.797538
512 1072 0.489662
1072 1073 16.471292000000002
1072 1074 16.43994
295 1075 15.634428
294 1076 0.6254609999999999
1076 1077 17.448938
1076 1078 18.082556
293 1079 16.830971
286 1080 16.657691999999997
285 1081 4.818115
1081 1082 11.321394
1081 1083 13.12312
232 1084 0.233169
1084 1085 0.161945
1085 1086 15.348062
1085 1087 0.350597
1087 1088 13.659395
1087 1089 0.8106510000000001
1089 1090 14.319975
1089 1091 16.268776
1084 1092 0.153755
1092 1093 14.630172
1092 1094 14.681524000000001
231 1095 0.212122
1095 1096 0.178742
1096 1097 0.24417100000000003
1097 1098 15.447045000000001
1097 1099 13.961996
1096 1100 14.271737000000002
1095 1101 0.34343300000000004
1101 1102 0.43771799999999994
1102 1103 0.041713
1103 1104 5.876165
1104 1105 8.707945
1104 1106 10.392963
1103 1107 14.282746
1102 1108 14.492821
1101 1109 0.185915
1109 1110 0.657926
1110 1111 13.279186000000001
1110 1112 12.623325
1109 1113 13.551289
214 1114 13.184667999999999
213 1115 0.29645900000000003
1115 1116 13.422248
1115 1117 13.035885
212 1118 0.09775700000000001
1118 1119 0.181198
1119 1120 0.156796
1120 1121 0.35018699999999997
1121 1122 0.596739
1122 1123 14.500694
1122 1124 13.558753000000001
1121 1125 0.168346
1125 1126 0.153471
1126 1127 0.399791
1127 1128 0.26714299999999996
1128 1129 0.410133
1129 1130 0.44832099999999997
1130 1131 13.767347
1130 1132 13.439313
1129 1133 13.675664000000001
1128 1134 15.969914
1127 1135 0.610175
1135 1136 13.322139
1135 1137 13.50915
1126 1138 0.338261
1138 1139 0.09812200000000001
1139 1140 0.116965
1140 1141 0.22380899999999998
1141 1142 15.298694
1141 1143 0.347865
1143 1144 15.341076000000001
1143 1145 16.55028
1140 1146 0.10916999999999999
1146 1147 0.6703169999999999
1147 1148 14.927568999999998
1147 1149 14.384127
1146 1150 0.25812399999999996
1150 1151 0.169177
1151 1152 0.238312
1152 1153 15.855959
1152 1154 0.29537199999999997
1154 1155 16.243941
1154 1156 0.626977
1156 1157 16.608159
1156 1158 17.026449
1151 1159 0.425442
1159 1160 15.227022000000002
1159 1161 15.361728999999999
1150 1162 14.957081
1139 1163 0.115245
1163 1164 0.160695
1164 1165 0.48796300000000004
1165 1166 13.657226
1165 1167 14.78493
1164 1168 0.463866
1168 1169 15.106417
1168 1170 15.284220000000001
1163 1171 0.334189
1171 1172 15.176435
1171 1173 13.650730999999999
1138 1174 0.20299599999999998
1174 1175 0.371718
1175 1176 0.537764
1176 1177 17.095378
1176 1178 15.100289
1175 1179 15.825172000000002
1174 1180 15.851783999999999
1125 1181 14.295580999999999
1120 1182 0.06594599999999999
1182 1183 0.668948
1183 1184 14.522796
1183 1185 12.778054999999998
1182 1186 13.371583000000001
1119 1187 0.312734
1187 1188 0.830227
1188 1189 13.413108000000001
1188 1190 13.887743
1187 1191 0.218037
1191 1192 13.637025
1191 1193 13.947240999999998
1118 1194 0.178558
1194 1195 0.09135900000000001
1195 1196 0.192785
1196 1197 13.558075
1196 1198 13.086359999999999
1195 1199 0.232369
1199 1200 13.336563000000002
1199 1201 14.437351000000001
1194 1202 0.21676600000000001
1202 1203 0.088436
1203 1204 0.06002
1204 1205 0.340972
1205 1206 13.456162999999998
1205 1207 12.538611
1204 1208 0.146779
1208 1209 0.46317600000000003
1209 1210 13.847761
1209 1211 14.116366
1208 1212 0.053314
1212 1213 0.6741050000000001
1213 1214 12.786789
1213 1215 12.656429999999999
1212 1216 0.329546
1216 1217 0.408497
1217 1218 0.147488
1218 1219 0.228371
1219 1220 0.200227
1220 1221 14.321641
1220 1222 16.366394
1219 1223 0.210265
1223 1224 13.851741
1223 1225 0.517971
1225 1226 13.970842
1225 1227 15.146604
1218 1228 0.108194
1228 1229 0.5760409999999999
1229 1230 0.276209
1230 1231 0.24996200000000002
1231 1232 15.137746
1231 1233 15.055378999999999
1230 1234 0.208659
1234 1235 0.7986200000000001
1235 1236 15.301458
1235 1237 15.486011999999999
1234 1238 0.128979
1238 1239 0.24219900000000003
1239 1240 0.101063
1240 1241 0.126283
1241 1242 0.404912
1242 1243 0.297467
1243 1244 16.712357
1243 1245 16.714768
1242 1246 0.769839
1246 1247 0.766162
1247 1248 0.47635500000000003
1248 1249 15.611823999999999
1248 1250 16.380813
1247 1251 16.954532
1246 1252 0.197847
1252 1253 0.077618
1253 1254 0.38080200000000003
1254 1255 19.323442
1254 1256 0.25077699999999997
1256 1257 0.545242
1257 1258 18.519648
1257 1259 18.089192
1256 1260 19.074972000000002
1253 1261 17.125595
1252 1262 17.656917
1241 1263 0.30605
1263 1264 16.051140999999998
1263 1265 0.184454
1265 1266 15.258583
1265 1267 0.362686
1267 1268 0.644657
1268 1269 14.641856
1268 1270 16.544876
1267 1271 15.257481
1240 1272 0.251454
1272 1273 0.975989
1273 1274 16.344547000000002
1273 1275 15.64809
1272 1276 16.096651
1239 1277 0.546444
1277 1278 0.570697
1278 1279 17.555564
1278 1280 0.760069
1280 1281 16.899670999999998
1280 1282 19.384165
1277 1283 0.5962860000000001
1283 1284 0.154226
1284 1285 0.654685
1285 1286 17.390005
1285 1287 15.624085
1284 1288 17.366599
1283 1289 0.236859
1289 1290 1.2169050000000001
1290 1291 17.292087000000002
1290 1292 18.239407
1289 1293 0.430906
1293 1294 18.191301000000003
1293 1295 20.066150999999998
1238 1296 0.050835
1296 1297 0.54382
1297 1298 0.43452100000000005
1298 1299 16.921412
1298 1300 0.412679
1300 1301 16.332339
1300 1302 16.373654000000002
1297 1303 15.376778
1296 1304 15.790876
1229 1305 15.512699999999999
1228 1306 14.750764
1217 1307 14.016535
1216 1308 13.771951
1203 1309 0.095875
1309 1310 0.12806700000000001
1310 1311 1.224536
1311 1312 0.49104
1312 1313 17.401643
1312 1314 0.38443
1314 1315 15.900982999999998
1314 1316 0.834834
1316 1317 16.765344
1316 1318 0.8960440000000001
1318 1319 0.48636599999999997
1319 1320 1.1281640000000002
1320 1321 0.9999279999999999
1321 1322 19.796694000000002
1321 1323 22.349501
1320 1324 19.618232
1319 1325 19.162509
1318 1326 17.727812
1311 1327 0.143051
1327 1328 15.057413
1327 1329 15.333223000000002
1310 1330 0.041488000000000004
1330 1331 0.220923
1331 1332 0.213162
1332 1333 14.072132000000002
1332 1334 0.271361
1334 1335 13.292720999999998
1334 1336 0.042913
1336 1337 14.605141999999999
1336 1338 0.38495500000000005
1338 1339 14.029402999999999
1338 1340 13.934724000000001
1331 1341 0.151034
1341 1342 12.687032
1341 1343 13.215478
1330 1344 13.839067
1309 1345 0.131491
1345 1346 0.162147
1346 1347 0.365305
1347 1348 11.893871
1347 1349 12.281032
1346 1350 0.428967
1350 1351 12.732736
1350 1352 12.073093
1345 1353 0.283451
1353 1354 12.337017
1353 1355 12.378287
1202 1356 0.292778
1356 1357 0.705958
1357 1358 12.780016
1357 1359 14.23868
1356 1360 13.090024999999999
211 1361 0.244156
1361 1362 12.951414999999999
1361 1363 13.135759
210 1364 0.12111100000000001
1364 1365 13.086316
1364 1366 12.174126000000001
209 1367 0.207821
1367 1368 13.069504000000002
1367 1369 12.465305
208 1370 0.193264
1370 1371 12.822542
1370 1372 12.4379
207 1373 0.17702
1373 1374 0.148035
1374 1375 0.23280499999999998
1375 1376 0.451264
1376 1377 11.283914000000001
1376 1378 12.533323
1375 1379 11.194554
1374 1380 0.11231100000000001
1380 1381 0.08451
1381 1382 0.12556799999999999
1382 1383 0.114106
1383 1384 11.419101
1383 1385 0.089622
1385 1386 11.868136999999999
1385 1387 11.9491
1382 1388 11.639463
1381 1389 0.097348
1389 1390 0.082175
1390 1391 0.032392
1391 1392 0.280245
1392 1393 11.484862999999999
1392 1394 12.154316
1391 1395 12.481254999999999
1390 1396 0.179487
1396 1397 11.707914
1396 1398 0.199346
1398 1399 0.512902
1399 1400 10.754788999999999
1399 1401 11.391381
1398 1402 0.19994299999999998
1402 1403 0.07802
1403 1404 10.711955
1403 1405 11.347516
1402 1406 0.24171
1406 1407 10.850427999999999
1406 1408 0.271808
1408 1409 0.28642199999999995
1409 1410 0.194854
1410 1411 0.357148
1411 1412 0.190639
1412 1413 0.32538
1413 1414 0.410784
1414 1415 0.27579000000000004
1415 1416 0.490041
1416 1417 12.550542
1416 1418 10.469457
1415 1419 0.283892
1419 1420 0.44407099999999994
1420 1421 10.823820000000001
1420 1422 10.290051
1419 1423 12.019244
1414 1424 10.978469
1413 1425 10.658748999999998
1412 1426 10.372621
1411 1427 0.36930399999999997
1427 1428 11.593446
1427 1429 11.250785
1410 1430 10.459154
1409 1431 10.547565
1408 1432 0.410324
1432 1433 10.338793
1432 1434 12.417743
1389 1435 0.115881
1435 1436 0.46923299999999996
1436 1437 13.149543999999999
1436 1438 12.385264999999999
1435 1439 11.299647
1380 1440 0.061072999999999995
1440 1441 0.197576
1441 1442 11.273441
1441 1443 0.664808
1443 1444 10.636897
1443 1445 10.562330000000001
1440 1446 11.619546
1373 1447 0.22781400000000002
1447 1448 11.969085
1447 1449 11.581257
206 1450 0.035385
1450 1451 0.071295
1451 1452 0.168014
1452 1453 0.127705
1453 1454 0.142207
1454 1455 0.252753
1455 1456 0.26513000000000003
1456 1457 0.343087
1457 1458 12.609250999999999
1457 1459 13.385523
1456 1460 13.118757
1455 1461 0.21662800000000001
1461 1462 11.483037
1461 1463 10.882664
1463 1464 2.04499
1463 1465 1.753023
1454 1466 0.128782
1466 1467 0.36646
1467 1468 11.23105
1467 1469 11.701002
1466 1470 0.045262
1470 1471 0.397405
1471 1472 11.016181
1471 1473 12.003817999999999
1470 1474 0.326972
1474 1475 0.265442
1475 1476 11.400852
1475 1477 13.043662000000001
1474 1478 0.656926
1478 1479 11.758359
1478 1480 11.173693
1453 1481 0.16450900000000002
1481 1482 12.224533
1481 1483 0.403614
1483 1484 10.419262999999999
1484 1485 1.922386
1484 1486 1.9382489999999999
1483 1487 11.870192
1452 1488 0.14814
1488 1489 0.257325
1489 1490 0.401167
1490 1491 11.198884000000001
1490 1492 11.034107
1489 1493 0.283368
1493 1494 12.053927999999999
1493 1495 10.878123
1488 1496 0.322829
1496 1497 12.3101
1496 1498 11.775191999999999
1451 1499 0.153984
1499 1500 11.520696
1499 1501 0.294738
1501 1502 11.130348
1501 1503 11.015822
1450 1504 0.8415189999999999
1504 1505 12.583726
1504 1506 10.966616
205 1507 0.617412
1507 1508 0.353777
1508 1509 0.333364
1509 1510 10.979284
1509 1511 9.879242000000001
1508 1512 0.096327
1512 1513 12.262926
1512 1514 0.23894900000000002
1514 1515 0.513512
1515 1516 4.575541
1516 1517 8.172752
1516 1518 7.4845880000000005
1515 1519 1.167239
1519 1520 11.692129
1519 1521 11.415943
1514 1522 0.6434920000000001
1522 1523 9.809061
1522 1524 10.122368
1507 1525 0.22102
1525 1526 11.201788
1525 1527 11.379734
204 1528 0.141915
1528 1529 11.504636999999999
1528 1530 11.868415
129 1531 10.876291
128 1532 0.258929
1532 1533 0.21066200000000002
1533 1534 11.75636
1533 1535 0.504807
1535 1536 11.362801000000001
1535 1537 11.393735000000001
1532 1538 10.727511
127 1539 0.149156
1539 1540 0.311269
1540 1541 11.411921
1540 1542 10.474523
1539 1543 0.066649
1543 1544 0.078509
1544 1545 0.159011
1545 1546 0.20551599999999998
1546 1547 9.912284
1546 1548 10.186645
1545 1549 9.634777
1544 1550 0.095892
1550 1551 10.436836
1550 1552 9.578284
1543 1553 0.105931
1553 1554 0.239063
1554 1555 10.106728
1554 1556 10.497531
1553 1557 0.395313
1557 1558 10.132741000000001
1557 1559 9.798687000000001
126 1560 0.19219
1560 1561 10.837522
1560 1562 0.455661
1562 1563 0.45949199999999996
1563 1564 10.223888
1563 1565 9.791233
1562 1566 11.986169
125 1567 0.09851599999999999
1567 1568 0.139575
1568 1569 0.170933
1569 1570 10.270287
1569 1571 0.080881
1571 1572 0.220095
1572 1573 9.381259
1572 1574 9.145116999999999
1571 1575 0.376098
1575 1576 9.429029
1575 1577 9.26093
1568 1578 0.24112500000000003
1578 1579 10.348564
1578 1580 9.666556
1567 1581 0.060871
1581 1582 0.20762200000000003
1582 1583 10.043643
1582 1584 10.223257
1581 1585 0.325075
1585 1586 0.498262
1586 1587 10.324473000000001
1586 1588 11.648422
1585 1589 10.925347
124 1590 0.365799
1590 1591 9.816282
1590 1592 9.119905000000001
123 1593 0.212837
1593 1594 0.183114
1594 1595 8.883056
1594 1596 0.257867
1596 1597 8.924443
1596 1598 9.032934
1593 1599 0.175992
1599 1600 9.016238
1599 1601 9.428514999999999
122 1602 0.27754799999999996
1602 1603 0.274671
1603 1604 10.49515
1603 1605 11.046711
1602 1606 0.25426200000000004
1606 1607 11.320075000000001
1606 1608 0.295032
1608 1609 9.62546
1608 1610 0.425326
1610 1611 10.203477
1610 1612 11.682967
119 1613 0.050608
1613 1614 0.429821
1614 1615 8.796777
1614 1616 9.322612
1613 1617 8.306796
112 1618 0.196629
1618 1619 0.173983
1619 1620 0.538354
1620 1621 0.46597299999999997
1621 1622 7.9783859999999995
1621 1623 9.255426
1620 1624 7.636903
1619 1625 7.686311999999999
1618 1626 0.276342
1626 1627 0.15903499999999998
1627 1628 7.633294
1627 1629 0.116789
1629 1630 7.364192999999999
1629 1631 7.444085
1626 1632 0.21053399999999997
1632 1633 0.157002
1633 1634 0.101869
1634 1635 0.49026000000000003
1635 1636 8.678189
1635 1637 9.360138
1634 1638 0.20025300000000001
1638 1639 0.115401
1639 1640 8.175813
1639 1641 8.898414
1638 1642 0.22496399999999997
1642 1643 8.58985
1642 1644 8.245814999999999
1633 1645 0.092695
1645 1646 8.611434
1645 1647 7.907662
1632 1648 0.110651
1648 1649 7.488938000000001
1648 1650 7.703722
111 1651 7.829271
100 1652 0.34605600000000003
1652 1653 0.11015599999999999
1653 1654 0.203171
1654 1655 6.997536
1654 1656 6.823290999999999
1653 1657 0.037912
1657 1658 0.307446
1658 1659 7.0724789999999995
1658 1660 0.32336000000000004
1660 1661 0.068032
1661 1662 0.17278000000000002
1662 1663 7.533951
1662 1664 8.045682
1661 1665 0.091637
1665 1666 0.047589
1666 1667 7.663039
1666 1668 0.868488
1668 1669 8.108717
1668 1670 7.23842
1665 1671 0.24787599999999999
1671 1672 0.348452
1672 1673 0.302378
1673 1674 9.23905
1673 1675 0.20763399999999999
1675 1676 7.621677
1675 1677 8.113476
1672 1678 0.09442600000000001
1678 1679 0.289632
1679 1680 7.8817960000000005
1679 1681 11.301644
1678 1682 0.462577
1682 1683 0.267313
1683 1684 9.322637
1683 1685 8.796752
1682 1686 0.28547
1686 1687 0.268562
1687 1688 9.937890000000001
1687 1689 8.916107
1686 1690 0.45634300000000005
1690 1691 9.522271
1690 1692 8.840971999999999
1671 1693 0.08893
1693 1694 1.180316
1694 1695 6.381149999999999
1694 1696 8.121471
1693 1697 0.148884
1697 1698 0.14784799999999998
1698 1699 0.443491
1699 1700 6.855303
1699 1701 7.9529749999999995
1698 1702 7.1942710000000005
1697 1703 0.007755
1703 1704 0.10289
1704 1705 6.966607
1704 1706 7.231985000000001
1703 1707 9.159483999999999
1660 1708 7.821318
1657 1709 0.264158
1709 1710 0.28331300000000004
1710 1711 0.11009500000000001
1711 1712 0.095079
1712 1713 0.092
1713 1714 0.22938199999999997
1714 1715 6.0790049999999995
1714 1716 6.0359110000000005
1713 1717 0.102026
1717 1718 0.080784
1718 1719 5.770817
1718 1720 5.835046
1717 1721 0.284043
1721 1722 5.893259
1721 1723 6.294760000000001
1712 1724 0.103275
1724 1725 0.054810000000000005
1725 1726 0.14757900000000002
1726 1727 5.7413430000000005
1726 1728 0.084596
1728 1729 0.018005
1729 1730 0.176376
1730 1731 5.708859
1730 1732 5.680256
1729 1733 0.201698
1733 1734 5.342237
1733 1735 0.172632
1735 1736 5.316296
1735 1737 5.498931
1728 1738 0.052143
1738 1739 6.897757
1738 1740 0.37011299999999997
1740 1741 5.72827
1740 1742 5.733
1725 1743 0.163001
1743 1744 6.259335000000001
1743 1745 5.709663
1724 1746 0.17622300000000002
1746 1747 6.041176999999999
1746 1748 5.927821
1711 1749 0.062554
1749 1750 0.151283
1750 1751 6.282939999999999
1750 1752 6.272030000000001
1749 1753 0.043188
1753 1754 0.29093
1754 1755 6.4213569999999995
1754 1756 6.0600309999999995
1753 1757 6.690161999999999
1710 1758 0.16688
1758 1759 0.31166900000000003
1759 1760 6.528738000000001
1759 1761 6.618391999999999
1758 1762 0.170142
1762 1763 0.191616
1763 1764 7.790564
1763 1765 6.941147
1762 1766 0.080071
1766 1767 0.045142
1767 1768 7.1105
1767 1769 0.17394199999999999
1769 1770 6.4844230000000005
1769 1771 6.5883449999999995
1766 1772 0.066237
1772 1773 0.185448
1773 1774 0.387968
1774 1775 6.513099
1774 1776 6.932460999999999
1773 1777 7.6210130000000005
1772 1778 0.040163
1778 1779 0.18440399999999998
1779 1780 6.884124
1779 1781 0.173336
1781 1782 6.425124
1781 1783 6.351176
1778 1784 6.557263000000001
1709 1785 8.060668
1652 1786 0.066462
1786 1787 0.079352
1787 1788 0.15512399999999998
1788 1789 6.528196
1788 1790 6.767952000000001
1787 1791 0.14534
1791 1792 7.080590000000001
1791 1793 0.09361
1793 1794 6.4392119999999995
1793 1795 7.006348
1786 1796 0.154379
1796 1797 0.215489
1797 1798 0.128685
1798 1799 6.655233000000001
1798 1800 6.940135
1797 1801 0.097525
1801 1802 6.831421
1801 1803 7.215763
1796 1804 0.051764
1804 1805 0.16852
1805 1806 0.024333
1806 1807 7.775851
1806 1808 7.959302
1805 1809 7.262312
1804 1810 0.076901
1810 1811 0.58349
1811 1812 0.319428
1812 1813 2.272345
1813 1814 6.981672999999999
1813 1815 7.520947
1812 1816 1.9181139999999999
1816 1817 7.808904
1816 1818 6.1627279999999995
1811 1819 8.595595
1810 1820 0.09346499999999999
1820 1821 6.90516
1820 1822 0.19454
1822 1823 6.787261
1822 1824 7.259923
99 1825 6.416497000000001
98 1826 0.101363
1826 1827 5.259384000000001
1826 1828 0.057136000000000006
1828 1829 6.605621
1828 1830 0.278447
1830 1831 5.227019
1830 1832 5.161671999999999
97 1833 0.25455
1833 1834 6.386775
1833 1835 2.169432
1835 1836 3.415878
1835 1837 3.409703
68 1838 5.150059
67 1839 0.197473
1839 1840 0.32453
1840 1841 5.681298
1840 1842 0.30438000000000004
1842 1843 0.606423
1843 1844 1.3020399999999999
1844 1845 0.54943
1845 1846 0.374618
1846 1847 5.339465000000001
1846 1848 5.191038
1845 1849 5.46272
1844 1850 6.585003
1843 1851 9.073797
1842 1852 6.6687579999999995
1839 1853 0.04347
1853 1854 0.18947
1854 1855 0.345323
1855 1856 5.361782
1855 1857 5.239764
1854 1858 0.008326
1858 1859 0.22670400000000002
1859 1860 5.382948
1859 1861 7.09844
1858 1862 6.168226000000001
1853 1863 0.24502000000000002
1863 1864 5.877705
1863 1865 5.728158
66 1866 0.050064
1866 1867 0.32449300000000003
1867 1868 4.351316000000001
1867 1869 4.708148
1866 1870 4.866092
65 1871 0.064362
1871 1872 5.259783
1871 1873 0.09236799999999999
1873 1874 0.156634
1874 1875 4.500501
1874 1876 4.697367
1873 1877 5.034751
64 1878 0.385968
1878 1879 0.208721
1879 1880 0.170805
1880 1881 0.47750099999999995
1881 1882 3.554035
1881 1883 4.818657
1880 1884 0.070744
1884 1885 3.944578
1884 1886 3.7499650000000004
1879 1887 0.128132
1887 1888 0.23785299999999998
1888 1889 4.243316
1888 1890 4.061174
1887 1891 5.365107999999999
1878 1892 4.424477
47 1893 0.282024
1893 1894 0.214687
1894 1895 4.481113
1894 1896 0.07369600000000001
1896 1897 0.101208
1897 1898 0.10548199999999999
1898 1899 4.6027510000000005
1898 1900 5.222322
1897 1901 4.563187
1896 1902 5.003781
1893 1903 0.132856
1903 1904 0.148876
1904 1905 4.0742899999999995
1904 1906 0.12486599999999999
1906 1907 0.057879
1907 1908 3.674184
1907 1909 0.052731
1909 1910 0.402636
1910 1911 3.9061440000000003
1910 1912 3.721052
1909 1913 4.327432
1906 1914 0.10600799999999999
1914 1915 0.10081300000000001
1915 1916 4.0636600000000005
1915 1917 4.44569
1914 1918 4.291563
1903 1919 4.7008090000000005
46 1920 5.3832770000000005
37 1921 0.258166
1921 1922 0.144427
1922 1923 3.9354
1922 1924 4.029378
1921 1925 0.110374
1925 1926 4.477992
1925 1927 4.512402
36 1928 3.921158
35 1929 3.6846410000000005
24 1930 3.8724840000000005
23 1931 3.21665
14 1932 3.2788159999999995
11 1933 0.115039
1933 1934 0.130676
1934 1935 2.3981969999999997
1934 1936 3.1823780000000004
1933 1937 0.184746
1937 1938 0.32478300000000004
1938 1939 4.606725
1938 1940 0.43033699999999997
1940 1941 0.21232099999999998
1941 1942 3.7593620000000003
1941 1943 3.265497
1940 1944 3.7019620000000004
1937 1945 3.776131
10 1946 0.48541799999999996
1946 1947 2.9603170000000003
1946 1948 2.361853
9 1949 0.12280500000000001
1949 1950 0.057621
1950 1951 0.09256400000000001
1951 1952 2.325468
1951 1953 0.143235
1953 1954 0.14311000000000001
1954 1955 3.048812
1954 1956 2.856564
1953 1957 2.420415
1950 1958 2.224998
1949 1959 0.13991599999999998
1959 1960 2.350527
1959 1961 0.311275
1961 1962 2.531583
1961 1963 3.243632
8 1964 0.07928600000000001
1964 1965 0.071323
1965 1966 0.10120000000000001
1966 1967 0.333955
1967 1968 0.294879
1968 1969 2.511469
1968 1970 0.563037
1970 1971 0.509707
1971 1972 0.496572
1972 1973 5.616484
1972 1974 8.129090999999999
1971 1975 4.835938
1970 1976 0.303498
1976 1977 7.586719
1976 1978 6.536119
1967 1979 5.637563
1966 1980 1.492886
1965 1981 0.049849
1981 1982 2.878228
1981 1983 3.027148
1964 1984 2.355192
7 1985 2.124576
6 1986 0.0585
1986 1987 0.030708
1987 1988 1.138141
1987 1989 0.14383300000000002
1989 1990 1.2065050000000002
1989 1991 1.907634
1986 1992 1.326393
5 1993 6.874110999999999
4 1994 0.477554
3 1995 0.319903
2 1996 0.5791679999999999
1 1997 0.392783
1 1998 4.034883000000001
