22618 4
12541 5
21318 11
4449 16
26252 17
2576 20
10589 22
25865 23
27925 25
2336 28
22623 30
29242 31
15286 33
31493 34
11687 37
4532 38
18202 48
20699 49
10117 50
12616 52
7604 53
19649 57
718 58
7222 65
27427 68
28118 69
15697 71
27476 72
12753 75
6595 76
20493 79
25634 80
31082 81
26627 82
26244 84
21669 85
4114 87
13962 88
6978 89
28726 91
20877 92
23023 95
3234 96
29908 97
12461 99
6732 101
27868 102
20457 108
3182 109
9712 110
8987 112
14311 115
29771 116
11947 117
30577 120
11340 121
20232 124
25331 125
21642 127
25038 128
3860 130
6027 131
19730 137
1252 138
19856 140
6184 141
15951 142
3021 143
28052 144
19175 146
23067 149
18702 151
3030 152
11758 155
25944 156
12812 157
9759 160
24985 161
14874 162
11015 167
7775 168
15868 171
11742 173
5082 175
25338 177
12478 178
25910 179
1691 188
13360 189
21699 195
2953 197
24304 198
12847 199
27118 200
13560 202
10391 203
2931 204
15906 211
23327 213
6619 215
26247 217
13999 218
8484 221
18220 222
11428 224
19564 226
29347 228
11026 229
7743 232
29686 233
20815 236
11775 239
29257 241
13373 242
25259 245
22531 246
11767 252
14149 254
29153 255
21740 257
21965 259
29266 260
7133 265
1244 267
14821 268
22018 269
24715 275
20603 276
4228 277
27811 278
7163 282
15652 283
5921 286
4758 287
1215 288
20063 296
3740 297
29993 298
17046 300
20708 302
3841 303
28808 313
29704 314
31437 320
18051 321
14487 322
16095 323
959 324
21091 327
1342 328
20832 330
15051 332
319 333
11603 336
29003 338
1888 339
14476 342
9005 343
30099 347
4355 348
5775 349
5567 351
17928 353
3203 355
3818 356
15365 358
28195 361
19688 362
29438 363
30933 367
16349 368
15383 369
16007 373
9391 374
1361 375
14766 376
22784 379
252 380
29773 383
19114 384
13584 385
883 390
637 391
25002 396
66 397
19654 398
19459 402
24689 403
1584 404
3855 406
23092 407
10332 411
8909 412
21175 414
31417 417
11695 418
31356 419
6225 425
31341 426
10186 429
18960 431
25302 432
23982 434
6940 435
13157 437
10155 439
23648 440
27869 445
366 447
12489 448
30682 449
3706 452
29475 453
1726 455
7583 456
27283 461
3415 462
7453 463
25578 465
18042 466
30620 468
29730 469
6346 471
19193 472
19690 476
10669 477
4984 482
17378 483
8039 485
27196 487
1907 489
8127 490
14986 494
29043 496
23712 497
25004 499
29723 506
6155 507
20543 509
12665 510
9925 511
19773 512
25921 513
1169 514
6481 520
11781 521
6078 523
28440 525
5389 526
23651 528
14673 529
8725 534
22740 535
24617 538
15517 540
23792 541
24827 542
3325 544
25399 546
20895 547
23329 548
29915 550
14996 552
30763 554
29394 555
24124 556
15769 557
7356 562
882 564
8928 567
2980 569
23317 571
22122 572
28603 573
15819 574
29943 575
19320 578
12989 579
8321 581
23956 584
24378 586
23541 588
24057 589
1657 590
1423 593
4572 595
21691 596
15798 599
26598 601
1132 602
12243 604
8410 605
23828 620
15577 621
4285 623
29313 625
21744 626
24235 627
151 632
22532 633
26792 634
21998 637
20019 638
3392 640
27680 644
8998 645
13925 646
9565 647
24000 648
12656 650
28623 652
30238 653
21020 656
3064 657
23996 659
30314 662
19950 664
20377 665
23139 666
15184 669
23443 670
28948 672
9002 673
4604 681
1797 682
14105 685
28844 686
12430 689
23968 690
6161 691
28074 702
3137 703
1656 712
15749 713
6107 715
27317 716
26582 717
10877 718
1237 721
22041 723
728 724
11658 727
15678 729
14749 730
18061 731
23505 735
30685 738
28177 739
20469 743
19158 744
30677 746
23914 747
16922 749
3595 750
31039 759
22091 760
30971 764
29056 767
10556 768
25207 769
5386 770
11135 774
14485 775
27600 776
13410 779
27574 780
1482 781
29684 782
30054 784
16598 785
20530 786
26064 788
7810 790
28920 791
27250 794
27982 795
24428 800
7908 801
22727 802
14394 806
28478 807
1872 809
11147 810
13420 811
19300 812
6263 814
24245 815
4507 822
3911 823
2620 824
865 825
15812 827
27130 829
7727 831
6060 832
26126 835
10440 836
4861 839
29202 840
30242 843
14870 844
22066 845
16726 848
7036 849
27278 854
11583 856
10012 859
31086 860
4934 861
18754 862
9660 864
4055 865
5754 867
22417 868
26521 870
27863 871
1948 874
7068 876
276 877
27743 882
30153 883
10162 885
15481 887
24907 889
18100 890
26602 892
27653 893
21652 895
28022 896
26567 898
19665 899
23378 904
15486 905
281 907
17664 909
11271 910
29203 912
74 913
20480 915
22449 918
13208 919
11812 920
10214 923
13969 924
2201 925
29812 929
30022 931
3695 932
29191 933
25674 934
3624 937
22864 941
17418 943
28805 944
10664 949
4230 950
13679 951
9914 953
7597 955
12041 956
416 961
6665 963
13340 964
1921 966
1063 967
17080 970
20471 972
1523 973
9875 976
15275 977
168 978
19051 983
4410 984
1984 985
8966 986
13008 994
7574 997
14980 998
10802 999
19184 1004
1870 1005
6817 1008
6224 1009
20315 1010
26843 1012
6609 1014
8339 1015
22522 1016
8755 1019
30684 1021
2188 1022
28706 1024
12722 1026
14079 1030
24483 1031
15742 1033
9149 1036
16344 1037
13690 1038
19069 1039
21250 1040
12836 1041
11136 1043
24922 1044
11616 1047
25581 1049
23336 1050
16616 1054
230 1055
12867 1057
3760 1059
21671 1060
25847 1061
14278 1064
30058 1065
21350 1066
31345 1067
1730 1068
21886 1071
25003 1072
8031 1076
23309 1077
25453 1082
5047 1083
19212 1084
11876 1085
26922 1088
4340 1089
15927 1092
25573 1093
2861 1094
7765 1095
20692 1096
16532 1097
8056 1100
12625 1101
5138 1104
27026 1105
845 1108
20884 1109
4127 1110
6192 1113
23529 1114
8589 1125
812 1126
31030 1127
15791 1128
1829 1131
10444 1132
8429 1133
1550 1136
6698 1139
14902 1141
12710 1142
3075 1144
15034 1145
21944 1150
4541 1151
24596 1153
9258 1154
4037 1159
6737 1161
29116 1162
6022 1166
10261 1167
13214 1168
16122 1175
5895 1177
12974 1178
21180 1179
23915 1180
6721 1183
1448 1184
19378 1185
25367 1188
7020 1189
29209 1191
9013 1192
18376 1193
26267 1194
2306 1195
29938 1197
11682 1199
9862 1200
22647 1205
4741 1206
12251 1207
15296 1209
8679 1210
11404 1213
8839 1214
1190 1216
2464 1218
11837 1219
27206 1222
29183 1223
21506 1224
26960 1227
21771 1228
2634 1230
29436 1231
13587 1234
28693 1235
19647 1236
836 1240
9332 1241
25246 1243
23078 1244
27927 1246
8555 1251
2124 1252
11651 1254
10817 1255
21479 1257
15351 1258
4226 1259
25472 1262
13469 1263
30313 1264
6482 1268
3102 1269
9259 1270
26066 1273
27723 1274
16530 1275
2924 1279
16774 1281
29197 1282
2400 1286
29652 1287
9708 1288
13226 1292
24160 1293
17689 1294
22326 1295
22409 1296
17731 1299
27826 1302
11752 1303
31155 1304
3103 1307
26915 1310
14557 1312
20813 1313
13916 1314
30071 1315
9432 1317
18168 1318
26379 1320
27382 1321
28036 1324
13575 1325
8574 1327
2858 1328
25303 1332
3852 1334
26199 1335
19843 1340
28685 1342
23112 1343
23974 1344
4447 1347
15373 1349
24537 1351
28964 1352
24134 1359
3122 1360
10618 1361
29392 1364
10282 1365
25949 1366
6343 1370
24463 1371
18485 1376
25055 1378
1314 1379
17062 1381
27433 1382
18437 1383
24462 1385
28788 1386
19594 1387
6784 1389
18342 1391
617 1392
23624 1395
23500 1396
48 1399
11374 1400
29937 1402
4807 1403
16767 1405
12483 1406
22163 1409
21629 1410
28486 1412
16437 1413
9541 1416
231 1417
23447 1420
19971 1421
22949 1422
20796 1424
9762 1425
11612 1436
570 1439
14601 1440
335 1441
29801 1445
30745 1446
20609 1447
15432 1450
24475 1451
17182 1453
27617 1454
13249 1457
25464 1458
26069 1461
25069 1462
30638 1464
11821 1465
28239 1468
21009 1469
29446 1470
14372 1473
1216 1474
5745 1475
14615 1478
15723 1479
19166 1482
1826 1483
14334 1485
12985 1486
17530 1491
29575 1494
27393 1497
14233 1498
6621 1499
8122 1500
8439 1502
2431 1504
3481 1505
24804 1507
4129 1508
7385 1512
8455 1513
8094 1514
5194 1515
23198 1521
13368 1525
8666 1526
1529 1528
15658 1529
24848 1532
24744 1533
19981 1538
24080 1539
13055 1540
17280 1542
27587 1543
11328 1544
743 1545
25876 1546
10401 1547
17035 1549
14592 1550
31193 1552
12282 1554
31156 1556
2385 1557
14429 1559
27919 1562
20889 1563
31173 1564
6858 1573
8000 1574
30329 1575
30701 1577
29362 1579
28746 1580
24644 1583
26618 1584
30554 1586
29960 1587
14341 1588
17748 1594
30303 1595
11396 1596
1897 1597
14168 1599
13280 1600
22290 1601
2330 1604
8135 1605
7072 1607
3311 1608
3899 1612
4566 1615
27224 1616
4137 1619
8239 1621
27679 1622
15502 1624
29321 1625
3131 1627
5266 1628
15054 1633
30279 1638
13525 1639
25554 1640
14249 1642
19048 1644
3193 1645
8174 1646
24597 1648
1721 1649
17216 1652
6840 1653
17605 1654
29523 1657
7898 1658
6156 1659
27486 1664
31495 1666
19771 1667
6 1669
27347 1670
26270 1671
2900 1673
12706 1674
9659 1679
1773 1680
30269 1682
20945 1683
22012 1685
27441 1687
17960 1689
31416 1690
15402 1695
20048 1696
11117 1698
9512 1699
11279 1700
25548 1702
7781 1703
12831 1705
13458 1707
6317 1708
809 1713
4413 1714
2308 1718
13381 1720
18712 1721
18828 1723
25123 1725
26957 1726
12720 1728
31042 1729
26698 1737
12289 1738
13832 1740
16875 1741
5285 1744
25305 1746
7976 1747
14096 1749
10713 1751
20753 1752
26997 1755
9478 1757
18655 1758
9168 1762
13293 1763
11574 1764
20265 1766
10105 1769
25600 1770
9214 1772
10425 1775
17737 1776
14199 1777
25120 1783
2697 1785
15255 1786
11006 1787
25238 1789
20319 1790
7212 1794
6018 1796
13526 1797
22479 1799
18759 1800
8369 1802
21668 1803
26465 1808
22600 1809
12856 1813
5831 1814
29318 1815
20743 1816
4663 1822
10844 1823
8770 1825
18236 1826
27439 1830
17670 1832
11035 1833
8282 1836
26203 1837
14942 1838
27085 1839
12724 1840
7418 1842
12986 1843
11803 1845
26325 1847
2680 1848
20942 1851
8645 1852
29264 1854
12037 1855
28952 1858
18573 1859
1741 1861
2051 1862
25619 1865
12928 1866
17860 1867
17915 1872
16873 1873
6331 1874
3622 1875
5056 1877
11514 1879
23123 1880
9119 1882
23523 1885
3093 1886
30817 1887
17795 1888
2052 1889
13531 1892
1500 1893
2612 1895
28526 1896
28972 1897
15203 1901
14518 1902
11353 1904
16223 1905
19276 1906
21111 1908
12646 1909
14000 1912
14182 1914
20287 1915
22375 1916
29508 1918
6924 1920
31134 1921
20260 1924
23434 1928
29843 1929
26984 1930
23470 1935
31406 1936
6144 1937
3127 1938
22200 1945
16154 1946
3435 1947
18 1949
26106 1950
1312 1951
25518 1955
22311 1957
26336 1958
2908 1959
759 1961
24925 1962
31435 1966
12231 1968
26305 1969
21375 1973
22 1974
20966 1975
17629 1976
18082 1978
23043 1980
24667 1982
21094 1983
31054 1987
20843 1988
6031 1989
2237 1991
28343 1993
14772 1994
29042 1996
27416 1997
19267 1998
