13945 6
34743 7
31999 9
3745 10
23547 11
34652 12
30589 16
23573 17
4682 20
27761 22
20456 24
28182 25
42367 28
26734 29
24679 32
11707 33
40634 35
3468 39
34817 40
22997 41
3014 42
11726 45
29186 49
42584 50
4833 51
5211 53
42895 54
41642 61
33510 68
37822 69
30871 70
32789 71
28732 73
26376 74
4947 76
29824 78
6184 79
38566 81
23715 82
26050 83
31557 88
36654 91
10470 92
27613 95
38227 98
3372 101
39974 102
11591 103
33299 105
34479 106
30177 107
27912 111
41302 112
31677 113
18242 115
2924 117
14800 118
11710 123
32350 126
21453 128
16897 129
43121 130
23008 131
17612 133
35832 135
14953 136
28684 138
33983 139
18575 144
15656 145
11662 146
22546 149
37415 150
16623 151
44333 154
43248 156
41282 157
6895 160
5996 161
20628 162
3395 165
43659 166
31476 167
21176 169
42688 170
11529 178
8261 180
33747 183
39719 184
42621 185
15733 188
26964 189
37209 190
29470 193
35688 196
37610 198
22996 199
12985 200
16160 202
44154 203
35258 206
4056 207
4949 208
14112 212
6085 214
11379 215
24448 221
22520 222
32750 223
12553 226
954 227
24420 229
8166 230
18428 233
25494 234
26962 237
34760 239
12726 240
2134 241
18628 244
7247 247
20355 250
33561 251
32678 252
32429 253
7349 254
12848 258
34108 259
7187 265
19717 266
38933 267
33481 268
43066 269
40487 272
43031 274
3850 275
16031 276
7647 281
31750 282
20030 284
15963 285
19535 286
15383 288
33994 289
38137 296
43428 298
38755 299
23394 300
38194 305
8748 306
36582 307
13919 312
17391 314
22464 315
39969 316
36916 317
23725 318
6155 320
7673 321
7038 325
16566 327
7167 329
7670 330
11551 333
38932 334
42731 336
1235 337
16966 341
12444 342
36569 343
9638 346
4620 348
13103 349
35984 351
15841 355
43293 356
35637 357
29034 358
15562 372
26844 374
24664 375
30915 376
379 377
37564 379
26508 380
30663 381
41863 383
43030 384
12300 388
34608 390
6784 391
41366 392
33161 394
2177 396
41117 397
17098 402
7458 403
33712 406
43835 407
34640 408
38627 412
17831 413
10166 418
9844 419
38215 420
10577 423
42015 424
41057 426
22131 427
10727 429
20809 430
31532 434
7405 435
15400 436
2194 437
30603 440
29738 442
10655 444
26976 445
23367 449
34661 450
42526 453
41956 454
40564 455
20810 457
37375 458
5161 463
36825 465
7224 466
36051 470
10332 471
43708 475
18572 476
4102 477
34279 479
7796 480
35685 482
8096 483
14973 487
31525 489
1166 490
21976 492
36520 493
35629 497
29676 498
194 499
15410 502
39276 504
17200 505
8156 507
39741 508
31768 514
35192 515
26251 516
12763 519
33323 520
23219 522
36900 523
20919 524
20542 529
34624 530
33155 533
20173 534
2657 535
1165 537
14278 539
12542 540
14597 543
10280 544
38146 547
25357 550
5036 551
5063 553
43442 554
42743 557
11534 558
12714 561
34971 562
20506 563
11708 569
5444 571
3155 572
25516 573
10779 577
10250 578
7210 579
34887 583
36432 584
14009 587
3383 589
8090 590
30894 594
4065 595
30541 596
40576 597
18067 598
212 606
22756 607
32173 608
23820 610
39412 611
21047 612
43111 614
5551 615
18622 617
17933 619
17453 620
29340 625
2396 627
32609 629
19658 631
36846 632
27756 634
22049 635
21342 636
5435 637
41025 640
5049 646
39981 648
3281 650
18238 652
42232 654
44021 655
39462 656
8569 657
41201 659
10521 661
34469 662
38482 663
12457 665
18143 670
11024 672
32323 673
33661 674
322 675
30782 677
26715 678
32490 683
35243 687
13637 688
35855 689
28273 690
2107 693
30765 694
18656 696
23036 697
36245 703
43114 707
23607 709
34210 713
32962 716
3230 719
38148 721
21410 722
13904 723
10955 727
22846 728
19228 730
5886 731
17655 736
7083 739
37016 740
6492 744
4484 745
35999 746
42357 747
17917 751
10846 753
40457 758
16532 759
8124 762
14844 763
33673 766
4467 767
12700 769
17957 771
23995 772
23829 773
37614 775
23235 777
36250 778
39535 779
659 780
11413 785
38963 786
31133 787
29119 793
18132 794
39701 795
17482 796
6576 797
3299 798
4013 800
16095 801
5745 803
23042 805
14371 806
9945 807
15075 808
19459 809
35305 810
30952 813
40832 814
11451 815
39303 819
33802 820
14615 821
35326 824
27686 825
570 826
6863 829
32186 832
2793 836
8643 837
34599 839
5138 840
3470 841
7537 843
26685 844
36853 845
5446 847
29472 848
27302 856
11735 857
41809 858
4964 859
24934 861
35767 862
11609 863
262 864
2379 867
33018 868
22166 869
28559 880
12583 881
21657 882
34191 884
11215 885
13371 886
11078 890
10581 891
31615 892
42858 893
9069 897
10048 898
14487 902
37666 903
15009 904
40883 906
30742 907
16980 911
17152 912
31856 914
26671 916
32453 917
15342 918
3952 919
24780 924
12291 925
37794 927
33076 928
14557 932
8056 934
2794 936
8837 938
21321 939
24668 940
39414 942
20076 944
26812 946
35940 948
20612 950
39738 953
3344 954
5430 955
44427 956
8663 962
36677 964
32762 969
42529 972
2495 973
2711 974
4131 975
654 976
24786 977
28605 980
40841 981
39628 982
41363 987
5070 994
17819 995
4872 996
30333 999
33794 1000
27021 1001
3403 1002
20668 1005
25450 1006
7935 1007
21642 1008
14282 1009
15334 1010
19927 1011
18550 1013
40113 1015
11378 1018
18686 1019
12922 1023
16200 1026
12203 1030
33955 1031
41090 1032
9722 1033
11557 1034
41684 1037
41043 1039
37821 1040
30671 1042
14961 1043
34131 1044
2337 1047
34143 1051
16549 1055
14091 1057
9770 1059
34988 1060
42888 1061
41185 1062
15028 1068
24577 1070
1145 1073
16381 1074
5047 1079
30853 1082
35951 1084
30838 1086
1842 1087
35770 1088
43115 1092
28556 1093
8602 1095
22761 1096
41542 1098
43019 1099
25706 1100
38711 1101
29983 1102
30717 1103
3881 1104
16792 1107
37502 1108
39203 1110
21592 1111
40749 1112
19362 1118
4991 1120
30456 1128
8311 1129
34230 1134
40169 1136
43462 1138
13473 1139
28078 1140
24333 1141
1604 1142
26253 1144
21007 1145
1694 1146
27114 1147
9000 1148
25955 1149
41665 1150
5805 1151
11833 1156
7981 1157
18755 1160
19183 1162
23779 1163
20660 1165
39356 1166
40783 1167
11664 1168
32090 1169
1566 1178
29614 1181
31146 1182
34993 1183
12108 1184
31009 1185
13653 1187
32430 1188
21200 1191
41086 1192
24478 1193
6061 1197
19637 1198
7838 1206
8280 1208
27461 1209
41456 1210
38470 1211
9377 1212
14521 1213
14006 1215
22233 1216
9196 1217
7542 1221
6860 1222
829 1223
22461 1227
38409 1228
12122 1232
24 1234
13114 1237
8030 1238
33034 1240
84 1241
3015 1242
40530 1243
7229 1246
15802 1247
15634 1248
8184 1256
12346 1258
3512 1262
1400 1264
36132 1267
38780 1268
18744 1273
27525 1274
33259 1275
10568 1278
22999 1279
17809 1283
16323 1285
41430 1286
18004 1289
18277 1292
15022 1293
2400 1299
683 1300
43717 1303
34079 1304
1765 1306
17620 1307
27250 1308
40081 1309
30652 1310
39250 1314
35034 1318
25976 1319
23713 1320
22749 1321
24829 1324
7283 1330
9926 1331
9809 1334
43595 1335
23168 1336
4923 1340
39908 1342
15528 1344
40658 1345
29593 1349
17293 1350
23160 1351
26295 1354
18486 1355
3016 1358
23746 1360
33262 1361
28512 1363
28460 1364
24822 1365
1665 1366
12651 1367
24897 1371
42484 1373
26184 1374
24942 1376
28116 1377
17909 1379
35249 1382
30323 1383
29754 1384
32473 1386
5013 1388
43326 1389
9767 1390
27949 1392
21617 1393
27141 1394
11017 1395
37775 1396
43221 1397
5309 1398
40781 1399
43327 1401
14320 1402
19651 1405
1973 1407
24260 1408
10030 1410
24362 1413
24628 1414
41910 1415
23846 1417
10129 1419
8001 1422
24651 1423
29301 1425
32022 1426
5599 1438
15280 1439
24469 1440
30078 1441
31177 1442
35228 1443
34512 1447
10279 1449
3730 1452
43455 1453
21438 1454
27509 1455
29148 1456
26366 1458
36171 1459
20557 1461
26261 1463
42691 1465
2330 1467
20217 1471
25692 1473
33382 1475
21346 1476
16810 1477
44071 1478
14486 1484
8792 1490
35009 1492
20999 1494
21099 1495
22701 1498
26409 1499
1506 1500
40720 1504
10746 1505
30741 1507
18980 1508
27526 1511
15458 1513
27998 1515
7025 1516
16519 1522
3769 1523
22497 1525
31631 1526
39216 1528
7264 1529
1787 1533
7634 1534
40218 1535
37125 1539
31379 1540
17967 1541
7791 1545
29261 1546
187 1547
30659 1550
2271 1551
2486 1552
34733 1557
8362 1558
5816 1560
14684 1561
8437 1569
29732 1570
32404 1571
40157 1572
22732 1573
10665 1574
25262 1575
19975 1576
18455 1580
27623 1581
9342 1582
4700 1584
30282 1586
1668 1587
1218 1589
27864 1591
1578 1593
36784 1594
28308 1595
44014 1598
25585 1600
5094 1602
13319 1603
14124 1604
40047 1605
23422 1607
33048 1608
11003 1610
23268 1611
17196 1617
31712 1621
25607 1622
12429 1624
23517 1625
31346 1627
23061 1628
14275 1632
29017 1633
411 1634
794 1636
9413 1638
38233 1639
5372 1641
38735 1642
44247 1646
36551 1649
16981 1651
16641 1652
35964 1653
21987 1655
271 1656
40695 1661
41044 1662
23714 1663
37643 1665
30055 1666
41215 1667
32239 1673
4819 1676
42184 1677
20303 1678
28769 1679
23483 1681
22251 1683
10826 1684
26339 1685
42478 1687
25826 1688
3749 1694
18490 1695
8599 1698
7623 1700
29236 1703
23319 1706
11829 1708
30157 1710
13054 1711
37787 1715
8153 1716
22995 1718
16203 1719
9940 1720
31907 1721
37946 1725
10077 1727
15946 1729
19759 1730
4172 1731
36552 1733
39400 1735
9366 1737
23296 1738
40588 1739
23084 1743
39984 1744
39176 1747
15069 1749
21279 1751
50 1752
2807 1755
12400 1756
7999 1757
33277 1762
25434 1763
32548 1764
34358 1766
19622 1767
18288 1768
15361 1769
5348 1773
42605 1775
42812 1777
30067 1778
18994 1783
8787 1784
21379 1789
28745 1790
11266 1793
20241 1797
38533 1800
33787 1803
16275 1804
38358 1807
23311 1809
17712 1811
12190 1812
10009 1815
43790 1816
15531 1820
34302 1823
22084 1825
30112 1827
25870 1830
13623 1831
13394 1832
11112 1833
40295 1834
8018 1836
23345 1837
6202 1838
23003 1840
13818 1842
5443 1843
21304 1845
19863 1846
38960 1850
19776 1851
25896 1852
11272 1853
27145 1854
6740 1857
24418 1858
34922 1859
9875 1860
37031 1861
28917 1866
6125 1870
3633 1871
36447 1873
37668 1874
43501 1879
1721 1881
12905 1882
13608 1883
30028 1885
16489 1887
25847 1889
9389 1891
13578 1892
12434 1894
8161 1895
21541 1898
21621 1899
20033 1902
43498 1903
25273 1904
22331 1907
7654 1910
32125 1913
6553 1914
24718 1915
10029 1916
17005 1918
9034 1919
34189 1922
32577 1924
43737 1927
4820 1929
16950 1934
23005 1935
25383 1936
27081 1937
4293 1939
22518 1940
2788 1941
34511 1945
33850 1946
37319 1947
42875 1950
23955 1951
38928 1953
43805 1955
17440 1956
42959 1961
38029 1964
2594 1965
11813 1967
22421 1968
7277 1969
28226 1972
8858 1974
8194 1976
33805 1977
22011 1978
42070 1982
22549 1984
9455 1986
9406 1988
34042 1989
22883 1991
13435 1993
2574 1994
28568 1996
36969 1997
33328 1998
