1 2 1.310895
2 3 3.901963
3 4 4.638007
4 5 7.586353999999999
5 6 13.565967
6 7 28.100146999999996
7 8 29.013807000000003
8 9 970.9861950000001
8 10 112.05701800000001
7 11 971.899846
6 12 986.434032
5 13 992.4136450000001
4 14 995.361992
3 15 996.098062
2 16 998.6891549999999
1 17 1.2893409999999998
17 18 0.212724
18 19 0.123552
19 20 0.031508
20 21 999.974574
20 22 0.025426
22 23 0.00764
23 24 0.000317
24 25 0.000714
25 26 0.004254
26 27 0.00613
27 28 0.03335
28 29 0.27284200000000003
29 30 0.745814
30 31 0.764195
31 32 1.0538880000000002
32 33 3.6984000000000004
33 34 996.301599
33 35 5.302906
35 36 13.138424
36 37 82.333019
37 38 917.666675
37 39 161.524706
39 40 838.4754230000001
39 41 245.035992
36 42 986.861583
35 43 994.697061
32 44 998.946141
31 45 999.2387170000001
30 46 999.2559180000001
29 47 999.716319
28 48 999.9584159999999
27 49 0.023617000000000003
49 50 0.030558000000000002
50 51 0.075649
51 52 0.195132
52 53 0.47960800000000003
53 54 0.559071
54 55 1.192652
55 56 1.396225
56 57 1.862927
57 58 3.000245
58 59 30.922810000000002
59 60 70.14648799999999
60 61 80.037592
61 62 1
61 63 919.962408
60 64 929.853512
59 65 969.07719
58 66 996.999755
57 67 998.1370719999999
56 68 998.603785
55 69 998.8073269999999
54 70 999.440931
53 71 999.521079
52 72 999.803485
51 73 999.9243509999999
50 74 999.9694420000001
49 75 999.98218
26 76 0.008673
76 77 0.072978
77 78 0.137288
78 79 999.862712
78 80 0.22171500000000002
80 81 999.778285
80 82 0.511875
82 83 1.7351930000000002
83 84 3.8168309999999996
84 85 5.492236999999999
85 86 8.963277
86 87 10.461351
87 88 65.602896
88 89 557.82923
89 90 109.23962
89 91 1
88 92 934.395719
87 93 989.538649
86 94 991.0367239999999
85 95 84.14168199999999
95 96 908.2418
95 97 912.490375
84 98 996.1843200000001
83 99 998.2624519999999
82 100 999.4881250000001
77 101 999.927022
76 102 85.31774800000001
102 103 914.657027
102 104 914.690554
25 105 999.999618
24 106 9.8e-05
106 107 0.000271
107 108 5.9e-05
108 109 3.7e-05
109 110 0.0012720000000000001
110 111 999.998738
110 112 0.001925
112 113 999.9980750000001
112 114 0.003722
114 115 0.030584999999999998
115 116 0.07022
116 117 0.093818
117 118 0.150245
118 119 0.234414
119 120 0.640463
120 121 999.359538
120 122 1.875456
122 123 4.315952
123 124 5.433782
124 125 22.487577
125 126 977.512486
125 127 36.358258
127 128 55.457712
128 129 262.984906
129 130 1
129 131 737.015094
128 132 944.5422880000001
127 133 963.641742
124 134 994.5660910000001
123 135 995.684047
122 136 998.124542
119 137 999.7655829999999
118 138 999.849755
117 139 999.906182
116 140 999.9297809999999
115 141 999.96944
114 142 0.014055999999999999
142 143 0.044566
143 144 0.21584199999999998
144 145 999.784144
144 146 0.25494
146 147 0.268192
147 148 999.731817
147 149 0.424389
149 150 0.834417
150 151 2.916237
151 152 8.382276
152 153 17.127741
153 154 982.872259
153 155 23.115494
155 156 114.98483399999999
156 157 885.015166
156 158 318.91454600000003
155 159 976.884506
152 160 991.617722
151 161 997.083764
150 162 999.165581
149 163 999.575611
146 164 999.74505
143 165 999.963879
142 166 999.973809
109 167 7.4e-05
167 168 7.000000000000001e-06
168 169 2e-06
169 170 1
170 171 1
171 172 1
172 173 1
173 174 1
174 175 1
175 176 1
176 177 1
177 178 1
178 179 1
179 180 1
180 181 1
181 182 1
182 183 1000.0
182 184 1000.0
181 185 1000.0
180 186 1000.0
179 187 1
187 188 1000.0
187 189 1000.0
178 190 1
190 191 1
191 192 1
192 193 1000.0
192 194 1
194 195 1000.0
194 196 52.747885000000004
196 197 947.252115
196 198 947.252115
191 199 1000.0
190 200 1
200 201 1000.0
200 202 1
202 203 1
203 204 1000.0
203 205 1000.0
202 206 1000.0
177 207 1
207 208 1
208 209 1
209 210 1
210 211 1
211 212 1
212 213 1
213 214 1
214 215 1
215 216 1000.0
215 217 1000.0
214 218 1000.0
213 219 1000.0
212 220 1
220 221 1
221 222 1000.0
221 223 1000.0
220 224 1
224 225 1
225 226 1000.0
225 227 1000.0
224 228 1000.0
211 229 1
229 230 1
230 231 1000.0
230 232 1000.0
229 233 1000.0
210 234 1000.0
209 235 1000.0
208 236 1
236 237 1
237 238 1000.0
237 239 1000.0
236 240 1000.0
207 241 1
241 242 1
242 243 1
243 244 1
244 245 1
245 246 1
246 247 1
247 248 1000.0
247 249 1000.0
246 250 1000.0
245 251 1000.0
244 252 1000.0
243 253 1000.0
242 254 1000.0
241 255 1000.0
176 256 1
256 257 1000.0
256 258 1000.0
175 259 544.331005
259 260 455.668995
259 261 455.668995
174 262 1
262 263 1
263 264 1
264 265 1
265 266 1.1999999999999999e-05
266 267 999.999988
266 268 7.099999999999999e-05
268 269 999.999929
268 270 0.00015099999999999998
270 271 0.000266
271 272 999.999734
271 273 0.00078
273 274 0.0008739999999999999
274 275 0.001255
275 276 0.008837
276 277 0.023228
277 278 999.976772
277 279 0.037734
279 280 0.134067
280 281 999.865933
280 282 0.158775
282 283 0.284628
283 284 0.291694
284 285 0.94807
285 286 999.0519300000001
285 287 1.051759
287 288 4.4521
288 289 11.519483
289 290 31.273552
290 291 38.652865
291 292 961.347135
291 293 371.111127
293 294 628.888873
293 295 1
290 296 968.726448
289 297 988.480517
288 298 995.5479
287 299 998.948241
284 300 999.708306
283 301 999.715372
282 302 999.8412249999999
279 303 999.962266
276 304 999.9911629999999
275 305 999.9987450000001
274 306 999.9991259999999
273 307 999.9992199999999
270 308 999.9998489999999
265 309 1000.0
264 310 1000.0
263 311 1000.0
262 312 1000.0
173 313 1
313 314 1000.0
313 315 1000.0
172 316 1
316 317 1
317 318 1000.0
317 319 1000.0
316 320 1000.0
171 321 1000.0
170 322 1
322 323 1
323 324 1
324 325 1
325 326 1
326 327 1
327 328 1000.0
327 329 1000.0
326 330 1
330 331 1000.0
330 332 1000.0
325 333 1000.0
324 334 1000.0
323 335 1000.0
322 336 1000.0
169 337 1000.0
168 338 5.999999999999999e-06
338 339 1.7e-05
339 340 4.4999999999999996e-05
340 341 9.999999999999999e-05
341 342 0.000163
342 343 0.000557
343 344 0.0013499999999999999
344 345 0.005313
345 346 0.006773
346 347 0.007857
347 348 0.014245999999999998
348 349 999.985754
348 350 0.026898
350 351 0.14845
351 352 0.216133
352 353 0.372566
353 354 0.37551799999999996
354 355 1.004921
355 356 1.123753
356 357 998.8762469999999
356 358 4.095128
358 359 8.013332
359 360 9.803246
360 361 32.254994999999994
361 362 967.7450049999999
361 363 208.618848
363 364 1
363 365 791.381152
360 366 990.1967539999999
359 367 991.986668
358 368 995.9048720000001
355 369 998.995079
354 370 999.624482
353 371 999.627434
352 372 999.783867
351 373 999.85155
350 374 999.973102
347 375 999.992143
346 376 999.993227
345 377 999.994687
344 378 999.99865
343 379 999.9994429999999
342 380 999.9998370000001
341 381 999.9999
340 382 999.999955
339 383 999.999983
338 384 999.999994
167 385 35.539032999999996
385 386 105.71199899999999
386 387 894.288001
386 388 823.209903
385 389 964.460969
108 390 0.000305
390 391 999.9997549999999
390 392 0.000552
392 393 0.002405
393 394 0.005676
394 395 0.026548000000000002
395 396 0.10600500000000002
396 397 0.18782200000000002
397 398 0.233554
398 399 999.766443
398 400 0.8239949999999999
400 401 1.162547
401 402 1.8889090000000002
402 403 3.340104
403 404 819.5966350000001
404 405 43.00257
405 406 120.20697600000001
406 407 28.562019
406 408 56.114001
405 409 87.753055
409 410 58.267323000000005
410 411 149.300908
410 412 1
409 413 1
404 414 159.072828
403 415 5.7865020000000005
415 416 77.228814
416 417 133.587794
417 418 361.394151
417 419 866.4122060000001
416 420 922.771186
415 421 994.2134980000001
402 422 998.111089
401 423 998.837453
400 424 999.176007
397 425 999.823056
396 426 1.971662
426 427 173.670703
427 428 825.985011
427 429 822.130421
426 430 9.107922
430 431 991.0642409999999
430 432 28.207501
432 433 42.783459
433 434 62.90405
434 435 633.622096
434 436 937.095938
433 437 957.216541
432 438 971.792505
395 439 999.974834
394 440 0.030156
440 441 0.15715900000000002
441 442 0.217235
442 443 0.22179100000000002
443 444 2.128493
444 445 3.344669
445 446 3.744799
446 447 5.083795
447 448 18.458934
448 449 981.541066
448 450 31.553629
450 451 201.918265
451 452 161.757495
452 453 493.329652
452 454 777.261421
451 455 101.880157
450 456 968.4461880000001
447 457 994.9162039999999
446 458 996.2552009999999
445 459 996.655331
444 460 997.8715100000001
443 461 999.778205
442 462 999.78277
441 463 999.842832
440 464 999.973943
393 465 999.997275
392 466 0.003778
466 467 0.008676
467 468 0.018456
468 469 999.9815440000001
468 470 0.129595
470 471 0.280682
471 472 0.790973
472 473 1.461839
473 474 998.5381600000001
473 475 3.390816
475 476 5.606319
476 477 7.821074
477 478 992.1789190000001
477 479 9.646937
479 480 59.523347
480 481 197.815035
481 482 1
481 483 802.184963
480 484 940.4766529999999
479 485 990.3530659999999
476 486 994.393681
475 487 996.609182
472 488 999.209039
471 489 290.441501
489 490 709.803595
489 491 708.753875
470 492 999.868517
467 493 999.991324
466 494 999.9967489999999
107 495 0.000605
495 496 0.001569
496 497 0.007135
497 498 0.053645
498 499 0.10210799999999999
499 500 0.24116200000000002
500 501 0.320418
501 502 1.277475
502 503 6.809397000000001
503 504 6.866588999999999
504 505 8.776233999999999
505 506 9.848644
506 507 71.998878
507 508 166.07351400000002
508 509 833.9264860000001
508 510 1
507 511 928.001126
506 512 990.151348
505 513 183.657726
513 514 796.843306
513 515 818.288772
504 516 993.133412
503 517 993.190705
502 518 164.200514
518 519 837.5504169999999
518 520 831.4931980000001
501 521 999.679578
500 522 999.758838
499 523 999.906324
498 524 999.929672
497 525 0.016767
525 526 0.04095
526 527 0.072299
527 528 0.086912
528 529 0.174983
529 530 999.821277
529 531 0.345433
531 532 0.7256440000000001
532 533 6.136603
533 534 9.157527
534 535 21.598014
535 536 32.567363
536 537 42.353299
537 538 114.75040800000001
538 539 885.2495920000001
538 540 1
537 541 957.6466999999999
536 542 967.4326369999999
535 543 978.401989
534 544 990.842466
533 545 993.8633960000001
532 546 999.2743620000001
531 547 999.656424
528 548 999.9130879999999
527 549 999.9277010000001
526 550 999.95905
525 551 999.9862459999999
496 552 999.9985280000001
495 553 0.0021590000000000003
553 554 999.997997
553 555 0.006279
555 556 0.0075060000000000005
556 557 0.029522
557 558 0.064589
558 559 0.108177
559 560 999.8920269999999
559 561 0.114022
561 562 0.583957
562 563 0.604245
563 564 3.560885
564 565 996.4391150000001
564 566 5.868945
566 567 6.681708
567 568 8.185487
568 569 128.17306299999998
569 570 871.8269369999999
569 571 246.827202
571 572 1
571 573 577.78795
573 574 1
573 575 158.933352
568 576 991.8145129999999
567 577 993.318292
566 578 994.1310550000001
563 579 999.3957569999999
562 580 999.416045
561 581 999.885972
558 582 7.609238
582 583 242.19765400000003
583 584 757.9645700000001
583 585 742.617074
582 586 992.163858
557 587 999.9696280000001
556 588 999.992494
555 589 999.9937199999999
106 590 0.0008230000000000001
590 591 0.001387
591 592 0.005396
592 593 0.036835
593 594 4.861962999999999
594 595 104.166023
595 596 895.833602
595 597 885.952801
594 598 325.119102
598 599 674.92463
598 600 451.032564
600 601 190.673523
600 602 146.564279
602 603 1
602 604 335.57206
593 605 0.142383
605 606 0.417514
606 607 1.115238
607 608 3.048019
608 609 996.956841
608 610 3.4167749999999995
610 611 7.719328
611 612 11.748398
612 613 35.815681999999995
613 614 205.785761
614 615 274.63902
614 616 794.214248
613 617 964.1842829999999
612 618 988.25162
611 619 992.2807009999999
610 620 996.583138
607 621 998.87759
606 622 53.882101999999996
622 623 945.365698
622 624 946.0242300000001
605 625 999.8579510000001
592 626 0.005755000000000001
626 627 0.02608
627 628 0.057199
628 629 0.23536999999999997
629 630 0.23883899999999997
630 631 0.826873
631 632 2.903946
632 633 6.5143759999999995
633 634 8.977047
634 635 10.380209
635 636 989.615791
635 637 107.16058
637 638 157.66925
638 639 137.026196
638 640 841.0905980000001
637 641 892.84139
634 642 991.022951
633 643 993.4856809999999
632 644 58.890577
644 645 72.519968
645 646 933.2236549999999
645 647 809.634437
644 648 932.4617099999999
631 649 999.173127
630 650 999.7662829999999
629 651 999.7969539999999
628 652 999.8733339999999
627 653 0.603923
653 654 0.7317
654 655 999.2770370000001
654 656 0.742486
656 657 1.115223
657 658 998.884777
657 659 3.0067
659 660 8.305095
660 661 47.520478
661 662 952.4795839999999
661 663 50.30099
663 664 949.6990099999999
663 665 223.188187
665 666 776.8117980000001
665 667 14.137693
660 668 991.694782
659 669 996.9933
656 670 999.2575589999999
653 671 999.384084
626 672 0.036097000000000004
672 673 0.143676
673 674 0.217309
674 675 0.22994399999999998
675 676 999.770694
675 677 0.267526
677 678 0.7595000000000001
678 679 999.240429
678 680 1.1637979999999999
680 681 998.8362370000001
680 682 2.604301
682 683 3.642041
683 684 26.826783
684 685 973.1734319999999
684 686 32.36729
686 687 105.761467
687 688 85.157923
687 689 894.238524
686 690 967.6327170000001
683 691 95.025588
691 692 911.8290679999999
691 693 890.834752
682 694 997.395702
677 695 999.732416
674 696 147.422235
696 697 852.3278039999999
696 698 852.390556
673 699 999.856324
672 700 999.9710150000001
591 701 0.002509
701 702 0.00219
702 703 0.005314999999999999
703 704 0.0037160000000000006
704 705 0.041580000000000006
705 706 0.017266
706 707 0.30158799999999997
707 708 8.040944999999999
708 709 30.771051
709 710 101.36565
710 711 802.75327
710 712 897.789444
709 713 969.267644
708 714 81.723304
714 715 448.565579
715 716 249.40553300000002
716 717 401.62685
716 718 202.476406
715 719 144.432129
719 720 157.767427
719 721 263.80341500000003
714 722 132.46494900000002
722 723 789.318861
722 724 378.891706
724 725 610.5210149999999
724 726 197.728715
707 727 0.7722439999999999
727 728 24.687938000000003
728 729 45.506045
729 730 88.848547
730 731 707.346588
730 732 911.260655
729 733 954.2754580000001
728 734 975.3119469999999
727 735 999.266901
706 736 0.94387
736 737 61.589211
737 738 119.431264
738 739 753.580239
738 740 880.5683379999999
737 741 938.533415
736 742 3.493107
742 743 996.5072620000001
742 744 6.47262
744 745 11.857389999999999
745 746 33.799009000000005
746 747 259.552832
747 748 731.180475
747 749 502.966369
746 750 966.222842
745 751 989.1125999999999
744 752 99.225209
752 753 881.051304
752 754 209.159801
754 755 587.6267399999999
754 756 801.0504530000001
705 757 0.300117
757 758 0.554013
758 759 999.446234
758 760 2.1105970000000003
760 761 4.964197
761 762 14.616876000000001
762 763 35.204994
763 764 72.253315
764 765 337.19415000000004
765 766 662.728758
765 767 26.159435
764 768 927.7467879999999
763 769 964.794758
762 770 985.3831250000001
761 771 995.035803
760 772 997.889404
757 773 200.584725
773 774 798.793039
773 775 799.479061
704 776 0.11435900000000002
776 777 999.8966810000001
776 778 0.275573
778 779 1.065916
779 780 4.3821449999999995
780 781 11.409938
781 782 988.584979
781 783 15.382019999999999
783 784 55.477472999999996
784 785 109.64941800000001
785 786 486.21981999999997
785 787 890.3506209999999
784 788 944.5224489999999
783 789 984.62063
780 790 995.617434
779 791 998.9340569999999
778 792 999.724427
703 793 0.03548
793 794 999.969932
793 795 0.159661
795 796 0.408019
796 797 1.540761
797 798 1.6373820000000001
798 799 7.65276
799 800 40.187388
800 801 68.991315
801 802 952.574055
801 803 829.066911
800 804 182.30593399999998
804 805 651.0560370000001
804 806 817.69447
799 807 992.347143
798 808 998.3625930000001
797 809 998.754486
796 810 2.2975909999999997
810 811 15.46981
811 812 84.897183
812 813 245.090059
813 814 754.909889
813 815 490.825825
812 816 915.3346559999999
811 817 36.053405999999995
817 818 58.679619
818 819 797.629745
818 820 224.488202
820 821 586.306334
820 822 847.3568399999999
817 823 967.9627820000001
810 824 6.685998
824 825 994.265378
824 826 34.313714
826 827 259.656583
827 828 743.5633270000001
827 829 632.0320330000001
826 830 82.15264
830 831 926.963306
830 832 826.900388
795 833 999.840339
702 834 0.001292
834 835 0.003601
835 836 0.004385
836 837 0.005
837 838 0.012315000000000001
838 839 0.018711
839 840 0.057024
840 841 0.075393
841 842 9.307216
842 843 14.998563
843 844 985.00137
843 845 42.506876999999996
845 846 908.335241
845 847 252.767258
847 848 771.811635
847 849 599.318853
842 850 990.834089
841 851 1.0094809999999999
851 852 998.9905269999999
851 853 3.799366
853 854 19.231384000000002
854 855 215.58304
855 856 738.8790260000001
855 857 791.573199
854 858 41.860746
858 859 43.32574
859 860 152.17279399999998
860 861 325.64620199999996
860 862 847.8272069999999
859 863 956.674304
858 864 958.14217
853 865 717.037034
865 866 284.53303
865 867 273.608012
840 868 0.077318
868 869 0.168105
869 870 0.505735
870 871 1.493573
871 872 13.094481
872 873 17.655908
873 874 25.618063000000003
874 875 27.505155999999996
875 876 394.550002
876 877 93.61067
876 878 605.449998
875 879 972.4948440000001
874 880 974.3819739999999
873 881 984.9527529999999
872 882 982.7927589999999
871 883 25.026391999999998
883 884 59.344359000000004
884 885 208.909906
885 886 542.639023
885 887 791.090108
884 888 940.6556159999999
883 889 861.1047900000001
889 890 142.608631
889 891 85.15427700000001
870 892 7.131824000000001
892 893 12.973336
893 894 36.758442
894 895 229.205372
895 896 580.699354
895 897 769.289167
894 898 963.24152
893 899 814.5543849999999
899 900 193.72051100000002
899 901 151.228284
892 902 993.228509
869 903 0.8179280000000001
903 904 999.245218
903 905 7.308046999999999
905 906 25.370587
906 907 30.844298999999996
907 908 55.028648999999994
908 909 153.265101
909 910 600.0811699999999
909 911 872.3417169999999
908 912 210.732571
912 913 607.314853
912 914 839.5729980000001
907 915 199.29593599999998
915 916 629.234616
915 917 730.075691
906 918 974.487857
905 919 992.6919529999999
868 920 0.293118
920 921 1.0484719999999998
921 922 3.290392
922 923 3.8187819999999997
923 924 9.71692
924 925 990.28308
924 926 37.057524
926 927 49.03973
927 928 73.770443
928 929 926.2162820000001
928 930 292.933845
927 931 950.960522
926 932 506.212923
932 933 449.891461
932 934 463.566637
923 935 996.1812180000001
922 936 996.709607
921 937 998.9515759999999
920 938 999.760749
839 939 2.467915
939 940 88.299354
940 941 911.76738
940 942 906.731686
939 943 3.0992450000000002
943 944 76.873182
944 945 914.3013639999999
944 946 925.584541
943 947 15.089547
947 948 43.771568
948 949 58.600639
949 950 122.48325499999999
950 951 401.51404199999996
950 952 877.525009
949 953 941.390871
948 954 961.8953839999999
947 955 973.584899
838 956 0.045041
956 957 999.971081
956 958 0.225608
958 959 0.482505
959 960 1.9138720000000002
960 961 3.316484
961 962 10.415080999999999
962 963 19.053247000000002
963 964 49.248187
964 965 52.552637999999995
965 966 86.209367
966 967 913.7886189999999
966 968 1
965 969 947.447362
964 970 950.751986
963 971 980.9464139999999
962 972 989.5849269999999
961 973 61.63856
973 974 928.1498989999999
973 975 156.864411
975 976 850.0313679999999
975 977 720.122631
960 978 61.278054999999995
978 979 939.71003
978 980 934.5246129999999
959 981 998.928194
958 982 0.69521
982 983 1.459842
983 984 2.595639
984 985 6.865644
985 986 993.1308339999999
985 987 48.045463999999996
987 988 65.665272
988 989 111.831287
989 990 888.168722
989 991 335.46528800000004
988 992 934.365289
987 993 951.8951400000001
984 994 997.409395
983 995 76.801997
995 996 113.689296
996 997 886.3096219999999
996 998 724.151189
995 999 924.546508
982 1000 999.378102
837 1001 0.022484999999999998
1001 1002 0.096
1002 1003 0.18666
1003 1004 3.652926
1004 1005 6.658782
1005 1006 8.793484
1006 1007 47.429823999999996
1007 1008 107.442471
1008 1009 134.330264
1009 1010 142.999208
1009 1011 865.669124
1008 1012 892.558731
1007 1013 952.619363
1006 1014 991.1033729999999
1005 1015 993.341797
1004 1016 118.319376
1016 1017 874.208387
1016 1018 882.144655
1003 1019 0.8873169999999999
1019 1020 4.2151380000000005
1020 1021 13.577644
1021 1022 27.50408
1022 1023 164.21403
1023 1024 668.923858
1023 1025 835.78638
1022 1026 972.872194
1021 1027 985.6681639999999
1020 1028 995.9340060000001
1019 1029 325.366502
1029 1030 675.011617
1029 1031 672.059665
1002 1032 0.530557
1032 1033 7.225979000000001
1033 1034 15.876519
1034 1035 26.281466999999996
1035 1036 974.431233
1035 1037 29.895523
1037 1038 641.3062209999999
1038 1039 243.501103
1038 1040 55.60117999999999
1037 1041 970.1045710000001
1034 1042 982.7000699999999
1033 1043 992.996262
1032 1044 2.650788
1044 1045 13.081128999999999
1045 1046 26.956023000000002
1046 1047 33.925452
1047 1048 46.286288
1048 1049 156.1395
1049 1050 843.8604700000001
1049 1051 45.786488
1048 1052 953.7137120000001
1047 1053 966.0745479999999
1046 1054 973.0441280000001
1045 1055 986.918567
1044 1056 997.3552809999999
1001 1057 0.052922
1057 1058 0.458806
1058 1059 1.904238
1059 1060 5.049557
1060 1061 21.123521
1061 1062 223.65372200000002
1062 1063 697.608768
1062 1064 778.750411
1061 1065 33.958511
1065 1066 974.5636470000001
1065 1067 122.449071
1067 1068 693.674708
1067 1069 872.742872
1060 1070 994.9823029999999
1059 1071 998.113867
1058 1072 1.672539
1072 1073 38.668597999999996
1073 1074 961.881831
1073 1075 165.276236
1075 1076 834.7240539999999
1075 1077 749.052129
1072 1078 50.21774799999999
1078 1079 949.8680529999999
1078 1080 78.834582
1080 1081 132.42893
1081 1082 487.879282
1081 1083 866.469661
1080 1084 921.165379
1057 1085 1.55233
1085 1086 5.558707999999999
1086 1087 14.126111
1087 1088 57.992999
1088 1089 68.88565
1089 1090 927.856716
1089 1091 187.033526
1091 1092 190.43608999999998
1091 1093 814.567029
1088 1094 942.007082
1087 1095 985.873728
1086 1096 994.441671
1085 1097 998.485337
836 1098 0.58067
1098 1099 32.474845
1099 1100 967.5487240000001
1099 1101 966.3611749999999
1098 1102 0.765921
1102 1103 2.3541429999999997
1103 1104 4.48283
1104 1105 10.620923
1105 1106 27.992919
1106 1107 43.343814
1107 1108 956.654547
1107 1109 89.14299
1109 1110 910.857891
1109 1111 352.429954
1106 1112 972.001266
1105 1113 989.376403
1104 1114 995.5171630000001
1103 1115 997.645861
1102 1116 999.2353680000001
835 1117 0.00888
1117 1118 0.07539
1118 1119 999.940221
1118 1120 0.11492500000000001
1120 1121 0.142059
1121 1122 1.362029
1122 1123 8.544056
1123 1124 8.996958
1124 1125 29.386994
1125 1126 38.082374
1126 1127 119.42008799999999
1127 1128 877.16241
1127 1129 418.91940300000005
1126 1130 962.21947
1125 1131 970.00536
1124 1132 991.0029440000001
1123 1133 991.4559439999999
1122 1134 998.9953469999999
1121 1135 1.6502860000000001
1135 1136 2.786355
1136 1137 113.82702200000001
1137 1138 885.7493890000001
1137 1139 877.2153870000001
1136 1140 19.052996999999998
1140 1141 97.43078
1141 1142 256.216545
1142 1143 472.66223299999996
1142 1144 690.353794
1141 1145 902.569515
1140 1146 982.0861779999999
1135 1147 9.499549
1147 1148 30.404294
1148 1149 75.226154
1149 1150 844.04545
1149 1151 215.60866299999998
1151 1152 580.892919
1151 1153 828.841746
1148 1154 183.302286
1154 1155 734.0427199999999
1154 1156 806.591579
1147 1157 12.147221
1157 1158 71.638813
1158 1159 210.018205
1159 1160 779.31247
1159 1161 562.2899219999999
1158 1162 935.290692
1157 1163 55.850318
1163 1164 251.20157500000002
1164 1165 532.468531
1164 1166 748.7949709999999
1163 1167 949.481213
1120 1168 999.885076
1117 1169 0.011857
1169 1170 0.126886
1170 1171 0.16319
1171 1172 0.763251
1172 1173 0.7893839999999999
1173 1174 0.855407
1174 1175 4.4461189999999995
1175 1176 12.874612999999998
1176 1177 40.587208000000004
1177 1178 46.312345
1178 1179 953.6867579999999
1178 1180 87.878765
1180 1181 186.058648
1180 1182 912.121676
1177 1183 959.412674
1176 1184 987.125385
1175 1185 995.553877
1174 1186 999.144593
1173 1187 999.2106160000001
1172 1188 999.23689
1171 1189 33.795169
1189 1190 966.380883
1189 1191 82.434324
1191 1192 849.730874
1191 1193 916.9692570000001
1170 1194 0.719238
1194 1195 1.212367
1195 1196 1.703863
1196 1197 20.187859
1197 1198 33.460997
1198 1199 700.342374
1199 1200 206.23852
1199 1201 326.154724
1198 1202 170.922867
1202 1203 656.1667349999999
1202 1204 829.0771169999999
1197 1205 982.745338
1196 1206 15.017536000000002
1206 1207 984.980181
1206 1208 20.031633
1208 1209 112.565743
1209 1210 161.90606599999998
1210 1211 291.850896
1210 1212 838.095275
1209 1213 887.428476
1208 1214 177.027056
1214 1215 752.786687
1214 1216 853.0979049999999
1195 1217 10.920692
1217 1218 283.58450799999997
1218 1219 718.43071
1218 1220 694.409663
1217 1221 35.015153
1221 1222 940.972364
1221 1223 960.957267
1194 1224 998.9829179999999
1169 1225 0.033609
1225 1226 0.058462
1226 1227 1.194557
1227 1228 3.3160420000000004
1228 1229 3.7369909999999997
1229 1230 9.212036
1230 1231 34.987856
1231 1232 69.201721
1232 1233 692.908899
1232 1234 930.7981189999999
1231 1235 965.0120989999999
1230 1236 84.915324
1236 1237 880.2924730000001
1236 1238 931.472927
1229 1239 95.282371
1239 1240 890.910601
1239 1241 911.047441
1228 1242 26.955583
1242 1243 39.751335999999995
1243 1244 83.606521
1244 1245 725.430495
1244 1246 916.4048599999999
1243 1247 965.0385269999999
1242 1248 964.929013
1227 1249 2.648795
1249 1250 11.419153999999999
1250 1251 16.842488
1251 1252 983.151264
1251 1253 20.536339
1253 1254 268.705776
1254 1255 549.428262
1254 1256 661.892143
1253 1257 263.657496
1257 1258 642.72514
1257 1259 788.89273
1250 1260 989.9484510000001
1249 1261 42.760962
1261 1262 304.172596
1262 1263 601.050897
1262 1264 699.702509
1261 1265 949.520774
1226 1266 0.19047999999999998
1266 1267 1.737479
1267 1268 5.630615
1268 1269 106.755
1269 1270 871.205192
1269 1271 892.947092
1268 1272 994.3691899999999
1267 1273 998.267701
1266 1274 1.0648380000000002
1274 1275 999.1319020000001
1274 1276 1.754805
1276 1277 3.436181
1277 1278 7.537239
1278 1279 26.859317
1279 1280 135.472859
1280 1281 864.5268480000001
1280 1282 676.4227950000001
1279 1283 973.140828
1278 1284 992.4649929999999
1277 1285 996.558405
1276 1286 998.245195
1225 1287 0.129363
1287 1288 0.5015999999999999
1288 1289 3.105931
1289 1290 793.138403
1290 1291 207.2967
1290 1292 199.777989
1289 1293 9.889349
1293 1294 10.74986
1294 1295 66.292249
1295 1296 250.60953
1296 1297 422.52503900000005
1296 1298 749.39122
1295 1299 933.705489
1294 1300 989.2501400000001
1293 1301 990.2372330000001
1288 1302 2.0649290000000002
1302 1303 4.996528
1303 1304 14.782928
1304 1305 32.233507
1305 1306 962.7116450000001
1305 1307 240.318445
1307 1308 567.920628
1307 1309 352.816057
1309 1310 393.462807
1309 1311 425.221374
1304 1312 985.218613
1303 1313 995.629126
1302 1314 22.001786000000003
1314 1315 45.19198
1315 1316 898.235191
1315 1317 954.807724
1314 1318 978.025423
1287 1319 0.916547
1319 1320 1.561071
1320 1321 998.445387
1320 1322 2.21616
1322 1323 44.275413
1323 1324 146.784009
1324 1325 853.069612
1324 1326 110.34204299999999
1326 1327 444.256651
1326 1328 772.628059
1323 1329 955.716859
1322 1330 44.701135
1330 1331 946.218647
1330 1332 959.945457
1319 1333 747.0766669999999
1333 1334 253.241412
1333 1335 221.002248
1335 1336 1
1335 1337 151.578327
834 1338 0.008222
1338 1339 0.011207
1339 1340 0.084824
1340 1341 0.344959
1341 1342 0.677223
1342 1343 1.8496329999999999
1343 1344 4.8425910000000005
1344 1345 21.17492
1345 1346 45.991773
1346 1347 963.7211000000001
1346 1348 146.170433
1348 1349 631.248983
1348 1350 853.829773
1345 1351 145.799331
1351 1352 857.510231
1351 1353 769.6906740000001
1344 1354 33.426263
1354 1355 953.469578
1354 1356 161.79940399999998
1356 1357 771.261671
1356 1358 846.909597
1343 1359 11.921443
1359 1360 19.831141
1360 1361 142.395738
1361 1362 197.554053
1362 1363 802.444243
1362 1364 330.62921900000003
1361 1365 857.603978
1360 1366 983.4762059999999
1359 1367 982.4722619999999
1342 1368 999.449263
1341 1369 7.362088
1369 1370 11.741511000000001
1370 1371 128.825146
1371 1372 813.908049
1371 1373 871.2411109999999
1370 1374 34.964472
1374 1375 973.333659
1374 1376 65.320718
1376 1377 800.598134
1376 1378 934.7449230000001
1369 1379 24.282944
1379 1380 118.432973
1380 1381 865.7150429999999
1380 1382 818.2841169999999
1379 1383 976.287428
1340 1384 0.275937
1384 1385 0.975185
1385 1386 8.371653
1386 1387 24.485972
1387 1388 34.507668
1388 1389 168.449611
1389 1390 598.623857
1389 1391 809.561686
1388 1392 965.492316
1387 1393 975.516298
1386 1394 81.734688
1394 1395 901.0182269999999
1394 1396 919.842171
1385 1397 2.187668
1397 1398 11.749592
1398 1399 18.291312
1399 1400 92.427785
1400 1401 203.458454
1401 1402 795.703584
1401 1403 362.584664
1400 1404 907.572215
1399 1405 983.258654
1398 1406 985.1504759999999
1397 1407 997.846034
1384 1408 30.342019999999998
1408 1409 969.81378
1408 1410 968.9758169999999
1339 1411 1.807403
1411 1412 2.0035730000000003
1412 1413 118.38833600000001
1413 1414 883.474101
1413 1415 875.7401500000001
1412 1416 2.733485
1416 1417 7.674322
1417 1418 12.052586999999999
1418 1419 45.175848
1419 1420 954.804392
1419 1421 277.132717
1421 1422 715.1436239999999
1421 1423 303.620215
1418 1424 987.9474240000001
1417 1425 992.325634
1416 1426 997.266998
1411 1427 998.21201
1338 1428 0.014756
1428 1429 0.046643
1429 1430 0.170662
1430 1431 0.145329
1431 1432 0.1101
1432 1433 0.835118
1433 1434 523.074128
1434 1435 476.17506599999996
1434 1436 474.988583
1433 1437 0.903443
1437 1438 3.12423
1438 1439 9.707393
1439 1440 15.139544999999998
1440 1441 56.296159
1441 1442 150.451489
1442 1443 896.0790039999999
1442 1444 129.762549
1444 1445 79.769816
1444 1446 870.237468
1441 1447 851.774365
1440 1448 35.472452
1448 1449 255.420247
1449 1450 756.864861
1449 1451 597.3019400000001
1448 1452 124.92917100000001
1452 1453 880.9862949999999
1452 1454 792.647439
1439 1455 990.292654
1438 1456 9.192833
1456 1457 100.111087
1457 1458 881.202828
1457 1459 905.8371169999999
1456 1460 64.40371999999999
1460 1461 930.204321
1460 1462 904.457493
1437 1463 999.5437009999999
1432 1464 2.015963
1464 1465 5.325266
1465 1466 16.626267
1466 1467 92.871758
1467 1468 372.866627
1468 1469 438.821758
1469 1470 177.860764
1469 1471 196.970589
1468 1472 314.35546200000005
1467 1473 907.196238
1466 1474 116.165721
1474 1475 846.791812
1474 1476 892.876508
1465 1477 18.316724
1477 1478 965.278331
1477 1479 40.535899
1479 1480 72.034785
1480 1481 99.246271
1481 1482 374.633826
1481 1483 900.753711
1480 1484 927.9652150000001
1479 1485 967.96916
1464 1486 160.644159
1486 1487 834.573459
1486 1488 839.631565
1431 1489 0.7904329999999999
1489 1490 0.614282
1490 1491 5.620457
1491 1492 21.787319
1492 1493 978.212591
1492 1494 68.781113
1494 1495 186.154197
1495 1496 813.330261
1495 1497 505.47749
1494 1498 930.789811
1491 1499 995.028997
1490 1500 12.146543999999999
1500 1501 45.643309
1501 1502 218.178887
1502 1503 681.774273
1502 1504 795.6351930000001
1501 1505 929.2115779999999
1500 1506 38.057622
1506 1507 960.747961
1506 1508 208.250329
1508 1509 651.7812379999999
1508 1510 792.3582210000001
1489 1511 2.186955
1511 1512 16.507707999999997
1512 1513 25.782967
1513 1514 86.100189
1514 1515 765.130662
1514 1516 913.89982
1513 1517 974.3260369999999
1512 1518 51.825084
1518 1519 952.2549959999999
1518 1520 224.006024
1520 1521 639.631684
1520 1522 735.329083
1511 1523 9.518790000000001
1523 1524 64.058125
1524 1525 939.1328050000001
1524 1526 88.807087
1526 1527 739.090928
1526 1528 911.2101210000001
1523 1529 61.223613
1529 1530 197.487207
1530 1531 802.512711
1530 1532 619.201582
1529 1533 939.197417
1430 1534 1.650344
1534 1535 3.667707
1535 1536 996.586838
1535 1537 10.360071
1537 1538 37.580068
1538 1539 223.25772700000002
1539 1540 776.7478460000001
1539 1541 598.2040470000001
1538 1542 83.631692
1542 1543 815.341769
1542 1544 942.2114280000001
1537 1545 594.989693
1545 1546 376.552798
1545 1547 412.757104
1534 1548 9.872784
1548 1549 990.274461
1548 1550 46.467664
1550 1551 96.956905
1551 1552 152.18424
1552 1553 847.8146499999999
1552 1554 353.617146
1551 1555 903.049562
1550 1556 953.519403
1429 1557 0.446255
1557 1558 1.425257
1558 1559 2.268308
1559 1560 5.970209
1560 1561 459.07418800000005
1561 1562 521.348335
1561 1563 548.562866
1560 1564 11.864811999999999
1564 1565 62.230725
1565 1566 113.74800499999999
1566 1567 886.208423
1566 1568 544.472698
1565 1569 937.758275
1564 1570 988.1275929999999
1559 1571 997.731927
1558 1572 998.5742730000001
1557 1573 999.6016960000001
1428 1574 0.024385
1574 1575 0.068685
1575 1576 0.258062
1576 1577 0.773759
1577 1578 50.98634800000001
1578 1579 272.275393
1579 1580 729.0136190000001
1579 1581 625.048007
1578 1582 946.8675519999999
1577 1583 12.713621
1583 1584 28.826258
1584 1585 32.585413
1585 1586 134.770999
1586 1587 865.232922
1586 1588 555.79304
1585 1589 960.57648
1589 1590 1
1589 1591 28.352881000000004
1584 1592 971.174096
1583 1593 40.488502999999994
1593 1594 961.253743
1593 1595 932.494243
1576 1596 999.804051
1575 1597 0.18859
1597 1598 0.338548
1598 1599 1.526661
1599 1600 4.922481
1600 1601 16.273704
1601 1602 130.20745
1602 1603 881.2931470000001
1602 1604 825.7880930000001
1601 1605 56.103961999999996
1605 1606 364.928283
1606 1607 618.7402060000001
1606 1608 382.18287399999997
1605 1609 943.8960050000001
1600 1610 276.007725
1610 1611 727.405797
1610 1612 711.19476
1599 1613 6.554665
1613 1614 41.911562
1614 1615 960.6526620000001
1614 1616 943.070075
1613 1617 73.906802
1617 1618 904.201342
1617 1619 926.3662610000001
1598 1620 27.430239
1620 1621 971.2464799999999
1620 1622 286.008783
1622 1623 658.952916
1622 1624 714.84439
1597 1625 2.582568
1625 1626 4.138623
1626 1627 19.67118
1627 1628 47.82054
1628 1629 315.075909
1629 1630 459.284535
1629 1631 684.794455
1628 1632 952.179591
1627 1633 983.207964
1626 1634 44.422463
1634 1635 935.3600690000001
1634 1636 956.0045560000001
1625 1637 14.183594999999999
1637 1638 986.243668
1637 1639 35.307069
1639 1640 964.690134
1639 1641 185.14726
1641 1642 814.854152
1641 1643 666.1658669999999
1574 1644 0.372552
1644 1645 167.736357
1645 1646 832.346147
1645 1647 831.5019619999999
1644 1648 0.761358
1648 1649 999.238654
1648 1650 4.868376
1650 1651 6.129928
1651 1652 11.894514000000001
1652 1653 30.088433999999996
1653 1654 61.077901999999995
1654 1655 195.865082
1655 1656 804.134657
1655 1657 99.368902
1654 1658 938.9221279999999
1653 1659 969.9115380000001
1652 1660 988.108757
1651 1661 323.683177
1661 1662 655.637515
1661 1663 684.7229279999999
1650 1664 995.1316260000001
701 1665 0.001427
1665 1666 0.014386999999999999
1666 1667 0.073023
1667 1668 0.219732
1668 1669 0.586639
1669 1670 999.4127040000001
1669 1671 7.5869800000000005
1671 1672 139.649559
1672 1673 861.8086979999999
1672 1674 843.3459859999999
1671 1675 15.252967
1675 1676 43.576885999999995
1676 1677 57.042168000000004
1677 1678 942.9562819999999
1677 1679 224.40073900000002
1679 1680 775.571389
1679 1681 196.422521
1676 1682 956.4230630000001
1675 1683 984.839741
1668 1684 999.7885090000001
1667 1685 0.151797
1685 1686 6.230071000000001
1686 1687 7.4987390000000005
1687 1688 26.624115
1688 1689 52.723578
1689 1690 114.395444
1690 1691 885.6045549999999
1690 1692 508.729229
1689 1693 947.516503
1688 1694 972.895722
1687 1695 992.5079999999999
1686 1696 993.850469
1685 1697 1.760172
1697 1698 1.9289239999999999
1698 1699 3.780457
1699 1700 996.2194509999999
1699 1701 8.343950999999999
1701 1702 73.894817
1702 1703 140.42575100000002
1703 1704 859.573436
1703 1705 540.3213039999999
1702 1706 926.104881
1701 1707 991.656097
1698 1708 998.07107
1697 1709 998.261638
1666 1710 0.086129
1710 1711 0.19334
1711 1712 0.29558599999999996
1712 1713 0.9863580000000001
1713 1714 26.676619000000002
1714 1715 69.087474
1715 1716 872.0082550000001
1715 1717 135.82308
1717 1718 687.655732
1717 1719 893.6287869999999
1714 1720 973.323536
1713 1721 999.013332
1712 1722 999.803724
1711 1723 1.995344
1723 1724 68.609717
1724 1725 931.76552
1724 1726 927.032275
1723 1727 5.396844
1727 1728 152.747572
1728 1729 833.419894
1728 1730 849.8947340000001
1727 1731 158.708078
1731 1732 819.829021
1731 1733 841.391112
1710 1734 0.35576399999999997
1734 1735 1.705697
1735 1736 3.1578250000000003
1736 1737 30.477736999999998
1737 1738 969.4829289999999
1737 1739 55.129496
1739 1740 139.541222
1740 1741 860.458776
1740 1742 556.968492
1739 1743 944.890299
1736 1744 996.842213
1735 1745 13.674011
1745 1746 66.339605
1746 1747 902.8989879999999
1746 1748 929.067727
1745 1749 34.713607
1749 1750 967.582969
1749 1751 144.621918
1751 1752 855.377802
1751 1753 729.0191590000001
1734 1754 999.6487760000001
1665 1755 0.019454
1755 1756 0.279488
1756 1757 0.8020740000000001
1757 1758 1.01166
1758 1759 998.988303
1758 1760 4.249489
1760 1761 995.7504930000001
1760 1762 5.432046
1762 1763 994.56797
1762 1764 6.665628
1764 1765 993.334373
1764 1766 9.935030000000001
1766 1767 990.0649680000001
1766 1768 22.777459
1768 1769 977.222542
1768 1770 195.755815
1770 1771 804.244012
1770 1772 186.587882
1757 1773 999.197926
1756 1774 999.7262479999999
1755 1775 0.029721
1775 1776 0.16452699999999998
1776 1777 0.380379
1777 1778 1.393259
1778 1779 3.3014620000000003
1779 1780 4.812297
1780 1781 40.666617
1781 1782 205.700504
1782 1783 663.213104
1782 1784 440.547576
1784 1785 137.77525799999998
1784 1786 357.631114
1786 1787 1
1786 1788 138.182731
1788 1789 1
1788 1790 127.799454
1790 1791 1
1790 1792 561.489872
1781 1793 959.380356
1780 1794 15.802963
1794 1795 966.6132429999999
1794 1796 993.2878240000001
1779 1797 31.731445
1797 1798 970.799675
1797 1799 78.536293
1799 1800 843.7038449999999
1799 1801 286.27961700000003
1801 1802 555.0625560000001
1801 1803 696.913394
1778 1804 998.580707
1777 1805 3.2247749999999997
1805 1806 13.342383
1806 1807 19.381541
1807 1808 980.6178490000001
1807 1809 31.128017000000003
1809 1810 126.858313
1810 1811 563.5106440000001
1810 1812 873.141815
1809 1813 968.8719960000001
1806 1814 986.883157
1805 1815 4.880106
1815 1816 988.350949
1815 1817 10.163062
1817 1818 18.683975
1818 1819 163.14369200000002
1819 1820 706.686727
1819 1821 836.8555840000001
1818 1822 97.8751
1822 1823 841.8924670000001
1822 1824 925.4376159999999
1817 1825 992.9971180000001
1776 1826 999.8527169999999
1775 1827 0.189139
1827 1828 0.733555
1828 1829 999.2666570000001
1828 1830 14.589497000000001
1830 1831 195.17717199999998
1831 1832 803.256737
1831 1833 777.151508
1830 1834 50.839204
1834 1835 949.1754540000001
1834 1836 57.421955999999994
1836 1837 942.0850099999999
1836 1838 59.721616
1838 1839 940.52427
1838 1840 484.38847200000004
1827 1841 1.343338
1841 1842 6.4206840000000005
1842 1843 12.442446
1843 1844 73.514693
1844 1845 356.205743
1845 1846 384.291088
1845 1847 626.937927
1844 1848 926.48534
1843 1849 551.414856
1849 1850 413.75515299999995
1849 1851 458.53011
1842 1852 993.579316
1841 1853 998.729034
590 1854 0.001194
1854 1855 0.004478
1855 1856 999.9968640000001
1855 1857 0.020923999999999998
1857 1858 0.060322999999999995
1858 1859 0.107088
1859 1860 1.078433
1860 1861 1.9315630000000001
1861 1862 49.44211
1862 1863 951.7485320000001
1862 1864 945.984169
1861 1865 8.281288
1865 1866 28.606189999999998
1866 1867 76.208153
1867 1868 233.368446
1868 1869 368.433003
1868 1870 766.631574
1867 1871 923.7917940000001
1866 1872 971.39387
1865 1873 991.720977
1860 1874 998.5671809999999
1859 1875 0.288906
1875 1876 0.5562079999999999
1876 1877 1.4739
1877 1878 5.824644999999999
1878 1879 18.063219999999998
1879 1880 19.38533
1880 1881 93.486834
1881 1882 257.754977
1882 1883 738.550289
1882 1884 27.02955
1881 1885 906.5131839999999
1880 1886 980.614697
1879 1887 981.936651
1878 1888 994.175382
1877 1889 998.526044
1876 1890 999.4437919999999
1875 1891 999.713597
1858 1892 999.9396770000001
1857 1893 999.979076
1854 1894 0.07501400000000001
1894 1895 0.23531799999999997
1895 1896 0.40118200000000004
1896 1897 0.532268
1897 1898 1.191252
1898 1899 7.233912000000001
1899 1900 8.600202
1900 1901 23.434466
1901 1902 51.50188300000001
1902 1903 103.91435600000001
1903 1904 289.09796700000004
1903 1905 896.085652
1902 1906 948.4981100000001
1901 1907 976.565514
1900 1908 991.399807
1899 1909 992.766145
1898 1910 13.934424
1910 1911 77.733104
1911 1912 893.8539390000001
1911 1913 923.69955
1910 1914 983.238504
1897 1915 999.467732
1896 1916 999.5988179999999
1895 1917 117.910047
1917 1918 882.1718710000001
1917 1919 881.5375120000001
1894 1920 460.273796
1920 1921 539.57335
1920 1922 539.729784
23 1923 0.001334
1923 1924 0.0051990000000000005
1924 1925 0.009285
1925 1926 0.026807000000000004
1926 1927 0.03817
1927 1928 0.090883
1928 1929 0.234198
1929 1930 12.903264
1930 1931 17.31858
1931 1932 957.141624
1931 1933 983.416607
1930 1934 986.1273130000001
1929 1935 0.265318
1935 1936 1.436625
1936 1937 998.563397
1936 1938 2.257682
1938 1939 2.5240430000000003
1939 1940 5.181342
1940 1941 13.195034
1941 1942 26.726436999999997
1942 1943 220.923909
1943 1944 779.076091
1943 1945 76.397221
1942 1946 973.2735630000001
1941 1947 986.8049669999999
1940 1948 994.818657
1939 1949 997.4759580000001
1938 1950 997.742317
1935 1951 999.7346540000001
1928 1952 999.910509
1927 1953 999.9593730000001
1926 1954 999.972543
1925 1955 999.990715
1924 1956 999.995793
1923 1957 0.071038
1957 1958 1.330344
1958 1959 11.775777
1959 1960 988.076547
1959 1961 28.916426
1961 1962 77.200293
1962 1963 893.4846990000001
1962 1964 155.252692
1964 1965 501.68441899999993
1964 1966 859.404595
1961 1967 971.157659
1958 1968 998.670799
1957 1969 0.098094
1969 1970 935.749945
1970 1971 64.32625
1970 1972 63.980261000000006
1969 1973 0.23911700000000002
1973 1974 0.445186
1974 1975 0.929381
1975 1976 2.950857
1976 1977 3.1304619999999996
1977 1978 13.059204
1978 1979 18.206474
1979 1980 20.526981
1980 1981 161.272146
1981 1982 838.7278540000001
1981 1983 170.69252500000002
1980 1984 979.4730319999999
1979 1985 981.793498
1978 1986 986.940794
1977 1987 996.8698059999999
1976 1988 997.048777
1975 1989 52.129018
1989 1990 949.7901280000001
1989 1991 944.0923720000001
1974 1992 999.555012
1973 1993 999.760495
22 1994 999.992939
19 1995 999.968492
18 1996 999.876448
17 1997 999.787276
1 1998 998.71046
