2199 10
35749 11
1501 12
19267 13
5815 14
35638 15
26832 16
5023 17
15249 18
21529 28
19322 33
26375 39
22647 40
1670 41
1634 42
43920 45
4558 46
11441 47
8418 48
13181 62
14542 66
21539 68
34989 77
42637 79
36726 81
33275 82
30795 83
3211 84
13808 85
6814 86
29161 87
6067 88
1443 89
43927 90
33726 91
17184 92
32284 93
23640 94
12409 95
24352 96
14898 97
18418 98
11442 99
29258 101
11303 102
21716 103
19357 112
15537 113
38766 114
42865 115
43419 122
18598 123
19866 127
39696 128
10211 129
21698 130
9730 131
33804 132
23478 139
38149 142
28478 143
35493 144
41277 145
37012 146
34307 147
26443 149
26385 150
22934 154
28529 155
38066 157
14664 158
44004 160
19320 161
4339 164
42289 165
11785 169
41553 170
1128 172
12075 173
35342 174
3796 175
21383 178
13397 179
39425 180
32079 182
6199 183
43018 185
14502 186
24066 188
1555 207
18153 212
38876 214
31505 215
4944 216
9310 217
37111 218
1292 219
15415 220
37410 221
20891 222
13050 223
2711 224
4200 225
27884 226
32413 227
105 228
1104 229
4995 230
11000 231
23849 232
25725 233
21028 234
33639 235
14380 237
32838 238
1370 242
40317 243
25672 244
35777 245
43322 253
21911 258
35296 267
16140 269
23016 270
27016 271
32028 272
16502 273
35077 274
12887 275
33728 276
545 277
5601 278
12159 279
26288 280
38555 281
2099 282
27150 283
28835 284
20305 285
20569 286
37609 290
8612 291
4687 292
899 294
37694 301
14211 309
5595 311
27788 312
18479 313
32793 314
21408 315
6315 316
23197 317
26644 318
23001 319
8290 320
20362 321
2788 322
13803 323
26257 333
6862 334
36337 336
14869 338
19759 341
34428 342
1653 343
25796 349
19500 350
36628 351
26499 353
9939 354
9520 355
11643 356
4692 359
31432 361
33259 369
40544 370
18004 373
35034 374
1665 375
20116 376
3947 378
12033 381
5473 382
44174 383
32474 384
33305 385
4108 386
29665 387
43185 392
39028 394
25680 399
26730 403
4313 404
20377 405
4907 406
36994 407
6311 408
37813 409
14220 410
6337 411
35090 412
18162 413
38706 415
30361 422
6154 429
21970 430
41527 431
12716 432
36045 433
10441 434
17281 435
9149 436
7660 438
35973 439
39648 440
14846 441
37064 442
5940 443
31622 448
21245 450
29991 462
41387 465
4896 467
2053 468
30225 469
87 470
14491 471
35552 472
3932 473
40898 474
33326 475
36572 476
41535 479
14004 480
42296 481
31598 482
12267 483
31081 485
7333 497
36409 498
43916 501
41667 503
28814 504
2292 505
24358 506
26811 507
40883 509
31704 510
28375 511
42199 512
26201 513
26781 514
3346 515
4768 518
8113 524
39438 531
31575 532
30098 533
8938 534
19808 535
18979 536
38379 537
23772 538
25480 539
5707 540
21876 541
20820 542
39013 556
27643 558
10853 559
6215 560
5750 561
4512 562
15520 565
21736 566
31040 567
41676 568
21689 569
22706 571
36703 572
33477 574
39337 575
29298 577
35496 582
7927 584
24219 585
19956 586
16705 587
34649 590
22095 591
39071 594
38828 595
13310 597
665 598
38673 606
24183 607
30912 612
22209 613
3666 614
30203 615
15821 616
15163 617
5737 624
2016 627
33128 628
14509 629
37081 630
17504 631
27824 632
26239 633
8430 634
35622 635
22967 636
3897 637
44277 643
23463 647
42616 649
3206 651
21114 652
11524 653
16494 655
28627 656
40381 657
41004 659
38566 660
40575 662
10862 664
14405 666
4307 668
12360 669
10271 673
13138 675
38119 677
23592 679
4632 680
8298 681
21571 684
18188 685
33959 693
13805 696
35389 697
8542 698
1087 699
23960 700
32171 701
30435 703
36189 704
35119 705
21952 706
14285 714
22384 715
8410 717
11153 719
41256 721
3571 724
26109 725
9595 726
1223 727
31150 731
32973 734
18926 739
6821 740
22668 741
11207 742
10227 743
2215 745
33372 747
730 748
36975 757
8081 758
38945 759
7159 760
3668 761
43277 762
41966 764
10530 766
39197 767
35635 769
10871 770
8270 771
34816 772
6736 776
30571 778
14458 783
15636 785
9413 786
11803 787
37254 788
36640 789
27981 792
16449 798
39983 800
35096 801
43767 802
37948 803
24326 805
21452 806
2543 808
7345 809
27355 810
25586 812
32346 820
23534 821
27142 822
9463 823
1067 824
35680 825
9795 826
16609 827
25306 834
21847 839
41422 841
17915 842
25328 843
28645 846
3664 847
38767 848
4042 852
23236 853
40683 855
40180 856
29163 857
22593 860
23928 862
42404 863
11702 867
33858 869
32921 870
41675 874
10687 875
16582 876
36938 877
19916 878
35378 879
8460 884
3611 886
15555 890
42150 891
19600 893
7745 894
23148 895
39631 900
32179 903
13247 904
31275 905
16745 906
13273 907
14007 908
26937 910
32617 913
40388 915
24320 916
17992 921
15582 922
42568 924
22862 925
23535 926
42377 928
19615 929
7325 938
15578 939
9963 940
15897 942
26113 943
29936 945
19414 950
19629 951
8580 952
13283 953
12707 954
21136 959
15026 960
6316 961
5942 963
41509 964
23526 965
12213 969
43232 971
3266 973
30138 975
35292 976
630 979
7753 980
33010 982
38508 984
2550 985
22402 986
3622 994
13390 995
19453 996
9580 997
16604 998
41154 1001
1783 1002
42412 1009
17769 1010
36251 1011
21434 1012
30210 1013
42473 1014
17706 1015
10101 1022
32080 1023
26924 1024
22435 1025
33389 1026
41044 1027
11967 1029
36247 1030
38271 1034
7025 1036
29732 1037
29896 1043
36721 1044
20185 1045
17429 1046
31420 1048
6792 1049
38888 1052
22860 1053
34261 1055
28569 1056
10760 1060
4024 1062
38981 1063
2227 1064
27400 1069
36836 1070
22398 1071
25289 1072
3669 1074
16241 1075
1062 1079
23339 1081
34456 1085
34643 1086
15749 1087
2452 1089
43273 1090
12465 1091
9896 1099
19871 1101
22513 1102
44108 1104
43360 1106
31392 1107
21669 1110
24705 1113
30750 1114
11345 1115
29758 1120
17505 1121
9715 1122
15847 1123
42074 1125
29615 1126
41552 1129
8931 1131
5142 1132
22082 1136
39334 1137
23071 1138
18978 1140
14919 1141
8623 1144
9526 1147
7314 1148
16096 1149
40223 1150
17656 1153
3444 1154
7593 1158
5937 1161
11825 1162
32889 1163
11448 1165
30394 1166
15514 1168
17070 1172
19130 1173
5599 1174
38410 1175
43319 1181
14346 1182
41196 1183
15374 1184
34002 1185
24674 1187
27437 1191
4262 1192
7330 1194
12601 1195
3227 1197
12423 1198
13415 1204
13741 1210
2950 1211
42764 1212
27992 1213
22142 1214
30877 1215
17920 1216
29860 1218
25220 1219
7681 1220
25023 1224
25963 1229
37372 1230
15255 1232
6717 1234
14451 1235
32501 1237
36602 1238
34775 1239
43609 1246
35098 1247
20544 1248
7 1249
27466 1250
6978 1252
24627 1253
21317 1255
3760 1256
37293 1259
34851 1260
13516 1262
40527 1264
4475 1266
23829 1267
18396 1274
8999 1277
24091 1278
7413 1279
41540 1282
20548 1283
4367 1284
27717 1289
39507 1290
37095 1293
29833 1294
14388 1295
22910 1296
42863 1297
2666 1300
19422 1308
21584 1310
21800 1311
29374 1312
35275 1313
304 1314
18971 1315
7300 1316
4701 1317
28475 1326
23907 1327
36899 1328
22992 1330
12589 1331
42398 1332
29303 1333
41363 1335
11451 1336
40690 1337
28286 1338
7181 1341
36831 1343
13216 1344
24859 1352
16120 1353
20575 1355
30042 1356
24516 1357
39711 1362
37863 1363
35718 1364
38057 1366
35329 1367
14687 1368
17775 1371
31463 1372
7862 1374
4130 1375
16053 1376
8175 1378
24760 1382
38653 1386
15732 1388
34925 1389
43648 1390
15935 1391
26159 1392
25265 1393
30157 1402
16429 1405
9802 1406
27570 1407
37249 1408
42166 1410
13507 1414
43138 1415
11202 1417
34569 1418
18240 1419
2903 1421
7480 1424
20619 1427
8568 1428
39267 1429
22173 1432
32591 1433
17421 1436
24271 1438
42413 1439
41039 1440
8481 1444
38400 1445
42056 1447
6789 1449
6239 1452
36199 1454
417 1456
39987 1458
6883 1460
33053 1461
13074 1462
25854 1463
1811 1472
36365 1473
40497 1474
29196 1475
40614 1476
298 1477
39831 1478
18323 1479
42739 1481
22868 1482
8671 1485
14962 1486
7354 1488
7370 1493
34819 1495
1944 1497
31799 1498
23406 1499
18789 1500
8202 1501
34644 1510
32477 1511
25769 1513
40314 1514
22736 1516
15617 1518
14792 1519
32938 1522
22906 1523
18672 1524
33289 1530
43477 1531
38334 1532
24144 1533
7520 1534
27688 1537
5741 1540
34319 1542
7732 1544
41512 1545
4092 1546
34416 1548
30739 1550
20058 1552
950 1553
42102 1559
39771 1560
2007 1561
20451 1562
30736 1566
32546 1567
41076 1569
25035 1571
11927 1572
26198 1574
29378 1575
9560 1581
23358 1582
35353 1584
19736 1585
21465 1586
27491 1587
26959 1590
32341 1591
3372 1592
16167 1594
20151 1601
36800 1604
29885 1605
17294 1606
23604 1607
21255 1608
6670 1612
28410 1613
9173 1614
18919 1616
3368 1618
21356 1619
41567 1625
29141 1626
33909 1627
34885 1630
1606 1631
6605 1632
22903 1635
10068 1637
24435 1638
9701 1640
12222 1641
17661 1644
36216 1648
20614 1649
11846 1651
5342 1652
7357 1654
29265 1655
35066 1656
5127 1657
42525 1663
41221 1665
32289 1666
20698 1671
19102 1673
36985 1674
10145 1675
39886 1677
14568 1678
13879 1679
33941 1682
16606 1683
5469 1688
25577 1689
27629 1690
31901 1691
15056 1692
40130 1696
16657 1697
40017 1701
2006 1702
30707 1706
7235 1707
19211 1708
2052 1709
9881 1713
11426 1716
6340 1717
36026 1718
1074 1719
17020 1720
15060 1726
37673 1729
44310 1730
40622 1731
6023 1732
11070 1736
16273 1737
17342 1739
23961 1741
2178 1742
8230 1744
28174 1746
37091 1747
28387 1748
17023 1752
39673 1753
29605 1754
14900 1757
41562 1758
20449 1760
5979 1762
24962 1763
35547 1767
21029 1771
34711 1774
34865 1775
7864 1776
3486 1777
13580 1779
44244 1780
28110 1782
29095 1786
5307 1787
17900 1788
18159 1789
7068 1791
35124 1795
13814 1797
16968 1801
7400 1802
42028 1803
16763 1804
40919 1807
15474 1810
40302 1811
28596 1812
25844 1815
17046 1818
22325 1819
37276 1820
16099 1821
10459 1822
25649 1835
28192 1836
25125 1837
38851 1838
40957 1839
21165 1840
13005 1842
11934 1843
38217 1846
31848 1847
15388 1848
35648 1849
4095 1850
30628 1851
31032 1861
14529 1863
32535 1864
23933 1865
40573 1866
26545 1867
17793 1868
36531 1869
12327 1870
15673 1871
5991 1872
19393 1874
7478 1878
38625 1881
11541 1883
438 1887
32551 1890
22562 1891
32097 1892
20565 1893
25069 1894
8285 1895
19728 1897
38159 1898
44093 1899
22867 1904
23459 1908
31839 1914
18220 1915
34734 1917
32042 1919
11701 1922
3945 1923
15693 1924
9397 1925
2024 1926
37532 1927
40664 1928
32203 1929
17888 1931
23564 1932
43117 1933
8526 1937
43182 1940
2535 1942
5188 1944
10723 1947
4548 1954
19716 1955
35391 1956
42130 1957
39090 1958
24471 1959
17159 1960
28713 1961
39037 1962
25613 1963
17927 1966
11572 1970
36378 1972
15286 1974
18818 1976
19740 1980
26596 1983
29487 1984
43742 1985
25391 1986
34636 1987
27246 1988
21252 1990
23508 1991
33778 1992
19540 1993
14248 1994
101 1995
29245 1996
41211 1997
2077 1998
