1 2 0.589124
2 3 0.35649800000000004
3 4 1
4 5 0.026025
5 6 0.23552700000000001
6 7 1
7 8 0.26208
8 9 0.383922
9 10 0.45485100000000006
10 11 12.670756999999998
10 12 14.26334
9 13 12.868932
8 14 13.918456
7 15 1
15 16 0.12887300000000002
16 17 0.15007399999999999
17 18 13.363754
17 19 1.177793
19 20 11.517113
19 21 10.402657999999999
16 22 0.22686
22 23 1
23 24 0.14737699999999998
24 25 0.386391
25 26 11.997107999999999
25 27 11.832882999999999
24 28 1
28 29 0.38814499999999996
29 30 0.5215420000000001
30 31 12.794548
30 32 11.656264
29 33 1
33 34 2.365374
34 35 1.884076
35 36 7.571901
35 37 8.951499
34 38 4.0972990000000005
38 39 5.566147
38 40 5.79966
33 41 0.159629
41 42 0.037231
42 43 0.552461
43 44 11.760281
43 45 3.3065770000000003
45 46 8.285626
45 47 8.333285
42 48 0.027495
48 49 0.038263
49 50 0.268364
50 51 1.2114
51 52 10.161406000000001
51 53 1.013379
53 54 9.602299
53 55 9.881942
50 56 12.872966
49 57 0.044599
57 58 1
58 59 0.277117
59 60 0.025769999999999998
60 61 0.045679
61 62 1.282547
62 63 1.9634120000000002
63 64 9.160680000000001
63 65 8.699873
62 66 10.548527
61 67 1
67 68 0.07950700000000001
68 69 1
69 70 0.197613
70 71 0.052575
71 72 0.187177
72 73 0.052492000000000004
73 74 0.24837
74 75 0.694526
75 76 11.274244
75 77 10.645527000000001
74 78 11.339858
73 79 0.185581
79 80 0.05147
80 81 12.354604
80 82 11.475386
79 83 0.087855
83 84 0.046167
84 85 0.213765
85 86 12.726527
85 87 0.215211
87 88 11.41385
87 89 10.696943000000001
84 90 11.350919
83 91 0.22695300000000002
91 92 11.355926
91 93 11.375688
72 94 0.184447
94 95 11.612169
94 96 10.021069
71 97 0.098021
97 98 3.739154
98 99 6.768647
98 100 6.746157
97 101 10.897904
70 102 0.07067
102 103 0.313773
103 104 0.14400000000000002
104 105 10.98531
104 106 0.526417
106 107 0.27333
107 108 9.658536
107 109 0.8715499999999999
109 110 8.695663
109 111 8.591825
106 112 1.785859
112 113 3.8709729999999998
113 114 5.192668
113 115 5.456807
112 116 9.285665
103 117 10.431535
102 118 0.097514
118 119 0.11062999999999999
119 120 1
120 121 0.147188
121 122 0.32087
122 123 10.283963
122 124 11.014986
121 125 0.157192
125 126 13.46857
125 127 0.26113400000000003
127 128 11.087241
127 129 10.545996
120 130 0.102433
130 131 1
131 132 0.17413599999999999
132 133 0.29629
133 134 0.100973
134 135 9.521351
134 136 0.083146
136 137 0.261943
137 138 3.2523660000000003
138 139 3.3320950000000003
139 140 3.387266
139 141 3.3940129999999997
138 142 6.577169
137 143 2.935567
143 144 6.5361139999999995
143 145 6.8354230000000005
136 146 1.987061
146 147 7.573456
146 148 7.708301
133 149 0.051598
149 150 1.297294
150 151 10.552217
150 152 9.934889
149 153 0.619151
153 154 1.697867
154 155 0.326222
155 156 8.738045999999999
155 157 2.866539
157 158 5.9055789999999995
157 159 5.794516000000001
154 160 1.9348910000000001
160 161 3.6261479999999997
161 162 3.42995
161 163 3.3035750000000004
160 164 6.593527000000001
153 165 1.72357
165 166 9.683288
165 167 1.99293
167 168 7.4967749999999995
167 169 6.829873
132 170 0.047998
170 171 0.016277
171 172 0.20160199999999998
172 173 10.390863
172 174 10.335021
171 175 0.003349
175 176 0.014227
176 177 10.903299
176 178 0.025318999999999998
178 179 0.08564100000000001
179 180 0.145797
180 181 0.937004
181 182 9.904575
181 183 9.293133000000001
180 184 10.906357999999999
179 185 0.045639
185 186 0.008135
186 187 0.025265999999999997
187 188 0.042871
188 189 0.015023
189 190 0.045572
190 191 0.74657
191 192 6.725589
192 193 3.075109
192 194 3.037594
191 195 0.44501899999999994
195 196 4.2045069999999996
196 197 4.826439
196 198 4.772415
195 199 9.883363000000001
190 200 0.052727
200 201 0.060533
201 202 0.010669
202 203 4.360321000000001
203 204 5.907421
203 205 6.317984999999999
202 206 0.042189000000000004
206 207 0.6903290000000001
207 208 9.583382
207 209 1.042215
209 210 8.397454
209 211 8.173701999999999
206 212 0.018522999999999998
212 213 0.09457499999999999
213 214 0.091781
214 215 0.17361200000000002
215 216 0.24680100000000002
216 217 10.104785
216 218 9.665989
215 219 9.972875
214 220 9.61359
213 221 0.261814
221 222 9.883616
221 223 9.409602
212 224 0.146798
224 225 0.013661000000000001
225 226 0.014575
226 227 0.023497
227 228 0.5572170000000001
228 229 6.684583
229 230 2.882149
229 231 2.896265
228 232 9.623917
227 233 4.094746
233 234 1.366851
234 235 4.666831
234 236 4.788756
233 237 6.656071
226 238 0.046797
238 239 0.061105
239 240 1
240 241 0.06544
241 242 0.09718399999999999
242 243 9.498941
242 244 9.316723
241 245 0.180948
245 246 0.12461900000000001
246 247 0.101954
247 248 0.260556
248 249 0.174257
249 250 8.493443000000001
249 251 8.794045
248 252 8.397854
247 253 8.603676
246 254 0.2123
254 255 0.15376700000000001
255 256 9.727071
255 257 9.518392
254 258 0.156644
258 259 9.281385
258 260 9.534279
245 261 1
261 262 0.09783700000000001
262 263 0.41453599999999996
263 264 0.003223
264 265 1
265 266 0.170855
266 267 0.47589499999999996
267 268 0.439119
268 269 8.273806
268 270 7.581016999999999
267 271 3.2067949999999996
271 272 0.267468
272 273 0.547828
273 274 0.81825
274 275 3.771464
274 276 3.9171709999999997
273 277 4.530365
272 278 5.467229
271 279 1.5959729999999999
279 280 1.487244
280 281 2.342316
280 282 2.337722
279 283 0.516108
283 284 0.102648
284 285 3.209236
284 286 3.237755
283 287 3.383503
266 288 0.264478
288 289 2.1842449999999998
289 290 1.426781
290 291 1.14624
291 292 2.616819
292 293 4.4715739999999995
292 294 4.888502
291 295 0.630555
295 296 6.147036
295 297 5.218771
290 298 7.569137
289 299 0.230423
299 300 3.2300429999999998
300 301 4.646434
301 302 0.42036799999999996
302 303 0.756575
302 304 0.723845
301 305 0.580114
305 306 0.5420389999999999
305 307 0.174293
307 308 0.364267
307 309 0.352065
300 310 1
310 311 1.257549
311 312 2.831307
311 313 2.4217969999999998
310 314 2.09236
314 315 1.256534
315 316 0.063431
316 317 0.540991
317 318 0.898215
317 319 0.916494
316 320 0.455905
320 321 0.243416
321 322 0.664653
321 323 0.672501
320 324 0.49679399999999996
324 325 0.40972600000000003
324 326 0.40211800000000003
315 327 0.318289
327 328 1.1813550000000002
328 329 0.025265
328 330 0.02249
327 331 0.520407
331 332 0.126343
332 333 0.418841
333 334 0.107222
333 335 0.0838
335 336 0.024308
335 337 0.023447
332 338 0.273482
338 339 0.13391799999999998
339 340 0.099603
340 341 1
341 342 1
341 343 1
340 344 1
339 345 0.076061
345 346 0.023037000000000002
346 347 1
347 348 1
348 349 1
349 350 1
349 351 1
348 352 1
347 353 1
346 354 1
345 355 0.024718999999999998
338 356 0.20173499999999997
356 357 0.045912999999999995
356 358 0.049598
331 359 0.587604
359 360 0.0729
360 361 1
360 362 1
359 363 0.058582999999999996
363 364 0.024189
363 365 0.023566
365 366 1
366 367 1
366 368 1
365 369 1
314 370 0.287248
370 371 0.384003
371 372 0.18283100000000002
372 373 1.510279
372 374 1.4983170000000001
371 375 1.703511
370 376 0.7872229999999999
376 377 0.33125
377 378 0.758412
378 379 0.375393
378 380 0.388695
377 381 1.056297
376 382 1.373921
299 383 2.690406
383 384 1.384727
384 385 4.0274600000000005
384 386 4.4968960000000004
386 387 0.11910200000000001
386 388 0.119676
383 389 7.638435
389 390 0.022992
389 391 0.024763
288 392 1
392 393 0.675106
393 394 2.411645
394 395 2.776465
395 396 3.023358
395 397 2.993834
394 398 5.96279
393 399 1.406579
399 400 7.119491999999999
399 401 6.681845
392 402 1
402 403 0.212824
403 404 0.9984679999999999
404 405 8.068932
404 406 7.499359
403 407 0.188916
407 408 1
408 409 0.583954
409 410 10.653063999999999
409 411 16.090012
408 412 0.050944
412 413 0.12403900000000001
413 414 8.569503000000001
413 415 8.956762999999999
412 416 0.171524
416 417 0.12598900000000002
417 418 1
418 419 0.283644
419 420 1
420 421 0.10432200000000001
421 422 1
422 423 0.104425
423 424 0.15881199999999998
424 425 8.211538000000001
424 426 2.485693
426 427 5.801503
426 428 6.137370000000001
423 429 1
429 430 1
430 431 0.22851400000000002
431 432 0.013863999999999998
432 433 0.093945
433 434 0.057101000000000006
434 435 0.578742
435 436 1
436 437 8.308599
436 438 0.336097
438 439 0.155372
439 440 1
440 441 8.82395
440 442 0.148846
442 443 1
443 444 0.153557
444 445 0.06271700000000001
445 446 0.066964
446 447 0.23525999999999997
447 448 1
448 449 0.033191
449 450 0.072239
450 451 0.084534
451 452 0.215011
452 453 0.387582
453 454 6.423879
453 455 6.661124999999999
452 456 0.032122
456 457 0.152504
457 458 1
458 459 0.07358300000000001
459 460 1
460 461 0.47082
461 462 6.225225
461 463 6.3344689999999995
460 464 0.011421
464 465 1
465 466 6.618462
465 467 0.273769
467 468 0.23158800000000002
468 469 1
469 470 0.138238
470 471 0.026500999999999997
471 472 0.314109
472 473 1
473 474 0.704782
474 475 0.525743
475 476 0.21153399999999997
476 477 1
477 478 0.190324
478 479 6.107472
478 480 0.06543500000000001
480 481 6.097832
480 482 0.163692
482 483 0.07781199999999999
483 484 0.07606600000000001
484 485 5.626141
484 486 0.35793600000000003
486 487 0.15763000000000002
487 488 1
488 489 0.22281499999999999
489 490 0.049136000000000006
490 491 0.043323
491 492 0.074526
492 493 0.011380999999999999
493 494 0.250698
494 495 0.035972000000000004
495 496 0.142509
496 497 0.40617600000000004
497 498 0.41465599999999997
498 499 1
499 500 4.6579429999999995
499 501 0.309533
501 502 0.376538
502 503 1.137227
503 504 2.732806
503 505 3.188875
502 506 1
506 507 0.056209
507 508 0.298479
508 509 0.360518
509 510 1
510 511 0.022028
511 512 0.21143099999999998
512 513 0.1484
513 514 0.061668
514 515 0.006281
515 516 0.05314
516 517 0.152923
517 518 0.300486
518 519 0.381295
519 520 0.034552
520 521 1.061111
521 522 1.308778
521 523 1.270019
520 524 2.329529
519 525 1.171757
525 526 1.220373
525 527 1.215157
518 528 1
528 529 1
529 530 0.169206
530 531 0.220544
531 532 0.128574
532 533 0.08088200000000001
533 534 0.097244
534 535 0.290784
535 536 0.08935399999999999
536 537 1
537 538 2.1006549999999997
537 539 0.43038599999999994
539 540 1.6487370000000001
539 541 1.646392
536 542 0.005916
542 543 0.241889
543 544 1.804325
543 545 1.8728479999999998
542 546 0.052081999999999996
546 547 0.133882
547 548 0.07634
548 549 0.035794
549 550 0.197765
550 551 0.194342
551 552 0.29123899999999997
552 553 0.180973
553 554 0.136674
554 555 0.803158
554 556 0.772773
553 557 0.018532
557 558 1.146204
557 559 2.435458
552 560 5.18555
551 561 1.406529
550 562 1.53131
549 563 1.987582
548 564 1.8190279999999999
547 565 1.8743820000000002
546 566 0.061898
566 567 1.9636460000000002
566 568 1.952305
535 569 1
569 570 1.228527
570 571 0.9373630000000001
570 572 0.35203500000000004
572 573 0.607854
572 574 0.6337889999999999
569 575 2.1243600000000002
534 576 2.420937
533 577 2.6962099999999998
532 578 2.702706
531 579 2.989626
530 580 3.020839
529 581 5.418467
528 582 3.4240199999999996
582 583 1
582 584 1
517 585 3.016622
516 586 3.286218
515 587 3.25347
514 588 3.249441
513 589 3.446549
512 590 3.8316129999999995
511 591 3.921677
510 592 3.843461
509 593 0.08733099999999999
593 594 3.438539
593 595 3.3427409999999997
508 596 3.82476
507 597 4.638261
506 598 4.671074
501 599 4.432254
498 600 1
600 601 0.181867
601 602 3.8595820000000005
601 603 3.9245639999999997
600 604 0.227008
604 605 3.729358
604 606 0.122358
606 607 0.351437
607 608 3.2267400000000004
607 609 0.630143
609 610 2.592615
609 611 0.177203
611 612 2.389354
611 613 2.529462
606 614 3.649707
497 615 0.11915999999999999
615 616 4.047828
615 617 4.0706050000000005
496 618 4.694054
495 619 4.78756
494 620 5.171151999999999
493 621 5.275212
492 622 5.158088
491 623 5.300617
490 624 5.299355
489 625 5.26782
488 626 5.565736
487 627 0.6753819999999999
627 628 4.508324
627 629 4.517464
486 630 0.13964100000000002
630 631 5.0807199999999995
630 632 5.186711
483 633 5.808832
482 634 5.9382079999999995
477 635 6.3531249999999995
476 636 0.10096899999999999
636 637 5.9846770000000005
636 638 5.715418
475 639 0.139594
639 640 5.915604
639 641 6.023269
474 642 6.600256
473 643 10.287059
472 644 0.107377
644 645 5.7558419999999995
644 646 0.47625
646 647 5.287198
646 648 5.6010539999999995
471 649 6.3561179999999995
470 650 6.4489030000000005
469 651 0.332003
651 652 6.1063149999999995
651 653 6.45338
468 654 0.450037
654 655 0.820768
655 656 0.327686
656 657 1
657 658 0.863854
658 659 0.545846
659 660 0.5306029999999999
660 661 0.924642
661 662 2.033309
661 663 0.903654
663 664 1.1148129999999998
663 665 1.4162279999999998
660 666 2.9368269999999996
659 667 1.995253
667 668 1.710672
668 669 1
668 670 1
667 671 1.6799680000000001
658 672 0.8834200000000001
672 673 1.480096
673 674 1.49116
674 675 0.022586000000000002
674 676 0.025169999999999998
673 677 1.493558
677 678 0.098334
677 679 0.092688
672 680 0.9819829999999999
680 681 2.097314
680 682 1.961903
682 683 0.024404
682 684 0.023351
657 685 5.266392000000001
656 686 0.687624
686 687 0.189847
687 688 1.278369
688 689 2.458714
688 690 2.460102
687 691 3.688202
686 692 0.550746
692 693 1.163562
693 694 2.389834
693 695 0.523251
695 696 1.936346
695 697 1.836337
692 698 0.449367
698 699 3.025505
698 700 0.21280700000000002
700 701 2.69488
700 702 0.43310400000000004
702 703 2.2624519999999997
702 704 2.274319
655 705 0.730332
705 706 0.268828
706 707 4.378097
706 708 4.217891
705 709 2.727829
709 710 1.667494
709 711 1.67539
654 712 1.508997
712 713 1.907789
713 714 2.856166
713 715 2.444694
712 716 4.4436919999999995
467 717 6.816609999999999
464 718 0.18726199999999998
718 719 6.597292
718 720 6.678735
459 721 0.42431300000000005
721 722 0.38489700000000004
722 723 6.063321
722 724 5.971063
721 725 0.629907
725 726 5.485422
725 727 5.689363
458 728 1
728 729 0.395779
729 730 6.7377590000000005
729 731 6.5382679999999995
728 732 7.054078
457 733 2.837528
733 734 0.252346
734 735 0.6177539999999999
735 736 1.899299
736 737 0.896399
736 738 0.38106
738 739 0.387294
739 740 0.191166
739 741 0.190878
738 742 0.066383
742 743 0.506026
742 744 0.496839
735 745 2.850575
734 746 3.686322
733 747 1
747 748 2.814284
748 749 1.1415929999999999
748 750 0.391046
750 751 0.10600099999999998
751 752 0.569238
751 753 0.576894
750 754 0.72972
747 755 2.347009
755 756 1.884811
755 757 1.9356290000000003
456 758 7.2213840000000005
451 759 7.201322
450 760 7.0321869999999995
449 761 7.574185
448 762 7.159496
447 763 1
763 764 7.382163
763 765 3.028534
765 766 4.093024
765 767 4.216432
446 768 7.607516
445 769 7.784753
444 770 7.597805
443 771 8.181198
442 772 0.303873
772 773 7.287043
772 774 7.5171589999999995
439 775 1.516547
775 776 6.374616
775 777 6.041811
438 778 0.072893
778 779 7.818598000000001
778 780 8.036225
435 781 1.302051
781 782 0.279396
782 783 4.037974
783 784 1.220158
783 785 1.4063940000000001
782 786 5.919047
781 787 0.8880920000000001
787 788 4.653131
788 789 0.215689
788 790 0.21411
787 791 5.208378000000001
434 792 0.092645
792 793 0.281456
793 794 7.569963
793 795 7.32975
792 796 8.147388999999999
433 797 0.028564999999999997
797 798 0.21229
798 799 0.118562
799 800 8.239043
799 801 7.759047
798 802 7.832727
797 803 0.084149
803 804 0.17009
804 805 7.810272
804 806 7.805774
803 807 8.210999
432 808 0.07345299999999999
808 809 8.006916
808 810 7.943417999999999
431 811 1.119974
811 812 6.976272999999999
811 813 7.39813
430 814 8.863192
429 815 0.630517
815 816 7.993135
815 817 7.8139330000000005
422 818 0.34363900000000003
818 819 8.315006
818 820 8.351659999999999
421 821 0.11176000000000001
821 822 0.266679
822 823 7.7464379999999995
822 824 7.678585
821 825 8.400943
420 826 0.10556800000000001
826 827 0.638364
827 828 7.680571
827 829 8.222008
826 830 8.74559
419 831 0.203905
831 832 0.523118
832 833 0.078
833 834 0.599843
834 835 6.595737
834 836 6.728045000000001
833 837 1.132662
837 838 1.9419289999999998
838 839 4.267848
838 840 4.137119
837 841 6.4152819999999995
832 842 1.5736630000000003
842 843 1.2454150000000002
843 844 4.708629
843 845 4.699203
842 846 5.965663999999999
831 847 8.066648
418 848 1.08851
848 849 8.300699
848 850 8.222701
417 851 0.030362
851 852 0.217042
852 853 7.020752
853 854 0.804426
853 855 0.771505
852 856 8.571416
851 857 8.22749
416 858 0.34456
858 859 8.003116
858 860 1.452471
860 861 6.810373
860 862 6.990964
407 863 0.026511999999999997
863 864 0.13213
864 865 0.155195
865 866 0.408867
866 867 7.787255999999999
866 868 7.590013
865 869 8.043855
864 870 0.122396
870 871 8.043738000000001
870 872 8.527418
863 873 0.035983
873 874 0.19589199999999998
874 875 0.143782
875 876 8.223204
875 877 7.822641
874 878 0.333773
878 879 8.044504
878 880 9.099718
873 881 0.156304
881 882 8.306369
881 883 8.408053
402 884 0.086822
884 885 8.962553
884 886 8.754735
265 887 1.559927
887 888 1.0687149999999999
888 889 6.8171919999999995
888 890 6.793123
887 891 7.622785
264 892 0.558089
892 893 1.887999
893 894 7.0835159999999995
893 895 1.3424429999999998
895 896 4.855840000000001
896 897 1.105291
896 898 0.9959509999999999
895 899 6.7965
892 900 0.349328
900 901 8.192725
900 902 2.02695
902 903 6.566811
902 904 6.13615
263 905 6.981540999999999
905 906 1.360039
906 907 0.30769399999999997
907 908 1
908 909 1.544344
909 910 0.036708
910 911 1
911 912 0.52836
912 913 1
913 914 0.075462
914 915 0.461616
914 916 0.159205
916 917 0.321297
916 918 0.299525
913 919 0.555965
912 920 0.110923
920 921 0.091049
921 922 0.312494
921 923 0.093427
923 924 0.21624000000000002
923 925 0.21356
920 926 0.170784
926 927 0.234227
926 928 0.147817
928 929 0.07125000000000001
928 930 0.072016
911 931 0.983203
910 932 1
932 933 1.006944
932 934 0.6406229999999999
934 935 0.095523
935 936 0.288662
935 937 0.284404
934 938 0.17314400000000002
938 939 0.209056
938 940 0.077477
940 941 0.12048899999999999
940 942 0.118288
909 943 0.170357
943 944 0.133886
944 945 0.20636500000000002
945 946 0.279571
945 947 0.293495
944 948 0.020473
948 949 0.462027
948 950 0.493083
943 951 0.11086100000000002
951 952 0.517774
951 953 0.532847
908 954 2.231928
907 955 0.565207
955 956 0.273551
956 957 1.0325090000000001
956 958 0.8777109999999999
955 959 1
959 960 0.71551
960 961 0.472985
960 962 0.031754
962 963 0.033425
963 964 0.033867
964 965 0.360513
964 966 0.069286
966 967 0.288638
966 968 0.284427
963 969 0.134059
969 970 0.274953
969 971 0.250357
962 972 0.127103
972 973 0.28634200000000004
972 974 0.286724
959 975 0.952505
906 976 0.532975
976 977 0.334669
977 978 0.40560500000000005
978 979 0.111341
979 980 0.631817
979 981 0.172622
981 982 0.45534199999999997
981 983 0.189357
983 984 0.241385
983 985 0.23617
978 986 0.29315199999999997
986 987 0.22664
987 988 0.223251
987 989 0.075106
989 990 0.13098
989 991 0.060042
991 992 0.068619
991 993 0.074648
986 994 0.43417300000000003
977 995 0.8089179999999999
995 996 0.11929300000000001
996 997 0.234614
996 998 0.242941
995 999 0.35826199999999997
976 1000 0.677993
1000 1001 0.7187009999999999
1000 1002 0.713964
905 1003 0.785376
1003 1004 0.66938
1004 1005 0.601654
1005 1006 0.487237
1006 1007 0.327521
1007 1008 0.784373
1007 1009 0.24237
1009 1010 0.446834
1009 1011 0.46052000000000004
1006 1012 1.000476
1005 1013 1.576993
1004 1014 0.009075
1014 1015 0.22463600000000003
1015 1016 0.646627
1016 1017 1.006526
1016 1018 1.0469600000000001
1015 1019 1.8605360000000002
1014 1020 0.33436099999999996
1020 1021 0.7632950000000001
1021 1022 0.107693
1022 1023 0.808264
1022 1024 0.270654
1024 1025 0.189242
1025 1026 0.41341
1025 1027 0.39843300000000004
1024 1028 0.163288
1028 1029 0.43676899999999996
1028 1030 0.160175
1030 1031 0.18829400000000002
1030 1032 0.193749
1021 1033 0.9087049999999999
1020 1034 1.594744
1034 1035 0.32866599999999996
1034 1036 0.2444
1003 1037 0.688764
1037 1038 0.854265
1038 1039 1.265808
1038 1040 1.265233
1037 1041 1.7364709999999999
1041 1042 0.413889
1041 1043 0.350199
262 1044 0.038336
1044 1045 0.386845
1045 1046 2.851558
1046 1047 5.826314
1046 1048 6.351337
1045 1049 8.514249
1044 1050 2.941539
1050 1051 3.845874
1051 1052 2.6716759999999997
1051 1053 2.533673
1050 1054 6.517067999999999
261 1055 0.124408
1055 1056 0.08448
1056 1057 0.14536200000000002
1057 1058 9.60639
1057 1059 8.636207
1056 1060 9.47737
1055 1061 9.219183000000001
240 1062 1.1379469999999998
1062 1063 9.889574
1062 1064 9.690178000000001
239 1065 1.47887
1065 1066 4.2865340000000005
1066 1067 4.19643
1066 1068 4.113025
1065 1069 8.320915
238 1070 0.167038
1070 1071 0.268931
1071 1072 8.775167
1071 1073 8.798854
1070 1074 1.614681
1074 1075 0.796156
1075 1076 7.503976
1075 1077 7.777781
1074 1078 8.134121
225 1079 4.166406
1079 1080 5.606868
1079 1081 5.615673
224 1082 0.041434
1082 1083 0.32836699999999996
1083 1084 9.824999
1083 1085 9.850264000000001
1082 1086 3.659217
1086 1087 6.773672
1086 1088 6.788888
201 1089 1.350443
1089 1090 1.072406
1090 1091 8.53595
1090 1092 1.145554
1092 1093 1.058987
1093 1094 5.968693
1093 1095 5.407304
1095 1096 0.555882
1095 1097 0.088817
1097 1098 0.485809
1097 1099 0.469301
1092 1100 0.14049799999999998
1100 1101 6.964645999999999
1100 1102 7.218735
1089 1103 11.546737
200 1104 0.075339
1104 1105 0.17210699999999998
1105 1106 0.339617
1106 1107 10.566094
1106 1108 10.207545
1105 1109 10.118834999999999
1104 1110 0.228656
1110 1111 10.583613
1110 1112 0.089739
1112 1113 9.39161
1112 1114 10.044875000000001
189 1115 0.218326
1115 1116 11.08677
1115 1117 0.302914
1117 1118 10.143209
1117 1119 11.060229000000001
188 1120 0.10775599999999999
1120 1121 0.35842999999999997
1121 1122 9.420082
1121 1123 9.682115
1120 1124 11.102888
187 1125 0.858272
1125 1126 3.408123
1126 1127 6.495703999999999
1126 1128 6.350523
1125 1129 10.130559
186 1130 0.39124600000000004
1130 1131 0.9623980000000001
1131 1132 9.456233
1131 1133 8.929631
1130 1134 2.1297699999999997
1134 1135 8.173104
1134 1136 7.824986000000001
185 1137 0.417293
1137 1138 10.12271
1137 1139 2.132793
1139 1140 8.065457
1139 1141 3.4674940000000003
1141 1142 4.493466
1141 1143 4.4368110000000005
178 1144 1.148299
1144 1145 1.418382
1145 1146 9.758622
1145 1147 6.764779
1147 1148 1.623256
1147 1149 1.624117
1144 1150 1
1150 1151 9.373330000000001
1150 1152 1.977454
1152 1153 0.90302
1153 1154 6.467568999999999
1153 1155 0.7607820000000001
1155 1156 4.867001
1156 1157 1.061316
1156 1158 1.0399260000000001
1155 1159 6.212273
1152 1160 0.5518730000000001
1160 1161 7.165190000000001
1160 1162 7.161458
175 1163 0.8720749999999999
1163 1164 9.781951
1163 1165 0.28641500000000003
1165 1166 4.177065
1166 1167 0.769213
1167 1168 4.492844
1167 1169 4.723966
1166 1170 5.391245
1165 1171 9.797667
170 1172 0.167578
1172 1173 0.5396920000000001
1173 1174 10.440293
1173 1175 10.619879000000001
1172 1176 10.658971000000001
131 1177 0.34209700000000004
1177 1178 2.371656
1178 1179 7.792088
1178 1180 7.823956999999999
1177 1181 1.042818
1181 1182 1.9342290000000002
1182 1183 8.563474
1182 1184 8.437481
1181 1185 10.816487
130 1186 11.166906
119 1187 11.234225
118 1188 0.579246
1188 1189 0.8826229999999999
1189 1190 13.474771999999998
1189 1191 2.571073
1191 1192 10.057388
1191 1193 9.331342
1188 1194 14.306198
69 1195 0.019335
1195 1196 12.091349999999998
1195 1197 0.20674199999999998
1197 1198 0.08257199999999999
1198 1199 0.163662
1199 1200 11.020655999999999
1199 1201 12.093002
1198 1202 0.133781
1202 1203 11.909302
1202 1204 2.311123
1204 1205 2.512785
1205 1206 1.7666060000000001
1206 1207 4.2090629999999996
1206 1208 4.291415
1205 1209 6.32795
1204 1210 10.293762
1197 1211 0.393491
1211 1212 11.791324
1211 1213 11.513356
68 1214 0.08425099999999999
1214 1215 13.339321000000002
1214 1216 1.172379
1216 1217 4.083262
1217 1218 7.5599620000000005
1217 1219 7.387507
1216 1220 1.39668
1220 1221 8.658339
1220 1222 9.727526000000001
67 1223 2.347428
1223 1224 1
1224 1225 12.616895
1224 1226 2.101797
1226 1227 3.2302850000000003
1227 1228 9.315553999999999
1227 1229 6.778047
1229 1230 2.990747
1229 1231 3.121955
1226 1232 2.795944
1232 1233 5.145152
1232 1234 5.647589
1223 1235 0.907963
1235 1236 0.332702
1236 1237 1.6954110000000002
1237 1238 7.153241
1237 1239 1.5621360000000002
1239 1240 5.775017
1239 1241 6.1161
1236 1242 9.221316999999999
1235 1243 9.029628
60 1244 1.717173
1244 1245 11.196031
1244 1246 10.771495
59 1247 11.803039
58 1248 1.6808759999999998
1248 1249 1
1249 1250 2.299522
1250 1251 8.644725000000001
1250 1252 8.499497
1249 1253 0.5022709999999999
1253 1254 0.237965
1254 1255 0.081097
1255 1256 0.40032100000000004
1256 1257 3.5960810000000003
1257 1258 4.983864
1257 1259 1.120341
1259 1260 1.3148929999999999
1260 1261 3.302857
1260 1262 2.618824
1259 1263 4.176989
1256 1264 0.174616
1264 1265 1
1265 1266 2.705438
1266 1267 1
1267 1268 2.186452
1268 1269 4.596418
1268 1270 2.352006
1270 1271 2.770895
1270 1272 2.768742
1267 1273 7.941676
1266 1274 0.530757
1274 1275 6.440603
1274 1276 6.644402
1265 1277 3.919043
1277 1278 2.0278959999999997
1278 1279 3.743231
1278 1280 3.7066250000000003
1277 1281 6.353193
1264 1282 0.12084400000000001
1282 1283 0.348937
1283 1284 0.682694
1284 1285 1.9965130000000002
1285 1286 7.4607660000000005
1285 1287 1.875433
1287 1288 5.134696
1287 1289 5.467023
1284 1290 0.519593
1290 1291 0.376923
1291 1292 3.9884459999999997
1292 1293 3.540414
1292 1294 3.384132
1291 1295 8.189205
1290 1296 2.305916
1296 1297 5.5262970000000005
1296 1298 1.684782
1298 1299 3.800055
1298 1300 4.270623
1283 1301 1
1301 1302 1.758529
1302 1303 5.248386
1303 1304 7.525701
1303 1305 7.469524
1302 1306 13.591155999999998
1301 1307 12.48214
1282 1308 1.6923190000000001
1308 1309 0.494336
1309 1310 7.920641000000001
1309 1311 9.462358
1308 1312 0.974145
1312 1313 7.055491
1312 1314 6.889112999999999
1255 1315 0.273269
1315 1316 4.556287
1316 1317 5.432914
1316 1318 0.267476
1318 1319 5.25781
1318 1320 2.478579
1320 1321 3.244478
1320 1322 3.059246
1315 1323 0.8344779999999999
1323 1324 9.131013000000001
1323 1325 8.347496999999999
1254 1326 1.6978509999999998
1326 1327 2.600924
1327 1328 5.473818
1327 1329 5.748723
1326 1330 1.207576
1330 1331 5.924385
1330 1332 6.014488
1253 1333 0.986603
1333 1334 0.754407
1334 1335 2.48125
1335 1336 5.462979
1335 1337 4.947718
1334 1338 7.762302999999999
1333 1339 1.793231
1339 1340 6.987566000000001
1339 1341 7.721125
1248 1342 1.485558
1342 1343 5.128545
1343 1344 2.205063
1344 1345 2.622868
1344 1346 2.7257480000000003
1343 1347 4.719483
1342 1348 1.0901640000000001
1348 1349 1.557352
1349 1350 4.545034
1350 1351 2.276903
1350 1352 2.355379
1349 1353 7.393839000000001
1348 1354 0.783261
1354 1355 5.5853090000000005
1355 1356 1.348064
1355 1357 1.326244
1354 1358 7.475817999999999
57 1359 0.025244
1359 1360 0.404531
1360 1361 13.325097999999999
1360 1362 11.698780000000001
1359 1363 0.610273
1363 1364 11.002018
1363 1365 10.72673
48 1366 0.13034500000000002
1366 1367 2.13689
1367 1368 9.393118000000001
1367 1369 9.613568
1366 1370 3.080397
1370 1371 10.732854999999999
1370 1372 10.375072000000001
41 1373 4.792597
1373 1374 7.504239999999999
1373 1375 7.395474
28 1376 1
1376 1377 0.534883
1377 1378 11.754407
1377 1379 11.645784
1376 1380 0.070579
1380 1381 0.49582699999999996
1381 1382 12.438785
1381 1383 12.991015
1383 1384 2.086049
1383 1385 2.116434
1380 1386 13.137858999999999
23 1387 0.5531280000000001
1387 1388 3.141098
1388 1389 9.499754000000001
1388 1390 11.608172999999999
1387 1391 0.786791
1391 1392 10.277671
1391 1393 9.827391
22 1394 3.753491
1394 1395 9.208556
1394 1396 9.416086
15 1397 0.015001
1397 1398 0.251628
1398 1399 4.718441
1399 1400 8.830563
1399 1401 2.033812
1401 1402 5.524636
1401 1403 5.411372
1398 1404 12.838260000000002
1397 1405 0.142039
1405 1406 0.538183
1406 1407 13.007271000000001
1406 1408 12.303139999999999
1405 1409 12.427433
6 1410 1.925298
1410 1411 3.5345649999999997
1411 1412 7.82824
1411 1413 8.026583
1410 1414 11.484537
5 1415 0.9770650000000001
1415 1416 15.018513
1415 1417 1.421315
1417 1418 3.91595
1418 1419 7.528394
1419 1420 0.16535
1419 1421 0.168939
1418 1422 7.108664000000001
1422 1423 0.29407
1422 1424 0.278996
1417 1425 3.6413559999999996
1425 1426 8.140182
1425 1427 7.762397
4 1428 0.09954600000000001
1428 1429 0.343463
1429 1430 8.740141
1430 1431 4.830674
1430 1432 4.911447
1429 1433 13.728818
1428 1434 1.000292
1434 1435 0.8468699999999999
1435 1436 12.061731
1435 1437 10.956415999999999
1434 1438 11.856091000000001
3 1439 0.036076000000000004
1439 1440 0.205763
1440 1441 13.620362
1440 1442 1.0166959999999998
1442 1443 12.264429
1442 1444 12.568426999999998
1439 1445 0.138207
1445 1446 1
1446 1447 1
1447 1448 0.339943
1448 1449 0.374914
1449 1450 14.230345999999999
1450 1451 0.095391
1450 1452 0.09563100000000001
1449 1453 1
1453 1454 1.367015
1454 1455 1.151044
1455 1456 2.258085
1456 1457 1.7436500000000001
1457 1458 7.777877
1457 1459 7.885925
1456 1460 9.90869
1455 1461 1
1461 1462 13.656353
1461 1463 0.5874090000000001
1463 1464 1.657444
1464 1465 9.530833
1464 1466 10.335450999999999
1463 1467 11.355928
1454 1468 3.27058
1468 1469 9.91582
1468 1470 9.902709
1453 1471 14.421107999999998
1448 1472 1
1472 1473 0.221327
1473 1474 1.608811
1474 1475 11.935763000000001
1474 1476 11.894228
1473 1477 1.375907
1477 1478 12.571155000000001
1477 1479 13.551099
1472 1480 1
1480 1481 1.25042
1481 1482 10.793579000000001
1481 1483 3.079391
1483 1484 9.843326
1483 1485 9.545404
1480 1486 0.019533
1486 1487 3.449004
1487 1488 10.053536000000001
1487 1489 10.194793
1486 1490 0.304504
1490 1491 1
1491 1492 0.019979
1492 1493 0.169012
1493 1494 2.4869470000000002
1494 1495 12.023104
1494 1496 4.189886
1496 1497 7.8791780000000005
1496 1498 8.166668000000001
1493 1499 0.233213
1499 1500 0.144044
1500 1501 15.501108
1500 1502 0.14711
1502 1503 14.996229999999999
1502 1504 0.5959380000000001
1504 1505 19.193114
1504 1506 14.617774
1499 1507 0.099713
1507 1508 1.750249
1508 1509 5.727941
1509 1510 7.812353
1509 1511 7.708181
1508 1512 14.090588
1507 1513 0.137594
1513 1514 0.43114499999999994
1514 1515 1
1515 1516 0.616525
1516 1517 1
1517 1518 0.269287
1518 1519 14.362764
1518 1520 6.745163999999999
1520 1521 8.416738
1520 1522 8.058907
1517 1523 0.071339
1523 1524 1
1524 1525 2.028407
1525 1526 13.724153
1525 1527 13.114433
1524 1528 0.204938
1528 1529 9.521536999999999
1529 1530 5.031027
1529 1531 5.093138
1528 1532 0.32470699999999997
1532 1533 0.092417
1533 1534 1
1534 1535 15.554447
1534 1536 0.968712
1536 1537 0.024343999999999998
1537 1538 0.485973
1538 1539 1
1539 1540 3.4192760000000004
1540 1541 13.225209
1540 1542 13.517867
1539 1543 1.400704
1543 1544 1
1544 1545 17.494943
1544 1546 4.427763
1546 1547 1.9773720000000001
1547 1548 3.5349449999999996
1548 1549 5.757839
1548 1550 5.8467459999999996
1547 1551 1.5390759999999999
1551 1552 7.196682999999999
1552 1553 1.357993
1552 1554 1.3640700000000001
1551 1555 0.981445
1555 1556 7.406408000000001
1555 1557 7.588817000000001
1546 1558 1.5689149999999998
1558 1559 10.076696
1558 1560 2.697898
1560 1561 8.455976
1560 1562 8.592735
1543 1563 1.409263
1563 1564 3.743996
1564 1565 12.236507000000001
1564 1566 11.044296000000001
1566 1567 0.551844
1566 1568 0.546532
1563 1569 14.550058
1538 1570 1
1570 1571 0.053133
1571 1572 10.519421
1572 1573 5.601774000000001
1572 1574 4.52239
1574 1575 1.6015560000000002
1574 1576 1.550307
1571 1577 0.97986
1577 1578 1
1578 1579 2.0414350000000003
1579 1580 8.487316
1580 1581 10.481445
1580 1582 14.208144
1579 1583 2.36512
1583 1584 9.755063999999999
1583 1585 10.397753
1578 1586 0.644221
1586 1587 1
1587 1588 3.0098659999999997
1588 1589 5.646201
1589 1590 11.96866
1589 1591 11.718064
1588 1592 17.801745999999998
1587 1593 1
1593 1594 0.724782
1594 1595 0.155712
1595 1596 1
1596 1597 2.02052
1597 1598 1.0882859999999999
1598 1599 0.360933
1599 1600 0.501761
1600 1601 0.42026600000000003
1601 1602 1
1602 1603 20.615304000000002
1602 1604 1.771575
1604 1605 1.0887930000000001
1605 1606 4.266095
1606 1607 10.688956
1607 1608 9.369144
1607 1609 9.207742
1606 1610 21.020691
1605 1611 25.265476
1604 1612 0.44377799999999995
1612 1613 4.22871
1613 1614 19.175194
1613 1615 19.267977
1612 1616 1.7765429999999998
1616 1617 24.911164
1616 1618 19.787976
1601 1619 1
1619 1620 1
1620 1621 11.66732
1621 1622 9.382878
1621 1623 9.432786
1620 1624 20.304980999999998
1619 1625 10.896356
1625 1626 7.589804999999999
1626 1627 0.515112
1627 1628 4.71516
1627 1629 3.3555179999999996
1629 1630 1.1699380000000001
1629 1631 1.026815
1626 1632 1.738496
1632 1633 3.3139309999999997
1633 1634 0.622137
1633 1635 0.667261
1632 1636 2.507509
1636 1637 0.606631
1636 1638 0.396234
1638 1639 0.167982
1638 1640 0.166307
1625 1641 5.116136
1641 1642 1.0521070000000001
1642 1643 7.0127120000000005
1642 1644 6.83638
1641 1645 4.845696
1645 1646 4.06661
1645 1647 3.192225
1600 1648 0.44701599999999997
1648 1649 1.450103
1649 1650 26.420015000000003
1649 1651 3.702951
1651 1652 18.162594000000002
1651 1653 16.078093
1653 1654 1.41618
1653 1655 1.401394
1648 1656 0.453792
1656 1657 3.15239
1657 1658 17.816363
1657 1659 18.573321
1656 1660 1.9455090000000002
1660 1661 21.280024
1660 1662 25.090558
1599 1663 2.086097
1663 1664 1.980308
1664 1665 16.078025
1664 1666 16.443465
1663 1667 18.435165
1598 1668 0.019012
1668 1669 0.006915999999999999
1669 1670 19.889552
1669 1671 1.337764
1671 1672 18.140555
1671 1673 18.105863
1668 1674 1.678143
1674 1675 1.286871
1675 1676 16.196385
1675 1677 16.420616
1674 1678 4.342741
1678 1679 2.499895
1679 1680 11.1249
1679 1681 11.129159
1678 1682 13.307173
1597 1683 0.128082
1683 1684 17.337182000000002
1683 1685 18.956992
1596 1686 20.242521
1595 1687 1
1687 1688 0.316151
1688 1689 1.545327
1689 1690 1.2828300000000001
1690 1691 21.118144
1690 1692 23.867530000000002
1689 1693 1.4631109999999998
1693 1694 22.238627
1693 1695 25.516865
1688 1696 18.482132
1696 1697 0.625128
1696 1698 0.616515
1687 1699 0.404413
1699 1700 23.182899000000003
1699 1701 28.058744
1594 1702 0.034506
1702 1703 4.252126
1703 1704 0.617511
1704 1705 21.141083
1704 1706 4.07905
1706 1707 10.760685
1706 1708 1.202066
1708 1709 9.857035
1708 1710 9.388428
1703 1711 15.982161
1702 1712 18.746913000000003
1593 1713 0.518254
1713 1714 17.570336
1713 1715 17.768728
1586 1716 1.625768
1716 1717 6.377681
1717 1718 1.048669
1718 1719 9.673765
1718 1720 9.76272
1717 1721 10.914082
1716 1722 5.0922469999999995
1722 1723 12.432506
1722 1724 11.827284
1577 1725 0.228064
1725 1726 0.437931
1726 1727 0.9918069999999999
1727 1728 1
1728 1729 18.23103
1728 1730 1.7546429999999997
1730 1731 14.666870000000001
1730 1732 12.601515999999998
1727 1733 1.9659780000000002
1733 1734 4.448984
1734 1735 11.042644
1734 1736 11.450193
1733 1737 13.125037
1726 1738 0.820176
1738 1739 0.7457400000000001
1739 1740 7.426028
1740 1741 5.834241
1741 1742 7.475026
1741 1743 7.806731
1740 1744 13.697755
1739 1745 0.21216
1745 1746 17.293685
1745 1747 17.61558
1738 1748 16.421812
1725 1749 1.059734
1749 1750 23.988354
1749 1751 16.365036999999997
1570 1752 3.429439
1752 1753 2.788667
1753 1754 9.762505
1753 1755 9.817247
1752 1756 13.090034000000001
1537 1757 0.43105699999999997
1757 1758 16.838691999999998
1757 1759 16.924441
1536 1760 4.532614
1760 1761 12.794237
1760 1762 11.799841
1533 1763 0.631011
1763 1764 0.10430199999999999
1764 1765 16.147966
1764 1766 4.697305999999999
1766 1767 11.197944999999999
1766 1768 11.438158
1763 1769 2.373228
1769 1770 14.624737
1769 1771 15.079179000000002
1532 1772 1
1772 1773 0.372594
1773 1774 14.634618
1773 1775 14.352966
1772 1776 0.170625
1776 1777 0.033824
1777 1778 0.384258
1778 1779 0.432292
1779 1780 1.333522
1780 1781 13.690321999999998
1780 1782 14.962972999999998
1779 1783 7.704205
1783 1784 8.48495
1783 1785 8.133961000000001
1778 1786 0.41536799999999996
1786 1787 15.822141
1786 1788 15.171173
1777 1789 1
1789 1790 0.33545400000000003
1790 1791 0.450683
1791 1792 18.235037000000002
1791 1793 16.244428
1790 1794 17.027827000000002
1789 1795 15.003015999999999
1776 1796 1
1796 1797 0.04317
1797 1798 14.662897999999998
1797 1799 14.993263
1796 1800 0.667857
1800 1801 0.687813
1801 1802 16.197725
1801 1803 17.995207
1800 1804 0.061769
1804 1805 0.7518119999999999
1805 1806 0.40037500000000004
1806 1807 0.360022
1807 1808 17.295838
1807 1809 19.046091
1806 1810 17.810942
1805 1811 1.6684109999999999
1811 1812 16.522347
1811 1813 16.619964
1804 1814 16.430007999999997
1523 1815 0.431804
1815 1816 14.011519
1815 1817 5.80701
1817 1818 9.251406
1817 1819 9.564257
1516 1820 1
1820 1821 0.655074
1821 1822 0.495257
1822 1823 1.550699
1823 1824 15.073723999999999
1823 1825 15.537545999999999
1822 1826 2.0906569999999998
1826 1827 13.834594
1826 1828 14.245635
1821 1829 0.134172
1829 1830 1
1830 1831 0.275602
1831 1832 14.594123
1831 1833 0.197167
1833 1834 0.132613
1834 1835 17.496598
1834 1836 14.022027000000001
1833 1837 0.157023
1837 1838 0.030761999999999998
1838 1839 0.280493
1839 1840 0.058033
1840 1841 1.628302
1841 1842 16.729424
1841 1843 16.508399
1840 1844 0.06701800000000001
1844 1845 14.760849
1844 1846 15.707155
1839 1847 0.483744
1847 1848 0.111396
1848 1849 0.15576800000000002
1849 1850 0.47866200000000003
1850 1851 0.36446500000000004
1851 1852 25.138863999999998
1851 1853 23.380716
1850 1854 17.878133
1849 1855 0.463698
1855 1856 0.222816
1856 1857 0.34987999999999997
1857 1858 18.327773
1857 1859 18.348444999999998
1856 1860 18.537417
1855 1861 0.085466
1861 1862 0.482554
1862 1863 0.315108
1863 1864 20.012688
1863 1865 0.808706
1865 1866 22.281382
1865 1867 17.785475
1862 1868 18.804053
1861 1869 17.945259999999998
1848 1870 1
1870 1871 0.838919
1871 1872 17.511141
1871 1873 0.7075790000000001
1873 1874 18.71721
1873 1875 21.397403
1870 1876 15.313315
1847 1877 1
1877 1878 19.257253
1877 1879 0.578995
1879 1880 0.207924
1880 1881 0.8330890000000001
1881 1882 17.820846000000003
1881 1883 0.9231849999999999
1883 1884 25.426737
1883 1885 26.387971999999998
1880 1886 17.778316
1879 1887 16.919057000000002
1838 1888 0.362595
1888 1889 17.021001
1888 1890 3.800394
1890 1891 15.714763000000001
1890 1892 17.284282
1837 1893 0.21306699999999998
1893 1894 0.8077559999999999
1894 1895 15.342457000000001
1894 1896 17.799855
1893 1897 0.44582600000000006
1897 1898 17.362519000000002
1897 1899 13.630795
1830 1900 0.156014
1900 1901 15.415261999999998
1900 1902 13.524565999999998
1829 1903 0.513587
1903 1904 1.142804
1904 1905 0.496348
1905 1906 1.2587789999999999
1906 1907 14.625119
1906 1908 14.219197999999999
1905 1909 14.285634
1904 1910 0.9092029999999999
1910 1911 1.035233
1911 1912 13.443912999999998
1911 1913 16.498781
1910 1914 15.798578
1903 1915 0.294087
1915 1916 0.526404
1916 1917 15.617284000000001
1916 1918 1.091158
1918 1919 14.977286000000001
1918 1920 2.931023
1920 1921 12.806654
1920 1922 13.267844
1915 1923 15.364856
1820 1924 0.07506299999999999
1924 1925 0.6332990000000001
1925 1926 14.076051
1925 1927 13.956423000000001
1924 1928 12.953138000000001
1515 1929 1
1929 1930 0.6441180000000001
1930 1931 14.259768000000001
1930 1932 0.425045
1932 1933 14.080812000000002
1932 1934 14.71575
1929 1935 12.848393
1514 1936 1
1936 1937 0.634816
1937 1938 0.366198
1938 1939 0.095803
1939 1940 0.531166
1940 1941 18.397133
1940 1942 17.132953
1939 1943 14.989369
1938 1944 1.43838
1944 1945 16.995907
1944 1946 15.955383000000001
1937 1947 0.23270500000000002
1947 1948 14.653835
1947 1949 0.675678
1949 1950 15.544675999999999
1949 1951 18.313968
1936 1952 0.24873
1952 1953 14.28808
1952 1954 14.556237999999999
1513 1955 0.929294
1955 1956 2.2904910000000003
1956 1957 10.504724999999999
1956 1958 10.507692
1955 1959 12.800244
1492 1960 3.5606989999999996
1960 1961 10.529823
1960 1962 9.718506
1491 1963 0.312217
1963 1964 14.145124000000001
1963 1965 13.935105
1490 1966 0.11935400000000002
1966 1967 13.311582999999999
1966 1968 0.17138399999999998
1968 1969 0.34908700000000004
1969 1970 14.735598999999999
1969 1971 0.64167
1971 1972 15.371072
1971 1973 14.667133
1968 1974 1
1974 1975 0.07360900000000001
1975 1976 14.102058000000001
1975 1977 13.88266
1974 1978 13.990383000000001
1447 1979 0.394185
1979 1980 13.697333
1979 1981 13.189008999999999
1446 1982 0.423547
1982 1983 0.506247
1983 1984 11.39002
1983 1985 15.591833
1982 1986 12.363859000000001
1445 1987 0.758137
1987 1988 0.217878
1988 1989 0.259488
1989 1990 0.5760959999999999
1990 1991 11.212994
1990 1992 11.232087
1989 1993 12.437276
1988 1994 12.291238
1987 1995 13.162697000000001
2 1996 14.740389
1 1997 11.369611
1 1998 12.317113
