1 2 0.147668
2 3 0.061428
3 4 0.22827
4 5 0.07246000000000001
5 6 1
6 7 0.045949000000000004
7 8 0.11722300000000001
8 9 0.043047
9 10 0.105287
10 11 0.455663
11 12 9.962886
11 13 9.560721
10 14 9.774026
9 15 10.383687
8 16 0.154353
16 17 0.068583
17 18 1
18 19 0.289611
19 20 0.46522100000000005
20 21 10.199505
20 22 2.986373
22 23 7.825690000000001
22 24 6.423566
19 25 0.15473900000000002
25 26 0.580083
26 27 9.71611
26 28 0.8614790000000001
28 29 2.4133109999999998
29 30 1.4978470000000002
30 31 4.854989
30 32 4.757942
29 33 6.264807
28 34 8.479722
25 35 10.260217
18 36 1
36 37 10.503669
36 38 0.305796
38 39 1.944047
39 40 3.107688
40 41 3.528131
41 42 2.150977
42 43 0.18998
42 44 0.192836
41 45 2.400278
40 46 1.4545789999999998
46 47 3.9980429999999996
46 48 4.168695
39 49 1.664336
49 50 0.606307
50 51 6.532759
50 52 6.653119
49 53 4.384548
53 54 2.743727
53 55 2.509357
55 56 0.295956
55 57 0.29953599999999997
38 58 0.058801000000000006
58 59 0.396543
59 60 0.399711
60 61 1.327885
61 62 0.702941
62 63 3.80176
63 64 3.653777
63 65 4.0025390000000005
62 66 7.640179
61 67 7.685271
60 68 0.285079
68 69 1.888387
69 70 10.693075
69 71 7.830958000000001
71 72 1.6028649999999998
71 73 1.629802
68 74 3.122165
74 75 9.413573999999999
74 76 9.216795999999999
59 77 1.541487
77 78 0.188667
78 79 8.226939
78 80 9.382589
77 81 8.445957
58 82 0.057984
82 83 1
83 84 1
84 85 10.753071
84 86 0.16161299999999998
86 87 0.8643700000000001
87 88 4.94832
88 89 4.864301
88 90 5.046375
87 91 10.257975
86 92 0.39309799999999995
92 93 1.129616
93 94 1.044266
94 95 8.951698
94 96 11.422611
93 97 0.922982
97 98 9.372743999999999
97 99 8.066644
92 100 1
100 101 0.062602
101 102 2.8607150000000003
102 103 8.178288
102 104 8.538003
101 105 0.088897
105 106 0.026436
106 107 2.708092
107 108 8.806447
107 109 9.100826
106 110 11.222150000000001
105 111 0.009755999999999999
111 112 0.980074
112 113 10.553561
112 114 10.501309000000001
111 115 1
115 116 0.008111
116 117 0.254016
117 118 1
118 119 0.174286
119 120 1
120 121 1.778287
121 122 10.269113
121 123 9.297029
120 124 0.20973699999999998
124 125 1.524056
125 126 12.567099
125 127 3.2510570000000003
127 128 0.354974
128 129 6.374274000000001
129 130 0.257214
129 131 0.253207
128 132 2.855841
132 133 4.326411
132 134 3.967932
127 135 6.918526
135 136 0.147829
135 137 0.149917
124 138 1
138 139 0.313712
139 140 1
140 141 0.8071470000000001
141 142 11.371108000000001
141 143 2.2613890000000003
143 144 9.071802
143 145 9.473498
140 146 0.036318
146 147 0.280874
147 148 1
148 149 1
149 150 11.607373
149 151 0.06339
151 152 12.027284
151 153 0.302137
153 154 0.22031699999999999
154 155 0.311553
155 156 1
156 157 0.461299
157 158 0.270054
158 159 0.287711
159 160 0.33222199999999996
160 161 1.241485
161 162 14.091539000000001
161 163 14.492042
160 164 12.83763
159 165 0.7346659999999999
165 166 1.342673
166 167 4.620444
167 168 8.535595
167 169 8.563512
166 170 12.542466
165 171 4.936546
171 172 8.596116
171 173 9.183552
158 174 0.273642
174 175 12.160774
174 176 13.317746
157 177 0.153418
177 178 0.289416
178 179 0.058998
179 180 13.510944
179 181 13.116024000000001
178 182 0.483324
182 183 12.048853
182 184 11.770798000000001
177 185 0.07025300000000001
185 186 12.271054000000001
185 187 0.723417
187 188 10.598739
187 189 11.562044
156 190 12.217118000000001
155 191 1
191 192 0.051212999999999995
192 193 2.94746
193 194 4.015332
194 195 5.589507
194 196 5.5546869999999995
193 197 10.127585999999999
192 198 1
198 199 0.353105
199 200 13.254304999999999
199 201 12.6921
198 202 0.131631
202 203 0.475524
203 204 13.529248999999998
203 205 11.991806
202 206 0.11138100000000001
206 207 1
207 208 12.243151
207 209 0.530948
209 210 1
210 211 12.520142
210 212 0.665118
212 213 4.720993
213 214 1.6077689999999998
214 215 7.119833000000001
214 216 7.044352
213 217 8.898399
212 218 0.527753
218 219 0.685211
219 220 1.6347440000000002
220 221 0.674137
221 222 0.888459
222 223 11.42421
222 224 11.927556000000001
221 225 12.595165
220 226 0.44133999999999995
226 227 12.35112
226 228 4.5119180000000005
228 229 1.048488
229 230 7.315993
229 231 7.231008
228 232 8.394302
219 233 3.8992310000000003
233 234 2.48942
234 235 8.637421
235 236 0.48642599999999997
235 237 0.491881
234 238 1.730508
238 239 7.662710000000001
238 240 7.905133999999999
233 241 10.446565
218 242 1
242 243 0.088184
243 244 0.209733
244 245 0.012375
245 246 0.88408
246 247 13.298893
246 248 2.2902180000000003
248 249 11.08005
248 250 11.208338
245 251 0.054666000000000006
251 252 0.550011
252 253 13.514085000000001
252 254 1.117986
254 255 14.238558000000001
254 256 14.515164
251 257 0.712939
257 258 1
258 259 1.049162
259 260 1
260 261 0.038411
261 262 0.603278
262 263 1
263 264 3.0444590000000002
264 265 11.445456
264 266 12.204055
263 267 0.8499690000000001
267 268 1
268 269 0.452657
269 270 13.579626000000001
269 271 15.982262
268 272 0.20578900000000003
272 273 0.562794
273 274 0.289838
274 275 1
275 276 19.138178
275 277 3.1927450000000004
277 278 14.974291000000001
277 279 14.800273
274 280 0.326271
280 281 0.188502
281 282 0.488009
282 283 18.440786
282 284 1.444369
284 285 17.886581
284 286 19.076413
281 287 1.596819
287 288 16.015272
287 289 16.056187
280 290 0.092186
290 291 1.0109949999999999
291 292 17.282265
291 293 0.06548899999999999
293 294 17.036883
293 295 0.8491230000000001
295 296 16.577562
295 297 18.088538
290 298 16.477437000000002
273 299 1
299 300 0.191688
300 301 0.236469
301 302 1
302 303 0.577346
303 304 0.40137999999999996
304 305 0.153095
305 306 0.45475000000000004
306 307 0.06130000000000001
307 308 0.8692500000000001
308 309 19.605758
308 310 18.207939
307 311 17.973796
306 312 0.48867700000000003
312 313 0.713487
313 314 20.478707
313 315 20.142305
312 316 17.874348
305 317 16.474216
304 318 16.402438
303 319 4.07665
319 320 2.756554
320 321 9.312
321 322 0.563153
321 323 0.43642200000000003
323 324 0.128713
323 325 0.126497
320 326 9.818012
319 327 13.211575999999999
302 328 14.810013
301 329 1
329 330 1
330 331 14.746249
330 332 0.289906
332 333 15.135779999999999
332 334 16.552863000000002
329 335 0.0009109999999999999
335 336 15.296377999999999
335 337 0.305251
337 338 0.036977
338 339 0.299658
339 340 0.045509
340 341 0.39005799999999996
341 342 15.866591
341 343 21.606825
340 344 17.1344
339 345 0.220643
345 346 1.4530990000000001
346 347 0.558438
347 348 17.569166
347 349 21.137767
346 350 21.857555
345 351 15.871034
338 352 16.052816
337 353 15.5809
300 354 0.215462
354 355 0.19640500000000002
355 356 17.653512
355 357 15.268649
354 358 0.866973
358 359 16.784995
358 360 17.881105
299 361 1
361 362 0.461119
362 363 0.8550749999999999
363 364 15.474889
363 365 16.17122
362 366 16.244032
361 367 14.949304999999999
272 368 1.381007
368 369 13.329764999999998
368 370 13.339738
267 371 4.787
371 372 2.596924
372 373 0.8748600000000001
373 374 8.828954999999999
374 375 5.5419860000000005
374 376 5.942489
373 377 1.359069
377 378 1.720205
378 379 2.3855769999999996
379 380 9.332532
379 381 9.085163
378 382 0.24367400000000003
382 383 0.5554629999999999
383 384 12.516931000000001
383 385 10.409483
382 386 11.418166000000001
377 387 1.583654
387 388 0.839353
388 389 3.11013
389 390 11.4091
389 391 1.117485
391 392 6.562231000000001
391 393 10.707016
388 394 10.589401
387 395 4.790311
395 396 6.604680999999999
395 397 7.176689
372 398 17.623385
371 399 0.788898
399 400 16.040524
399 401 15.690654
262 402 1
402 403 0.815715
403 404 0.416029
404 405 14.846026000000002
404 406 16.119521
403 407 15.173081999999999
402 408 13.316131
261 409 5.095015
409 410 8.706439000000001
409 411 9.115764
260 412 1.472947
412 413 12.488823
412 414 12.564346
259 415 0.012757
415 416 1
416 417 0.597781
417 418 1
418 419 0.072785
419 420 0.3321
420 421 0.047443
421 422 0.23609999999999998
422 423 0.266271
423 424 15.742607999999999
423 425 16.754202000000003
422 426 16.662695
421 427 15.710873
420 428 0.0045460000000000006
428 429 0.260618
429 430 15.428411
429 431 14.899109
428 432 18.412287
419 433 14.128713000000001
418 434 15.394016999999998
417 435 0.062424
435 436 13.646522
435 437 0.43259300000000006
437 438 13.676289
437 439 15.800529
416 440 13.205374
415 441 0.13936199999999999
441 442 0.861517
442 443 17.039524
442 444 17.796716
441 445 16.450265
258 446 0.37645
446 447 12.861623
446 448 12.829572
257 449 1
449 450 5.318356
450 451 9.122776
450 452 9.252384
449 453 0.142719
453 454 3.810178
454 455 10.639484000000001
454 456 11.095948
453 457 1
457 458 0.7921900000000001
458 459 0.010047
459 460 1
460 461 14.713147
460 462 0.327158
462 463 0.534613
463 464 0.651616
464 465 16.412636
464 466 15.76516
466 467 0.558497
466 468 0.547416
463 469 0.027102
469 470 13.979486
470 471 2.109216
470 472 2.144293
469 473 16.135358
462 474 3.703537
474 475 12.794623999999999
474 476 12.726431
459 477 1.3411879999999998
477 478 1.503356
478 479 8.875114
479 480 3.501708
479 481 3.516582
478 482 0.25398
482 483 7.466146999999999
483 484 5.35923
483 485 5.529754
482 486 10.792041
486 487 2.351428
486 488 2.284897
477 489 2.461679
489 490 12.951039999999999
489 491 11.931988
458 492 1
492 493 0.9632419999999999
493 494 0.8221579999999999
494 495 15.257802000000002
494 496 13.453385
493 497 0.41801099999999997
497 498 0.690836
498 499 0.023794
499 500 4.465657
500 501 12.037771999999999
500 502 12.334836000000001
499 503 0.481909
503 504 18.330577
503 505 3.4473900000000004
505 506 13.193294
505 507 16.92155
498 508 1
508 509 0.132199
509 510 0.550474
510 511 0.097638
511 512 0.017055
512 513 8.303633000000001
513 514 11.577621
513 515 11.859214
512 516 19.49305
511 517 1.0319399999999999
517 518 0.123781
518 519 3.949876
519 520 19.839807
519 521 19.887968
518 522 17.48781
517 523 21.613613
510 524 0.16831000000000002
524 525 0.230233
525 526 1.17524
526 527 1.530484
527 528 20.837805
527 529 21.186864999999997
526 530 10.389975
530 531 8.155719999999999
530 532 8.603106
525 533 19.597835
524 534 4.782394
534 535 3.6878180000000005
535 536 10.166697
535 537 10.505358
534 538 14.368328
509 539 17.598544999999998
508 540 17.94358
497 541 0.156854
541 542 15.032809
541 543 16.400623
492 544 15.773885000000002
457 545 13.875264000000001
244 546 5.438446
546 547 7.772284999999999
547 548 1.061523
547 549 1.065231
546 550 8.64626
243 551 6.974540999999999
551 552 1.6275330000000001
552 553 4.71155
552 554 4.646170000000001
551 555 6.369065
242 556 0.116484
556 557 13.335540000000002
556 558 12.866077
209 559 0.17840799999999998
559 560 14.216006
559 561 0.59872
561 562 13.022417
561 563 1.638061
563 564 5.30349
564 565 2.825938
565 566 2.620937
565 567 2.525809
564 568 5.447137
563 569 11.158472
206 570 9.461897
570 571 3.2342009999999997
570 572 3.231133
191 573 0.380459
573 574 1.253569
574 575 10.875856
574 576 11.327461
573 577 12.144985
154 578 1
578 579 0.047625
579 580 0.388034
580 581 0.10111899999999999
581 582 0.18571200000000002
582 583 12.113508000000001
582 584 12.344169
581 585 12.723688
580 586 0.297774
586 587 13.853824000000001
586 588 12.985819000000001
579 589 11.598361
578 590 11.838877
153 591 0.448364
591 592 0.8139749999999999
592 593 10.248187
592 594 10.636543
591 595 1.865736
595 596 10.9065
595 597 10.786396
148 598 2.6793
598 599 9.758415
598 600 9.637587
147 601 0.091515
601 602 0.09834799999999999
602 603 0.132078
603 604 0.375232
604 605 12.99658
604 606 12.907291
603 607 12.683041000000001
602 608 1.033075
608 609 11.035299
608 610 11.338159000000001
601 611 0.10063
611 612 1.894846
612 613 10.126168
612 614 9.588847000000001
614 615 0.740443
614 616 0.748285
611 617 12.171029
146 618 2.092178
618 619 9.849069
618 620 10.057354
139 621 1
621 622 12.006669
621 623 0.268957
623 624 1.659328
624 625 0.6371749999999999
625 626 18.347196
626 627 7.201441999999999
626 628 1.650742
628 629 0.596853
629 630 3.5238150000000004
630 631 0.57416
630 632 0.531753
629 633 3.6646159999999997
633 634 0.150897
633 635 0.146848
628 636 1.568638
636 637 3.176616
637 638 0.286835
637 639 0.138516
639 640 0.191301
639 641 0.148979
636 642 2.241168
642 643 0.45779200000000003
642 644 0.25467100000000004
644 645 0.052432
645 646 0.106466
645 647 0.10621000000000001
644 648 0.032638
648 649 0.12928900000000002
648 650 0.12592199999999998
625 651 0.203577
651 652 16.581892
651 653 0.581018
653 654 16.057061
653 655 22.437197
624 656 0.696255
656 657 0.42118099999999997
657 658 12.892841999999998
657 659 24.155222000000002
656 660 11.871461
623 661 17.800935000000003
138 662 0.227881
662 663 0.080443
663 664 13.169623999999999
663 665 7.608768
665 666 4.092617
665 667 4.244261
662 668 6.8544480000000005
668 669 4.845122
668 670 5.19316
119 671 0.752151
671 672 1.7809620000000002
672 673 9.769803000000001
672 674 2.182558
674 675 7.390834
674 676 7.538983000000001
671 677 0.19781400000000002
677 678 0.9083330000000001
678 679 10.151865
678 680 9.754558000000001
677 681 0.12314299999999999
681 682 10.519465
681 683 11.130896
118 684 11.477089
117 685 0.091639
685 686 0.360543
686 687 11.446377
686 688 0.186971
688 689 12.264469
688 690 11.895463000000001
685 691 0.15975
691 692 0.747542
692 693 10.620688000000001
692 694 11.75277
691 695 10.885805
116 696 11.038853999999999
115 697 11.033513000000001
100 698 0.707703
698 699 13.32139
698 700 17.941903
83 701 1.903351
701 702 9.045853
701 703 1.311442
703 704 7.64532
703 705 7.029286
82 706 0.005227
706 707 1.184095
707 708 8.952634
707 709 1.830012
709 710 6.726298
709 711 7.820703
706 712 0.44135700000000005
712 713 5.347061
713 714 1.932595
714 715 3.8898719999999996
714 716 3.7239090000000004
713 717 5.8513269999999995
712 718 3.2354819999999997
718 719 8.865537
718 720 3.235696
720 721 5.419004999999999
720 722 5.384908
17 723 0.038894
723 724 0.113109
724 725 0.31725400000000004
725 726 0.14785600000000002
726 727 0.291037
727 728 10.871317
727 729 11.374536
726 730 12.12921
725 731 11.239606
724 732 0.07062700000000001
732 733 0.19704000000000002
733 734 0.042183
734 735 10.906457999999999
734 736 10.148413000000001
733 737 0.39380200000000004
737 738 11.392521
737 739 12.512200000000002
732 740 0.419718
740 741 11.26677
740 742 9.7881
723 743 0.067326
743 744 0.247602
744 745 0.079848
745 746 10.525176
745 747 10.359554
744 748 0.07720199999999999
748 749 0.337017
749 750 10.508725
749 751 9.695444
748 752 10.679572
743 753 0.060442
753 754 1
754 755 0.602499
755 756 9.628935
755 757 10.490164
754 758 10.201414999999999
753 759 0.21385
759 760 0.384042
760 761 10.051771
760 762 10.024792
759 763 10.547476
16 764 0.188767
764 765 1
765 766 0.213053
766 767 0.000908
767 768 0.747644
768 769 0.286704
769 770 1.393856
770 771 2.4800050000000002
771 772 5.517756
771 773 5.456297999999999
770 774 8.217571
769 775 0.817233
775 776 0.514096
776 777 7.349621000000001
776 778 7.877942
775 779 1.404976
779 780 0.533826
780 781 6.778182000000001
780 782 5.365586
782 783 1.0968769999999999
782 784 1.114948
779 785 7.581232
768 786 0.269942
786 787 0.766811
787 788 7.688573
787 789 0.339647
789 790 0.569372
790 791 0.447675
791 792 7.361426
791 793 7.270645000000001
790 794 0.349858
794 795 8.085141
794 796 7.142422
789 797 8.219442
786 798 8.917248
767 799 9.904512
766 800 0.070723
800 801 10.341294
800 802 1.008937
802 803 7.740031999999999
803 804 1.542494
803 805 1.520033
802 806 9.422877
765 807 1.504744
807 808 3.191956
808 809 5.341585
808 810 5.462328
807 811 8.88801
764 812 1
812 813 0.819747
813 814 0.495483
814 815 1.781676
815 816 3.5360650000000002
816 817 4.308191
816 818 4.368968
815 819 9.266997
814 820 3.845251
820 821 5.904408
820 822 6.005418
813 823 0.622355
823 824 8.866499
823 825 9.125843999999999
812 826 9.78908
7 827 1.0296130000000001
827 828 0.8442130000000001
828 829 8.381642
828 830 2.0394550000000002
830 831 6.05799
830 832 6.192116
827 833 9.237346
6 834 2.7944199999999997
834 835 7.1764540000000006
834 836 7.370546999999999
5 837 0.209736
837 838 1.7586560000000002
838 839 8.808091999999998
838 840 2.463708
840 841 5.783792
840 842 5.700683
837 843 2.288481
843 844 7.586829000000001
843 845 4.471869
845 846 3.2333279999999998
845 847 3.2320059999999997
4 848 1
848 849 0.115585
849 850 1.260596
850 851 8.729092
850 852 8.710296
849 853 0.078876
853 854 0.053319
854 855 0.035463999999999996
855 856 1.610332
856 857 1.496052
857 858 7.705492
857 859 3.114793
859 860 3.4944580000000003
859 861 1.1205990000000001
861 862 2.3215079999999997
861 863 2.442422
856 864 2.336223
864 865 0.752609
865 866 4.8188889999999995
865 867 4.921647
864 868 6.265680999999999
855 869 0.066862
869 870 0.12092900000000001
870 871 0.017972
871 872 0.014724000000000001
872 873 0.053392
873 874 0.031549
874 875 9.532783
874 876 0.054295
876 877 0.103184
877 878 0.097251
878 879 0.035564
879 880 0.342254
880 881 8.91628
880 882 9.033529
879 883 10.142646
878 884 9.782295000000001
877 885 0.005059
885 886 0.31873
886 887 8.85919
886 888 9.345829
885 889 0.111938
889 890 0.24584699999999998
890 891 8.757242
890 892 8.894821
889 893 0.317743
893 894 8.937974
893 895 8.926765
876 896 0.019496
896 897 0.097149
897 898 5.096991
898 899 4.158572
898 900 4.263376
897 901 0.090318
901 902 0.107913
902 903 0.194025
903 904 0.630536
904 905 2.0923480000000003
905 906 7.267278000000001
905 907 7.322258
904 908 0.349875
908 909 0.843938
909 910 1.6665159999999999
910 911 6.171232
910 912 6.291549000000001
909 913 8.074019999999999
908 914 0.6443960000000001
914 915 3.4176110000000004
915 916 4.456595
915 917 4.433239
914 918 8.641087
903 919 1.8830989999999999
919 920 7.897867
919 921 7.840117
902 922 0.323409
922 923 0.204018
923 924 2.659692
924 925 6.341714
924 926 6.206138
923 927 1.381141
927 928 6.800968999999999
927 929 7.618427
922 930 0.378402
930 931 0.016318
931 932 0.9801300000000001
932 933 0.12064300000000001
933 934 0.976474
934 935 5.39795
934 936 5.448498
933 937 0.816793
937 938 1.076074
938 939 4.759498
938 940 4.513152
937 941 0.628818
941 942 2.73305
942 943 2.534525
942 944 2.995037
941 945 5.454955
932 946 2.900014
946 947 2.246968
947 948 2.21061
947 949 2.213039
946 950 4.8989270000000005
931 951 1.02711
951 952 1.9203999999999999
952 953 4.549102
952 954 5.063828
951 955 1.737618
955 956 4.581621999999999
955 957 4.733562999999999
930 958 1.359549
958 959 0.42051399999999994
959 960 2.732027
960 961 3.2470909999999997
961 962 1.348401
961 963 1.373845
960 964 3.080004
964 965 1.963306
964 966 1.9499229999999999
959 967 0.641416
967 968 7.571004
967 969 2.450987
969 970 2.111822
970 971 2.157484
970 972 2.05349
969 973 4.417314
958 974 0.7088439999999999
974 975 0.22238700000000003
975 976 0.26607200000000003
976 977 5.274949
976 978 0.701232
978 979 7.608624
978 980 5.279508
975 981 1.7190980000000002
981 982 4.085223
981 983 4.4217960000000005
974 984 3.7751970000000004
984 985 3.438225
984 986 3.7502059999999995
901 987 0.019659000000000003
987 988 0.930648
988 989 0.8382239999999999
989 990 1.181207
990 991 1.479679
991 992 4.940404
991 993 0.38040999999999997
993 994 0.351589
994 995 0.9667699999999999
995 996 0.8632549999999999
996 997 2.319548
996 998 2.869734
995 999 3.3477189999999997
994 1000 4.289218
993 1001 4.515266
990 1002 6.457338
989 1003 7.654304000000001
988 1004 9.86316
987 1005 0.047255000000000005
1005 1006 0.019411
1006 1007 0.726682
1007 1008 3.588562
1008 1009 5.037723000000001
1008 1010 5.170699
1007 1011 9.193233000000001
1006 1012 0.01952
1012 1013 0.033614000000000005
1013 1014 1
1014 1015 0.824427
1015 1016 8.381948999999999
1015 1017 8.504482
1014 1018 1
1018 1019 0.065308
1019 1020 0.034440000000000005
1020 1021 0.908752
1021 1022 8.628124
1021 1023 8.173237
1020 1024 1
1024 1025 0.026094
1025 1026 0.076626
1026 1027 0.020136
1027 1028 0.066581
1028 1029 1.4399469999999999
1029 1030 7.581156
1029 1031 7.688942
1028 1032 0.325259
1032 1033 8.154719
1032 1034 8.901853
1027 1035 0.009576000000000001
1035 1036 7.237449
1036 1037 1.491179
1036 1038 1.528813
1035 1039 0.057064
1039 1040 0.044121999999999995
1040 1041 0.059128999999999994
1041 1042 1
1042 1043 12.481974
1042 1044 0.21981599999999998
1044 1045 0.102049
1045 1046 1
1046 1047 0.079745
1047 1048 1
1048 1049 0.316494
1049 1050 0.059786
1050 1051 2.1006270000000002
1051 1052 2.243796
1052 1053 1.449381
1053 1054 0.143431
1054 1055 2.530113
1054 1056 2.489027
1053 1057 0.832984
1057 1058 0.51538
1058 1059 1.255041
1058 1060 1.254529
1057 1061 0.9946160000000001
1061 1062 0.589096
1062 1063 0.168073
1062 1064 0.172207
1061 1065 0.6656890000000001
1065 1066 0.085411
1065 1067 0.084729
1052 1068 2.8468009999999997
1068 1069 1.241794
1068 1070 0.37032800000000005
1070 1071 0.7871059999999999
1071 1072 0.087798
1071 1073 0.082342
1070 1074 0.074322
1074 1075 0.79781
1074 1076 0.903593
1076 1077 0.08637
1076 1078 0.08377
1051 1079 0.64129
1079 1080 5.658723
1079 1081 5.7832170000000005
1050 1082 1
1082 1083 0.23543399999999998
1083 1084 2.11422
1084 1085 1.6150740000000001
1085 1086 4.409478
1085 1087 4.480356
1084 1088 0.777525
1088 1089 5.593599
1088 1090 5.635665
1083 1091 1
1091 1092 0.19705899999999998
1092 1093 8.381608
1092 1094 8.207078
1091 1095 0.085818
1095 1096 0.075574
1096 1097 8.026952
1096 1098 0.373729
1098 1099 8.198319
1098 1100 7.879944999999999
1095 1101 1
1101 1102 0.225391
1102 1103 0.07555100000000001
1103 1104 2.73351
1104 1105 2.3303830000000003
1105 1106 0.640402
1106 1107 1.475029
1107 1108 0.093412
1108 1109 0.079956
1109 1110 0.486871
1109 1111 0.21495799999999998
1111 1112 0.279035
1111 1113 0.273921
1108 1114 0.167396
1114 1115 0.39696899999999996
1114 1116 0.177254
1116 1117 0.214018
1116 1118 0.211333
1107 1119 0.653315
1106 1120 0.812279
1120 1121 0.911227
1121 1122 0.342454
1121 1123 0.338107
1120 1124 1.056021
1124 1125 0.441994
1124 1126 0.45124299999999995
1105 1127 2.882915
1104 1128 0.376437
1128 1129 0.994944
1129 1130 0.975817
1130 1131 2.963858
1130 1132 1.055709
1132 1133 2.145401
1132 1134 2.1081079999999996
1129 1135 4.138039
1128 1136 0.534411
1136 1137 1.571845
1137 1138 2.8058240000000003
1137 1139 2.681202
1136 1140 1.9160329999999999
1140 1141 2.986812
1140 1142 2.797961
1103 1143 1.21384
1143 1144 3.2745509999999998
1144 1145 3.3667290000000003
1144 1146 3.4814209999999997
1143 1147 6.997673
1102 1148 1
1148 1149 0.119432
1149 1150 0.003451
1150 1151 1
1151 1152 0.205009
1152 1153 0.01748
1153 1154 3.113505
1154 1155 2.6879340000000003
1155 1156 2.019927
1155 1157 2.063442
1154 1158 5.15979
1153 1159 0.042648000000000005
1159 1160 0.39346600000000004
1160 1161 2.312734
1161 1162 5.7575590000000005
1161 1163 6.152266
1160 1164 7.746815999999999
1159 1165 1
1165 1166 8.278983
1165 1167 0.132961
1167 1168 0.110698
1168 1169 0.042225
1169 1170 7.571556
1169 1171 0.318704
1171 1172 7.4914819999999995
1171 1173 7.56594
1168 1174 7.600016
1167 1175 0.11581
1175 1176 0.245409
1176 1177 0.8545729999999999
1177 1178 0.133104
1178 1179 1.167145
1179 1180 5.75057
1179 1181 5.308554
1178 1182 6.425369
1177 1183 0.605028
1183 1184 5.950885
1183 1185 6.001476
1176 1186 0.189406
1186 1187 0.11277800000000002
1187 1188 0.559388
1188 1189 6.899614
1188 1190 6.966825999999999
1187 1191 6.820450999999999
1186 1192 7.0522409999999995
1175 1193 0.012029999999999999
1193 1194 0.28208700000000003
1194 1195 7.789596
1194 1196 0.100664
1196 1197 7.188089000000001
1196 1198 7.401447
1193 1199 0.135784
1199 1200 0.10386200000000001
1200 1201 0.075693
1201 1202 0.160281
1202 1203 7.1973579999999995
1202 1204 0.22501600000000002
1204 1205 6.951142000000001
1204 1206 7.127973999999999
1201 1207 0.7855559999999999
1207 1208 6.635368
1207 1209 6.678116000000001
1200 1210 0.133777
1210 1211 0.10140800000000001
1211 1212 0.12264599999999999
1212 1213 7.208142
1212 1214 7.041113
1211 1215 7.150855
1210 1216 0.134189
1216 1217 7.122497
1216 1218 7.254364000000001
1199 1219 0.017696
1219 1220 0.016331000000000002
1220 1221 0.12691
1221 1222 0.039744
1222 1223 0.122711
1223 1224 7.089935
1223 1225 7.159321
1222 1226 0.296913
1226 1227 7.128713
1226 1228 0.102253
1228 1229 6.839263
1228 1230 6.899571
1221 1231 0.033665
1231 1232 7.122356000000001
1231 1233 0.214947
1233 1234 7.275397
1233 1235 6.846252999999999
1220 1236 0.24678899999999998
1236 1237 0.277663
1237 1238 7.304486000000001
1237 1239 7.625331
1236 1240 0.11578599999999999
1240 1241 7.170935
1240 1242 7.248461000000001
1219 1243 1
1243 1244 0.072453
1244 1245 1.2160060000000001
1245 1246 6.708163000000001
1245 1247 6.222505
1244 1248 0.070488
1248 1249 0.718824
1249 1250 6.986836
1249 1251 6.5393229999999996
1248 1252 0.068755
1252 1253 1
1253 1254 0.53925
1254 1255 7.201707
1254 1256 7.430365
1253 1257 0.102954
1257 1258 0.6663859999999999
1258 1259 6.784496
1258 1260 7.252084
1257 1261 0.013426
1261 1262 1
1262 1263 7.8019870000000004
1262 1264 0.249344
1264 1265 0.091247
1265 1266 1
1266 1267 0.156413
1267 1268 0.017471
1268 1269 0.318192
1269 1270 6.7377839999999996
1269 1271 6.363024
1268 1272 7.401927
1267 1273 1
1273 1274 1
1274 1275 0.386999
1275 1276 1
1276 1277 0.156771
1277 1278 0.021105000000000002
1278 1279 0.323834
1279 1280 6.865880000000001
1279 1281 6.319999
1278 1282 6.907131
1277 1283 6.97431
1276 1284 1
1284 1285 1
1285 1286 0.305583
1286 1287 0.065028
1287 1288 7.260967999999999
1287 1289 0.246475
1289 1290 7.280171
1289 1291 6.84148
1286 1292 1
1292 1293 0.34299
1293 1294 6.931025
1293 1295 7.318231
1292 1296 0.168122
1296 1297 0.010731000000000001
1297 1298 0.023797
1298 1299 0.138666
1299 1300 1
1300 1301 1
1301 1302 0.7216440000000001
1302 1303 1
1303 1304 1.519452
1304 1305 1.957279
1305 1306 1.111874
1306 1307 1.7515969999999998
1306 1308 1.1620570000000001
1308 1309 0.489622
1308 1310 0.488685
1305 1311 2.8039069999999997
1304 1312 2.927235
1312 1313 2.005137
1312 1314 1.9506260000000002
1303 1315 6.946013
1302 1316 1
1316 1317 0.599376
1317 1318 1
1318 1319 0.057049
1319 1320 7.459728999999999
1319 1321 0.48784099999999997
1321 1322 1.6900350000000002
1322 1323 1.7139890000000002
1323 1324 2.833059
1323 1325 2.866644
1322 1326 4.79388
1321 1327 1
1327 1328 0.142344
1328 1329 0.389306
1329 1330 0.19651999999999997
1330 1331 0.310385
1331 1332 1
1332 1333 6.827996
1332 1334 0.007681
1334 1335 7.018064
1334 1336 0.09537000000000001
1336 1337 0.386733
1337 1338 0.27673400000000004
1338 1339 1
1339 1340 0.176721
1340 1341 1
1341 1342 0.392131
1342 1343 0.331455
1343 1344 1
1344 1345 0.14115
1345 1346 0.041315
1346 1347 0.46316999999999997
1347 1348 0.24071499999999998
1348 1349 0.168202
1349 1350 0.07505600000000001
1350 1351 1
1351 1352 0.05597799999999999
1352 1353 0.182055
1353 1354 0.429416
1354 1355 1
1355 1356 1
1356 1357 0.37456
1357 1358 1
1358 1359 0.036286
1359 1360 0.19157200000000002
1360 1361 0.022865
1361 1362 0.009416
1362 1363 0.047428
1363 1364 0.252039
1364 1365 1
1365 1366 0.03631
1366 1367 0.161498
1367 1368 0.030402000000000002
1368 1369 4.192564
1368 1370 0.340025
1370 1371 1
1371 1372 0.25674399999999997
1372 1373 1
1373 1374 0.34111800000000003
1374 1375 0.247804
1375 1376 1
1376 1377 0.18928899999999999
1377 1378 3.602292
1377 1379 3.6286739999999997
1376 1380 0.24071
1380 1381 0.142707
1381 1382 0.08218099999999999
1382 1383 3.1415659999999996
1382 1384 3.0685569999999998
1381 1385 0.060104
1385 1386 0.445115
1386 1387 2.695928
1386 1388 2.706029
1385 1389 3.2554380000000003
1380 1390 0.133101
1390 1391 1
1391 1392 0.346973
1392 1393 0.132004
1393 1394 1
1394 1395 0.149671
1395 1396 0.507176
1396 1397 1
1397 1398 0.6336740000000001
1398 1399 1
1399 1400 0.045162
1400 1401 0.022838
1401 1402 0.503235
1402 1403 0.049851
1403 1404 1
1404 1405 0.21920699999999999
1405 1406 0.041949
1406 1407 0.038902
1407 1408 0.410377
1408 1409 0.10296700000000002
1409 1410 0.24588700000000002
1410 1411 1.45964
1410 1412 1.432746
1409 1413 0.027727999999999996
1413 1414 1
1414 1415 0.20139899999999997
1415 1416 0.081606
1416 1417 0.27184
1417 1418 1.1918039999999999
1417 1419 0.325104
1419 1420 0.17433200000000001
1420 1421 0.06592100000000001
1421 1422 0.66244
1421 1423 0.168448
1423 1424 0.229581
1424 1425 0.27666999999999997
1424 1426 0.31882099999999997
1423 1427 0.493516
1420 1428 0.765087
1419 1429 2.190292
1416 1430 3.1437069999999996
1415 1431 5.407821
1414 1432 1.859025
1413 1433 0.713485
1433 1434 0.9204709999999999
1433 1435 0.9085380000000001
1408 1436 0.069246
1436 1437 0.18344100000000002
1437 1438 1.536015
1437 1439 1.569046
1436 1440 1.7093710000000002
1407 1441 2.127269
1406 1442 2.182832
1405 1443 2.473023
1404 1444 3.5781849999999995
1403 1445 0.289058
1445 1446 2.06926
1445 1447 2.014109
1402 1448 0.483908
1448 1449 1.799452
1448 1450 1.816031
1401 1451 2.768411
1400 1452 3.151013
1399 1453 2.8503879999999997
1398 1454 0.9036759999999999
1454 1455 1.86253
1454 1456 2.008163
1397 1457 4.6915510000000005
1396 1458 0.30986600000000003
1458 1459 1.3036880000000002
1459 1460 1.218537
1459 1461 1.163429
1458 1462 2.460668
1395 1463 3.2005190000000003
1394 1464 3.355293
1393 1465 0.085516
1465 1466 3.311919
1465 1467 3.238485
1392 1468 0.023424
1468 1469 3.398631
1468 1470 3.364449
1391 1471 0.144121
1471 1472 3.9089449999999997
1471 1473 3.7473710000000002
1390 1474 1
1474 1475 0.7061689999999999
1475 1476 0.604185
1476 1477 1.967685
1476 1478 1.2224469999999998
1478 1479 0.747348
1478 1480 0.783916
1475 1481 2.617994
1474 1482 3.2825390000000003
1375 1483 1
1483 1484 0.201206
1484 1485 0.670834
1485 1486 2.581386
1485 1487 2.607896
1484 1488 3.221127
1483 1489 3.481322
1374 1490 3.59277
1373 1491 3.967589
1372 1492 0.20289800000000002
1492 1493 3.477372
1492 1494 3.498383
1371 1495 0.23081
1495 1496 3.7958730000000003
1495 1497 3.902978
1370 1498 1
1498 1499 3.949705
1498 1500 0.303804
1500 1501 3.507483
1500 1502 3.468272
1367 1503 4.129551
1366 1504 4.315626
1365 1505 4.465911
1364 1506 0.108316
1506 1507 4.118722
1506 1508 4.260691
1363 1509 4.685941
1362 1510 4.519339
1361 1511 4.572024
1360 1512 4.562045
1359 1513 4.828135
1358 1514 9.274928000000001
1357 1515 0.371213
1515 1516 4.027494
1515 1517 4.139244000000001
1356 1518 4.92762
1355 1519 0.446504
1519 1520 4.457724
1519 1521 4.68732
1354 1522 0.189561
1522 1523 0.130616
1523 1524 0.12816
1524 1525 4.033119
1524 1526 3.9209430000000003
1523 1527 4.082814
1522 1528 4.236135
1353 1529 4.978396999999999
1352 1530 5.624063
1351 1531 5.224759
1350 1532 0.007235
1532 1533 0.2254
1533 1534 4.437181
1533 1535 4.367582
1532 1536 4.793741
1349 1537 0.281309
1537 1538 0.703002
1538 1539 3.723738
1538 1540 3.762438
1537 1541 4.5713490000000006
1348 1542 1
1542 1543 0.06862
1543 1544 0.214161
1544 1545 0.184881
1545 1546 4.563296
1545 1547 0.09429599999999999
1547 1548 4.364897
1547 1549 4.397331
1544 1550 4.6823120000000005
1543 1551 4.934311
1542 1552 5.069764
1347 1553 5.136519
1346 1554 5.617498
1345 1555 5.747078
1344 1556 5.889939
1343 1557 0.373943
1557 1558 1.9953100000000001
1558 1559 2.941655
1558 1560 2.843117
1557 1561 4.980445
1342 1562 1
1562 1563 5.806317
1562 1564 4.210697
1564 1565 1.410605
1564 1566 1.481781
1341 1567 6.228723
1340 1568 0.614295
1568 1569 4.935307
1568 1570 5.14551
1339 1571 0.19803199999999999
1571 1572 5.633641000000001
1571 1573 5.978439
1338 1574 0.606433
1574 1575 0.270601
1575 1576 4.834318
1575 1577 4.821148
1574 1578 5.492904
1337 1579 0.074721
1579 1580 6.106577
1579 1581 5.973389
1336 1582 6.586443999999999
1331 1583 1
1583 1584 6.245141
1583 1585 1.450658
1585 1586 0.136801
1586 1587 1.4362329999999999
1587 1588 0.967492
1588 1589 2.403744
1588 1590 2.06244
1587 1591 3.3072850000000003
1586 1592 0.28840099999999996
1592 1593 1.018315
1593 1594 0.41007099999999996
1594 1595 0.165293
1595 1596 1.127937
1596 1597 1.459717
1596 1598 1.560274
1598 1599 1
1598 1600 1
1595 1601 2.449519
1594 1602 0.072588
1602 1603 2.5263899999999997
1602 1604 0.280926
1604 1605 2.143398
1604 1606 2.237717
1593 1607 0.21153
1607 1608 0.500843
1608 1609 0.258683
1609 1610 2.357523
1609 1611 0.865815
1611 1612 1.38911
1612 1613 1
1612 1614 1
1611 1615 1.290601
1608 1616 1.451767
1616 1617 0.8884629999999999
1616 1618 0.770405
1607 1619 0.6491549999999999
1619 1620 2.0270449999999998
1619 1621 0.503396
1621 1622 0.034351
1622 1623 1.45543
1623 1624 0.02131
1623 1625 0.021225
1622 1626 1.564562
1621 1627 1.508011
1627 1628 0.021331
1627 1629 0.021204
1592 1630 0.306914
1630 1631 3.518341
1630 1632 1.018767
1632 1633 2.3820609999999998
1632 1634 2.509474
1634 1635 0.085944
1634 1636 0.084196
1585 1637 0.86829
1637 1638 0.573701
1638 1639 3.0556650000000003
1638 1640 2.856713
1637 1641 0.968196
1641 1642 2.342264
1641 1643 2.591806
1330 1644 2.124635
1644 1645 3.87737
1644 1646 3.6726090000000005
1646 1647 0.19272899999999998
1646 1648 0.190087
1329 1649 1.231888
1649 1650 4.7867750000000004
1649 1651 4.911226
1328 1652 6.932623
1327 1653 6.9544250000000005
1318 1654 9.245929
1317 1655 0.20031
1655 1656 6.6834169999999995
1655 1657 4.482044999999999
1657 1658 2.4053850000000003
1657 1659 2.40108
1316 1660 8.31833
1301 1661 7.449487
1300 1662 0.21289899999999998
1662 1663 6.801011999999999
1662 1664 7.320639
1299 1665 0.013282999999999998
1665 1666 6.582679
1665 1667 0.201668
1667 1668 6.198445
1667 1669 6.604617
1298 1670 0.178979
1670 1671 6.6668
1670 1672 6.901894
1297 1673 0.590799
1673 1674 6.336737
1673 1675 3.042251
1675 1676 3.326496
1675 1677 3.2664440000000003
1296 1678 2.269559
1678 1679 1.33769
1679 1680 3.2000840000000004
1679 1681 3.26525
1678 1682 4.659758
1285 1683 7.501711
1284 1684 0.154535
1684 1685 7.160301
1684 1686 7.216559999999999
1275 1687 1
1687 1688 0.167124
1688 1689 0.12778699999999998
1689 1690 0.06469899999999999
1690 1691 6.576275
1690 1692 6.822279000000001
1689 1693 6.8047189999999995
1688 1694 0.093193
1694 1695 0.151518
1695 1696 0.097065
1696 1697 6.28034
1696 1698 6.054836
1695 1699 0.27193500000000004
1699 1700 0.36046
1700 1701 5.5840309999999995
1700 1702 5.475093
1699 1703 6.083606
1694 1704 0.178401
1704 1705 6.555028
1704 1706 6.418175
1687 1707 0.280396
1707 1708 6.884633
1707 1709 6.854202
1274 1710 7.316625
1273 1711 0.957619
1711 1712 6.5023919999999995
1711 1713 6.640951
1266 1714 0.167659
1714 1715 7.186960000000001
1714 1716 7.232436000000001
1265 1717 1.583453
1717 1718 4.870791
1718 1719 0.8063980000000001
1718 1720 0.639795
1717 1721 6.103263
1264 1722 2.3578390000000002
1722 1723 5.033333
1722 1724 5.217624
1261 1725 0.488668
1725 1726 7.133962
1725 1727 7.115294
1252 1728 1
1728 1729 0.322583
1729 1730 0.07529999999999999
1730 1731 7.047357
1730 1732 6.691477
1729 1733 7.410876
1728 1734 8.060087000000001
1243 1735 2.17955
1735 1736 5.715365
1735 1737 5.556433999999999
1152 1738 1
1738 1739 1.297555
1739 1740 6.553813999999999
1739 1741 6.92981
1738 1742 8.294108
1151 1743 3.95092
1743 1744 4.48422
1743 1745 1.172947
1745 1746 3.342606
1745 1747 3.2503329999999995
1150 1748 1
1748 1749 3.696989
1749 1750 1.008887
1750 1751 3.508207
1750 1752 3.254872
1749 1753 1.015548
1753 1754 1.349071
1754 1755 2.1435470000000003
1754 1756 2.195032
1753 1757 3.478662
1748 1758 8.516698
1149 1759 0.235987
1759 1760 0.065226
1760 1761 0.021194
1761 1762 0.342171
1762 1763 0.17164400000000002
1763 1764 7.492164
1763 1765 7.139906999999999
1762 1766 7.442137
1761 1767 7.909135000000001
1760 1768 7.835968
1759 1769 0.129973
1769 1770 0.044028
1770 1771 7.869162
1770 1772 7.783751
1769 1773 7.9525689999999996
1148 1774 1.42865
1774 1775 7.026878
1774 1776 6.924632
1101 1777 3.8166819999999997
1777 1778 4.561292
1777 1779 4.668823
1082 1780 1.516664
1780 1781 7.121449
1780 1782 1.6833150000000001
1782 1783 5.694034
1782 1784 5.492695
1049 1785 1.875042
1785 1786 0.898713
1786 1787 2.6768460000000003
1787 1788 2.878393
1787 1789 0.949766
1789 1790 2.175299
1789 1791 2.0782100000000003
1786 1792 3.215385
1792 1793 3.044437
1792 1794 0.804988
1794 1795 2.226912
1794 1796 2.324342
1785 1797 1.254912
1797 1798 0.300097
1798 1799 1.857519
1799 1800 3.1528599999999996
1799 1801 3.142333
1798 1802 4.969364
1797 1803 0.11364700000000001
1803 1804 0.142891
1804 1805 5.058606999999999
1804 1806 5.10728
1803 1807 0.914508
1807 1808 4.175423
1807 1809 1.455183
1809 1810 1.823804
1810 1811 1.335657
1810 1812 0.918703
1809 1813 1.2703570000000002
1813 1814 0.9472059999999999
1814 1815 0.517368
1814 1816 0.503474
1813 1817 1.456027
1048 1818 8.715634999999999
1047 1819 0.37978500000000004
1819 1820 8.555605
1819 1821 7.905474999999999
1046 1822 0.217906
1822 1823 8.239086
1822 1824 8.604811
1045 1825 0.028532
1825 1826 0.23168300000000003
1826 1827 0.8792350000000001
1827 1828 2.81315
1828 1829 4.56402
1828 1830 4.45342
1827 1831 7.948228
1826 1832 8.604146
1825 1833 0.08685999999999999
1833 1834 0.175369
1834 1835 0.099202
1835 1836 8.036852
1835 1837 7.786202
1834 1838 8.450351000000001
1833 1839 0.11721999999999999
1839 1840 0.157299
1840 1841 7.932880000000001
1840 1842 7.890174
1839 1843 8.43479
1044 1844 0.275983
1844 1845 8.289569
1844 1846 8.469256999999999
1041 1847 0.10145799999999999
1847 1848 0.131887
1848 1849 8.948649999999999
1848 1850 7.937780999999999
1847 1851 0.137288
1851 1852 5.126118
1852 1853 3.73124
1852 1854 3.882542
1851 1855 8.506378
1040 1856 0.151392
1856 1857 8.552132
1856 1858 8.887256
1039 1859 0.7915409999999999
1859 1860 8.083266
1859 1861 8.377815
1026 1862 0.595598
1862 1863 0.726584
1863 1864 7.458537
1863 1865 7.683956
1862 1866 8.950149
1025 1867 1.108522
1867 1868 7.43577
1867 1869 3.176736
1869 1870 5.072501
1869 1871 5.135921000000001
1024 1872 9.006169
1019 1873 9.635648
1018 1874 9.235617999999999
1013 1875 0.19532500000000003
1875 1876 9.000115000000001
1875 1877 1.4274850000000001
1877 1878 7.8885
1877 1879 1.8733039999999999
1879 1880 5.662132000000001
1879 1881 5.567132
1012 1882 1.5753400000000002
1882 1883 7.933583
1882 1884 7.54919
1005 1885 2.914635
1885 1886 1.6477760000000001
1886 1887 4.53881
1886 1888 4.606235
1885 1889 6.774172
896 1890 0.145
1890 1891 0.017602
1891 1892 0.271459
1892 1893 0.147017
1893 1894 0.198277
1894 1895 9.711171
1894 1896 10.492998
1893 1897 9.776202000000001
1892 1898 10.073293
1891 1899 0.7934729999999999
1899 1900 8.977098999999999
1899 1901 9.100315
1890 1902 0.089809
1902 1903 0.07641300000000001
1903 1904 0.11705000000000002
1904 1905 0.528075
1905 1906 0.74627
1906 1907 7.331661
1906 1908 3.238309
1908 1909 4.720223
1908 1910 4.765102000000001
1905 1911 8.035346
1904 1912 9.263736999999999
1903 1913 8.724902
1902 1914 0.165688
1914 1915 0.076059
1915 1916 0.062715
1916 1917 9.081796
1916 1918 8.740407
1915 1919 9.805426
1914 1920 8.45259
873 1921 0.150192
1921 1922 9.643191
1921 1923 9.284925
872 1924 0.149393
1924 1925 0.448839
1925 1926 8.703519
1925 1927 8.948544
1924 1928 0.242356
1928 1929 9.956472
1928 1930 10.077556
871 1931 1.9102219999999999
1931 1932 7.53911
1931 1933 1.8398769999999998
1933 1934 5.861468
1933 1935 6.133427999999999
870 1936 1.435238
1936 1937 8.131768000000001
1936 1938 8.201708
869 1939 0.143596
1939 1940 0.16808700000000001
1940 1941 0.169095
1941 1942 9.093943
1941 1943 10.089383
1940 1944 9.358765
1939 1945 0.177546
1945 1946 0.004761
1946 1947 9.24333
1946 1948 0.082489
1948 1949 0.405802
1949 1950 9.832212
1949 1951 9.053368
1948 1952 0.040816000000000005
1952 1953 9.185641
1952 1954 9.955150999999999
1945 1955 0.8198409999999999
1955 1956 9.162285
1955 1957 9.595691
854 1958 0.051210000000000006
1958 1959 10.285499
1958 1960 0.24578299999999997
1960 1961 0.116065
1961 1962 9.143042
1961 1963 9.402258
1960 1964 9.475598
853 1965 0.079778
1965 1966 7.813711
1966 1967 1.981227
1966 1968 2.229747
1965 1969 9.710746
848 1970 0.244266
1970 1971 0.037161
1971 1972 0.079308
1972 1973 2.202752
1973 1974 7.071566
1973 1975 7.688111
1972 1976 0.23786
1976 1977 11.029264
1976 1978 1.162357
1978 1979 1.713126
1979 1980 6.859337999999999
1979 1981 7.177243
1978 1982 1.296231
1982 1983 6.360892999999999
1982 1984 6.612310000000001
1971 1985 9.529735
1970 1986 0.421747
1986 1987 0.603811
1987 1988 0.32947699999999996
1988 1989 4.860893
1989 1990 5.500643999999999
1989 1991 5.005524
1988 1992 9.452166
1987 1993 10.151459000000001
1986 1994 9.682467
3 1995 10.735797
2 1996 10.783851
1 1997 10.713835
1 1998 9.788079
