1 2 40.196666
2 3 504.106234
3 4 236.044738
4 5 63.900915000000005
5 6 34.303196
6 7 17.070663
7 8 16.415058
8 9 9.635924
9 10 4.9005279999999996
10 11 3.8947839999999996
11 12 2.465162
12 13 1.7800909999999999
13 14 1.5171810000000001
14 15 1.8090950000000001
15 16 2.409884
16 17 1.099425
17 18 2.268047
18 19 0.908987
19 20 0.455465
20 21 0.17605500000000002
21 22 0.19890799999999997
22 23 0.101942
23 24 0.113496
24 25 0.084042
25 26 0.06747500000000001
26 27 0.046291000000000006
27 28 0.030477
28 29 0.134522
29 30 0.074265
30 31 0.060324
31 32 0.087962
32 33 0.031568
33 34 0.019107
34 35 0.046045
35 36 0.022283
36 37 0.022328
37 38 0.063265
38 39 0.030357000000000002
39 40 0.141779
40 41 0.118083
41 42 0.014712
42 43 0.055284
43 44 0.065913
44 45 0.017148
45 46 0.005411
46 47 0.007394
47 48 0.003031
48 49 0.0014579999999999999
49 50 0.010515
50 51 0.00233
51 52 0.00743
52 53 0.005134
53 54 0.003407
54 55 0.0015069999999999999
55 56 0.003577
56 57 0.007456000000000001
57 58 0.004581
58 59 0.0018830000000000001
59 60 0.002514
60 61 0.008886
61 62 0.004817
62 63 5.5e-05
63 64 0.000868
64 65 1
65 66 1
66 67 1000.0
66 68 1
68 69 1000.0
68 70 1
70 71 1000.0
70 72 1
72 73 1000.0
72 74 1
74 75 1000.0
74 76 1
76 77 1000.0
76 78 1000.0
65 79 1000.0
64 80 1
80 81 1000.0
80 82 1
82 83 1000.0
82 84 1
84 85 1000.0
84 86 1
86 87 1000.0
86 88 1
88 89 1000.0
88 90 1
90 91 1000.0
90 92 1
92 93 1000.0
92 94 1
94 95 1000.0
94 96 1
96 97 1000.0
96 98 1
98 99 1000.0
98 100 1
100 101 1000.0
100 102 1
102 103 1000.0
102 104 1000.0
63 105 999.9991319999999
62 106 999.999156
61 107 999.994412
60 108 999.985992
59 109 999.9845990000001
58 110 999.9839010000001
57 111 999.980512
56 112 999.974448
55 113 999.972633
54 114 999.972951
53 115 999.971289
52 116 999.96795
51 117 999.962463
50 118 999.962341
49 119 999.9539779999999
48 120 999.955078
47 121 999.9544739999999
46 122 999.9494759999999
45 123 999.946657
44 124 999.932175
43 125 999.869571
42 126 999.820498
41 127 999.814135
40 128 0.42224999999999996
128 129 0.456314
129 130 0.28931999999999997
130 131 2.5133300000000003
131 132 3.358121
132 133 36.505352
133 134 956.426002
133 135 57.727647000000005
135 136 898.4060149999999
135 137 139.819882
137 138 759.49263
137 139 757.442631
132 140 14.415249
140 141 460.516295
141 142 518.3119839999999
141 143 517.226923
140 144 21.262218999999998
144 145 144.676512
145 146 812.0414630000001
145 147 224.130324
147 148 586.879696
147 149 588.351209
144 150 957.213973
131 151 996.2169019999999
130 152 998.677543
129 153 12.672362000000001
153 154 15.055225
154 155 40.126454
155 156 931.3965
155 157 217.30900499999998
157 158 714.551781
157 159 712.178042
154 160 971.2877490000001
153 161 986.2463139999999
128 162 4.318153000000001
162 163 994.995987
162 164 10.609962000000001
164 165 18.573485
165 166 21.793614
166 167 38.171859000000005
167 168 906.269677
167 169 217.581731
169 170 686.136571
169 171 689.222762
166 172 944.193353
165 173 965.8628350000001
164 174 984.459118
39 175 0.28456800000000004
175 176 0.7741549999999999
176 177 1.965818
177 178 1.694389
178 179 2.485671
179 180 5.417120000000001
180 181 7.672141000000001
181 182 7.6142650000000005
182 183 22.866797
183 184 949.2849209999999
183 185 54.889842
185 186 894.549304
185 187 235.583338
187 188 652.27589
187 189 660.012865
182 190 972.0836419999999
181 191 979.7768769999999
180 192 987.310933
179 193 132.599402
193 194 860.512661
193 195 859.507307
178 196 995.1862780000001
177 197 8.982574999999999
197 198 47.508742999999996
198 199 35.472374
199 200 108.34227800000001
200 201 797.527822
200 202 794.720545
199 203 904.3136410000001
198 204 940.226444
197 205 987.903395
176 206 998.793858
175 207 0.049463999999999994
207 208 1.2606650000000001
208 209 0.437403
209 210 0.685361
210 211 0.8011280000000001
211 212 0.36290300000000003
212 213 0.9178379999999999
213 214 0.668473
214 215 0.750492
215 216 2.294851
216 217 3.515997
217 218 1.356119
218 219 1.824189
219 220 3.695054
220 221 4.464827
221 222 4.292088000000001
222 223 7.116163
223 224 965.6097470000001
223 225 8.604204
225 226 16.551573
226 227 24.846642
227 228 915.674645
227 229 58.644129
229 230 110.38091000000001
230 231 271.081958
231 232 472.869568
231 233 441.144728
230 234 748.3578660000001
229 235 857.901177
226 236 940.906719
225 237 957.395557
222 238 972.94837
221 239 977.037931
220 240 981.525536
219 241 984.9120559999999
218 242 986.633479
217 243 987.992358
216 244 991.4735459999999
215 245 993.908762
214 246 994.6790869999999
213 247 995.204066
212 248 996.15899
211 249 996.4413049999999
210 250 997.2575870000001
209 251 997.9167739999999
208 252 998.3002799999999
207 253 884.510733
253 254 114.75087500000001
253 255 115.015874
38 256 0.461203
256 257 0.984283
257 258 0.47424099999999997
258 259 5.5255
259 260 0.9542999999999999
260 261 1.336178
261 262 5.229207000000001
262 263 4.0516179999999995
263 264 3.7827230000000003
264 265 5.039857
265 266 11.397278
266 267 15.307984999999999
267 268 43.074960000000004
268 269 902.643554
268 270 72.100453
270 271 218.94225
271 272 594.3707800000001
271 273 613.508278
270 274 831.832238
267 275 945.5884040000001
266 276 960.978654
265 277 972.2643509999999
264 278 977.418917
263 279 981.1433579999999
262 280 984.8597639999999
261 281 990.2201279999999
260 282 991.489319
259 283 992.416579
258 284 161.795587
284 285 835.671682
284 286 836.4258769999999
257 287 2.591044
287 288 13.899479000000001
288 289 17.40531
289 290 217.535526
290 291 747.6625720000001
290 292 745.88007
289 293 121.720526
293 294 843.447856
293 295 841.4159579999999
288 296 981.780274
287 297 13.088306
297 298 13.718352
298 299 968.872327
298 300 10.701882
300 301 19.457003
301 302 48.107048
302 303 115.68400000000001
303 304 775.93517
303 305 771.736265
302 306 891.06767
301 307 939.310605
300 308 946.965329
308 309 10.917135
308 310 12.03153
297 311 982.560436
256 312 2.334026
312 313 4.764182
313 314 3.2582470000000003
314 315 11.214774
315 316 8.586025
316 317 13.077643
317 318 956.3867009999999
317 319 23.443554
319 320 103.31712399999999
320 321 371.284065
321 322 453.938479
321 323 454.037746
320 324 830.4130680000001
319 325 933.307653
316 326 969.3699990000001
315 327 978.001158
314 328 989.014998
313 329 992.3093630000001
312 330 3.2744210000000002
330 331 6.236058
331 332 16.261319
332 333 971.207053
332 334 24.432082
334 335 305.159132
335 336 640.590733
335 337 641.132672
334 338 946.942943
331 339 987.441632
330 340 993.752735
37 341 0.088552
341 342 0.859971
342 343 1.686052
343 344 4.959503
344 345 5.023377
345 346 3.5647280000000006
346 347 5.2382610000000005
347 348 538.9042019999999
348 349 439.393103
348 350 439.25739400000003
347 351 14.949266999999999
351 352 963.7097190000001
351 353 19.298335
353 354 32.337977
354 355 109.63067600000001
355 356 328.804171
356 357 463.310478
356 358 475.602799
355 359 793.147528
359 360 10.173350000000001
359 361 10.203408999999999
354 362 912.4901380000001
353 363 944.476304
346 364 983.639882
345 365 987.1611899999999
344 366 28.074611
366 367 36.11024
367 368 195.76174
368 369 730.613995
368 370 731.490508
367 371 928.3357739999999
366 372 963.8980280000001
343 373 2.822961
373 374 17.007032
374 375 7.445242
375 376 18.263382
376 377 65.600971
377 378 886.461184
377 379 144.445106
379 380 738.163439
379 381 742.234872
376 382 951.193675
375 383 970.0474180000001
374 384 977.270577
373 385 31.592720000000003
385 386 962.832465
385 387 37.255655999999995
387 388 925.806165
387 389 924.8876170000001
342 390 998.805857
341 391 0.368063
391 392 0.351322
392 393 2.360478
393 394 12.133662000000001
394 395 13.678159
395 396 9.873808
396 397 21.975165999999998
397 398 938.9374379999999
397 399 42.021549
399 400 897.010237
399 401 208.53518599999998
401 402 689.964252
401 403 683.285208
396 404 961.228477
395 405 971.012219
394 406 984.3738460000001
393 407 996.684265
392 408 0.558045
408 409 0.38401799999999997
409 410 1.100019
410 411 0.40385200000000004
411 412 1.054713
412 413 0.545948
413 414 0.612125
414 415 0.726194
415 416 0.602059
416 417 1.853796
417 418 1.834982
418 419 2.911951
419 420 2.4332320000000003
420 421 2.285974
421 422 3.123593
422 423 4.887722
423 424 6.385772000000001
424 425 8.492166
425 426 14.212795
426 427 20.93717
427 428 54.19265
428 429 75.762823
429 430 191.832459
430 431 375.19098099999997
431 432 168.771786
431 433 230.250781
430 434 602.940134
429 435 795.980979
428 436 870.47933
427 437 924.383175
426 438 945.027124
425 439 959.229663
424 440 967.914848
423 441 974.1264019999999
422 442 979.213934
421 443 982.25642
420 444 984.380136
419 445 986.8029220000001
418 446 989.872968
417 447 991.70769
416 448 993.386647
415 449 994.0127600000001
414 450 830.4621129999999
450 451 163.55195899999998
450 452 164.263073
413 453 995.196148
412 454 83.76717099999999
454 455 911.540307
454 456 911.9324819999999
411 457 996.738007
410 458 997.07816
409 459 773.941627
459 460 223.558826
459 461 224.702672
408 462 998.477999
391 463 32.109234
463 464 967.0586800000001
463 465 967.24575
36 466 0.56285
466 467 0.28301099999999996
467 468 1.142993
468 469 0.9540460000000001
469 470 0.853048
470 471 0.398612
471 472 1.314692
472 473 1.890422
473 474 2.119919
474 475 990.3034749999999
474 476 1.641438
476 477 3.413189
477 478 2.689673
478 479 3.949581
479 480 5.668245000000001
480 481 973.555431
480 482 14.592624
482 483 22.000600000000002
483 484 30.707283
484 485 80.939917
485 486 273.41357300000004
486 487 520.651578
487 488 1
487 489 2.842559
486 490 554.286414
485 491 825.980504
484 492 906.980435
483 493 937.231329
482 494 958.851636
479 495 978.858815
478 496 982.9985499999999
477 497 985.59371
476 498 988.966705
473 499 992.490634
472 500 71.391635
500 501 828.7934359999999
501 502 94.461728
501 503 93.78363
500 504 923.059048
471 505 995.773801
470 506 996.091838
469 507 996.997882
468 508 997.8941199999999
467 509 998.941907
466 510 0.756659
510 511 6.758733
511 512 15.146692999999999
512 513 24.272388
513 514 952.300522
513 515 40.526282
515 516 912.331084
515 517 187.48926699999998
517 518 724.958412
517 519 720.8499370000001
512 520 976.380277
511 521 991.4727190000001
510 522 5.986705
522 523 1.377638
523 524 3.617998
524 525 3.217192
525 526 3.926404
526 527 11.975707
527 528 32.36578
528 529 179.976103
529 530 755.583274
529 531 755.4335169999999
528 532 62.167058
532 533 874.862609
532 534 204.191528
534 535 671.6412700000001
534 536 662.708326
527 537 968.6362929999999
526 538 980.5152449999999
525 539 984.394244
524 540 987.5085849999999
523 541 991.169432
522 542 134.337174
542 543 858.263408
542 544 857.9449220000001
35 545 0.34424899999999997
545 546 0.576615
546 547 0.272595
547 548 0.263521
548 549 0.678909
549 550 0.646751
550 551 0.870272
551 552 0.729874
552 553 0.677697
553 554 0.760212
554 555 0.448848
555 556 0.42930700000000005
556 557 0.645953
557 558 0.576873
558 559 0.799992
559 560 0.577972
560 561 0.8004340000000001
561 562 1.045706
562 563 0.872941
563 564 1.0019689999999999
564 565 1.659227
565 566 1.735941
566 567 984.3428940000001
566 568 1.8545949999999998
568 569 2.335111
569 570 2.7712730000000003
570 571 3.29176
571 572 4.744948
572 573 6.04202
573 574 9.202633
574 575 15.100604
575 576 938.47191
575 577 20.596479000000002
577 578 36.916105
578 579 85.803675
579 580 187.814879
580 581 608.6523109999999
580 582 539.816673
582 583 60.585981
582 584 1
579 585 796.137797
578 586 881.387634
577 587 918.69234
574 588 953.7765119999999
573 589 963.4156129999999
572 590 969.2814500000001
571 591 974.1087699999999
570 592 977.4061489999999
569 593 980.105158
568 594 982.543843
565 595 986.2351990000001
564 596 987.7982069999999
563 597 988.750703
562 598 989.556183
561 599 990.611597
560 600 991.4233919999999
559 601 991.825169
558 602 992.5352359999999
557 603 993.019162
556 604 993.4387539999999
555 605 993.770244
554 606 994.306899
553 607 995.043022
552 608 995.666997
551 609 996.3754979999999
550 610 997.1196020000001
549 611 997.718341
548 612 962.095444
612 613 36.380838999999995
612 614 36.067897
547 615 998.59112
546 616 695.284894
616 617 303.571269
616 618 303.525861
545 619 1.0750579999999998
619 620 0.413236
620 621 2.495359
621 622 2.510769
622 623 1.7929879999999998
623 624 1.5994149999999998
624 625 1.8815080000000002
625 626 3.087268
626 627 5.8451070000000005
627 628 5.8125789999999995
628 629 9.286237999999999
629 630 17.201449999999998
630 631 25.627959
631 632 40.731705
632 633 75.510503
633 634 208.424991
634 635 596.888868
634 636 583.125944
633 637 805.5660720000001
632 638 880.14549
631 639 921.0241679999999
630 640 946.82544
629 641 963.940181
628 642 973.3495800000001
627 643 978.9596270000001
626 644 984.8642950000001
625 645 987.814831
624 646 989.69346
623 647 991.0830980000001
622 648 992.939571
621 649 995.4324550000001
620 650 997.918946
619 651 998.3139189999999
34 652 0.630338
652 653 1.319925
653 654 7.977860000000001
654 655 8.563517
655 656 8.846455
656 657 9.836724
657 658 29.628544
658 659 933.354121
658 660 35.612491
660 661 897.4379640000001
660 662 65.761431
662 663 176.844222
663 664 647.424846
663 665 655.509133
662 666 833.2801509999999
657 667 962.6482510000001
656 668 972.1103870000001
655 669 981.277924
654 670 428.058271
670 671 561.475341
670 672 561.910762
653 673 2.745311
673 674 3.202973
674 675 15.870027
675 676 839.8047650000001
676 677 135.096138
676 678 137.333662
675 679 19.20565
679 680 30.309397999999998
680 681 79.931274
681 682 200.477793
682 683 640.099376
682 684 647.125397
681 685 846.9894079999999
680 686 926.7205170000001
679 687 957.163596
674 688 991.687101
673 689 19.734148
689 690 16.683070999999998
690 691 958.72425
690 692 27.427415999999997
692 693 91.71243100000001
693 694 839.8556859999999
693 695 249.029524
695 696 586.688789
695 697 591.948216
692 698 930.976333
689 699 975.313489
652 700 610.0198790000001
700 701 389.075177
700 702 388.993454
33 703 0.182474
703 704 1.189128
704 705 2.068123
705 706 3.6310429999999996
706 707 1.8939770000000002
707 708 16.045213999999998
708 709 9.132879
709 710 23.313622000000002
710 711 96.383493
711 712 211.207877
712 713 628.750925
712 714 635.590791
711 715 846.5644689999999
710 716 942.551626
709 717 965.769049
708 718 974.5901379999999
707 719 990.7336329999999
706 720 992.676974
705 721 13.501283
721 722 15.848334999999999
722 723 29.237585
723 724 937.428081
723 725 46.307176
725 726 175.876071
726 727 716.158379
726 728 712.580906
725 729 891.8016099999999
722 730 967.1719579999999
721 731 108.49865299999999
731 732 874.9475370000001
731 733 872.900501
704 734 27.438333999999998
734 735 21.198007999999998
735 736 46.671995
736 737 174.503554
737 738 726.045247
737 739 729.494555
736 740 903.4609350000001
735 741 949.8200750000001
734 742 970.931607
703 743 0.507297
743 744 3.183875
744 745 11.588578
745 746 5.594916
746 747 7.149095
747 748 15.060234999999999
748 749 85.404023
749 750 870.851825
749 751 194.170482
751 752 676.964716
751 753 673.982717
748 754 956.7172660000001
747 755 971.6951220000001
746 756 978.695804
745 757 984.261759
744 758 14.793243
758 759 67.096368
759 760 914.115193
759 761 88.170259
761 762 825.681215
761 763 824.892753
758 764 981.041506
743 765 0.5436500000000001
765 766 0.9419820000000001
766 767 0.456112
767 768 3.364229
768 769 1.7167930000000002
769 770 0.9018109999999999
770 771 2.807839
771 772 1.245468
772 773 2.119723
773 774 2.161575
774 775 4.457835
775 776 3.714259
776 777 4.5269900000000005
777 778 8.010923
778 779 32.037622
779 780 59.137079
780 781 166.295667
781 782 695.7389000000001
782 783 5.745128
782 784 1
781 785 706.4006499999999
780 786 872.961739
779 787 28.093501999999997
787 788 65.781414
788 789 133.32799500000002
789 790 322.906863
790 791 338.507574
790 792 383.94502
789 793 702.700004
788 794 837.934596
787 795 903.2773040000001
778 796 962.959281
777 797 970.546095
776 798 975.41332
775 799 979.042784
774 800 983.2584790000001
773 801 985.42582
772 802 987.495695
771 803 988.7843690000001
770 804 991.534876
769 805 770.251184
805 806 220.58537199999998
805 807 223.5036
768 808 994.008717
767 809 997.2731059999999
766 810 10.929696999999999
810 811 37.912909
811 812 233.259391
812 813 714.836599
812 814 715.090106
811 815 949.019182
810 816 986.692016
765 817 998.545788
32 818 1.138835
818 819 6.6883360000000005
819 820 3.6807520000000005
820 821 2.490922
821 822 3.5463050000000003
822 823 7.583114
823 824 14.980835
824 825 29.854767
825 826 96.018309
826 827 251.850899
827 828 581.48088
827 829 577.266877
826 830 832.6521509999999
825 831 930.355657
824 832 959.693717
823 833 974.793023
822 834 982.2785650000001
821 835 985.68707
820 836 228.90169
836 837 759.367661
836 838 758.8110290000001
819 839 20.501365
839 840 39.168373
840 841 932.317089
840 842 67.158393
842 843 216.07069399999997
843 844 649.9494559999999
843 845 645.263016
842 846 865.137453
839 847 971.3742110000001
818 848 4.346056
848 849 1.549023
849 850 3.668439
850 851 167.157853
851 852 821.870745
851 853 821.762414
850 854 13.874895
854 855 23.354064
855 856 951.670823
855 857 37.172942
857 858 914.917355
857 859 107.23442000000001
859 860 807.364178
859 861 805.198302
854 862 975.1618880000001
849 863 502.794756
863 864 489.814022
863 865 489.97892099999996
848 866 994.191281
31 867 0.235813
867 868 0.8773599999999999
868 869 21.926639
869 870 12.405589
870 871 41.785812
871 872 87.17515399999999
872 873 218.03981399999998
873 874 618.4789079999999
873 875 614.3649790000001
872 876 835.965343
871 877 921.8154509999999
870 878 963.9053090000001
869 879 976.684041
868 880 0.9187239999999999
880 881 2.986993
881 882 1.522827
882 883 1.717941
883 884 1.8251320000000002
884 885 4.037051
885 886 10.208146999999999
886 887 16.231925
887 888 16.969094000000002
888 889 28.848916000000003
889 890 120.38473
890 891 301.442256
891 892 479.811747
891 893 490.50547
890 894 793.567081
889 895 914.2298059999999
888 896 942.829519
887 897 959.511627
886 898 730.847035
898 899 162.354581
899 900 83.166354
899 901 80.475187
898 902 245.12008500000002
885 903 177.819888
903 904 807.197844
903 905 807.999846
884 906 670.740411
906 907 318.564423
906 908 319.22715400000004
883 909 991.461904
882 910 993.188958
881 911 994.6896089999999
880 912 282.00890699999997
912 913 716.20839
912 914 714.959848
867 915 2.0202999999999998
915 916 12.767859000000001
916 917 9.043382
917 918 18.365588
918 919 51.887436
919 920 104.019486
920 921 801.982683
920 922 799.367196
919 923 905.5013929999999
918 924 957.092284
917 925 975.2095810000001
916 926 131.48208699999998
926 927 175.126506
927 928 676.200823
927 929 678.087406
926 930 853.828413
915 931 4.912965
931 932 4.925402999999999
932 933 105.031227
933 934 882.790059
933 935 882.090019
932 936 3.9855590000000003
936 937 11.187266999999999
937 938 19.910303
938 939 18.509282
939 940 934.177691
939 941 40.446096
941 942 131.462359
942 943 322.943264
943 944 430.314024
943 945 436.364984
942 946 762.9083579999999
941 947 894.588272
938 948 952.7122690000001
937 949 972.608962
936 950 983.711774
931 951 992.503503
30 952 0.048088
952 953 0.547332
953 954 1.200561
954 955 2.425835
955 956 2.651464
956 957 1.390992
957 958 991.43177
957 959 1.5855970000000001
959 960 5.414577
960 961 2.399132
961 962 3.486136
962 963 7.60581
963 964 8.137279
964 965 13.765735000000001
965 966 18.215679
966 967 64.732146
967 968 132.643697
968 969 152.882868
969 970 290.951495
970 971 260.98951800000003
970 972 295.221786
969 973 563.326945
968 974 736.63343
967 975 867.359154
966 976 932.000182
965 977 949.6522640000001
964 978 963.093455
963 979 971.4098220000001
962 980 979.0492710000001
961 981 982.490011
960 982 661.601015
982 983 323.771652
982 984 321.946032
959 985 989.732292
956 986 992.745047
955 987 9.141209
987 988 5.934573
988 989 6.78597
989 990 11.721379
990 991 17.109195999999997
991 992 54.096098999999995
992 993 891.2477000000001
992 994 143.629381
994 995 307.105392
995 996 435.40532599999995
995 997 432.948613
994 998 747.798718
991 999 945.150602
990 1000 962.253677
989 1001 973.8592239999999
988 1002 980.56089
987 1003 103.000577
1003 1004 882.712358
1003 1005 883.5548510000001
954 1006 254.138039
1006 1007 261.448591
1007 1008 482.0609
1007 1009 482.237029
1006 1010 743.573714
953 1011 2.759478
1011 1012 2.062866
1012 1013 1.5967019999999998
1013 1014 1.4661119999999999
1014 1015 991.471456
1014 1016 3.8745679999999996
1016 1017 987.414145
1016 1018 1.9758609999999999
1018 1019 985.5954280000001
1018 1020 2.745727
1020 1021 3.022919
1021 1022 4.652092
1022 1023 6.183422
1023 1024 12.680322
1024 1025 33.42085
1025 1026 923.3541580000001
1025 1027 39.867901
1027 1028 883.411385
1027 1029 112.070736
1029 1030 248.577875
1030 1031 498.335751
1030 1032 526.570387
1029 1033 771.24971
1024 1034 956.680046
1023 1035 969.3430510000001
1022 1036 975.296191
1021 1037 979.7363049999999
1020 1038 982.870624
1013 1039 992.6889490000001
1012 1040 994.2351990000001
1011 1041 996.4078239999999
952 1042 999.368834
29 1043 0.052084
1043 1044 0.447683
1044 1045 0.299277
1045 1046 0.157183
1046 1047 0.270775
1047 1048 0.084542
1048 1049 0.27737999999999996
1049 1050 0.659771
1050 1051 0.42579799999999995
1051 1052 0.194834
1052 1053 0.5625439999999999
1053 1054 0.204636
1054 1055 0.30973900000000004
1055 1056 0.319369
1056 1057 0.5604279999999999
1057 1058 0.26977
1058 1059 0.41404399999999997
1059 1060 0.9537540000000001
1060 1061 0.505872
1061 1062 0.827069
1062 1063 0.576669
1063 1064 0.7983540000000001
1064 1065 0.802478
1065 1066 0.7271599999999999
1066 1067 0.886639
1067 1068 1.212431
1068 1069 1.391334
1069 1070 986.422327
1069 1071 1.55152
1071 1072 1.6837520000000001
1072 1073 2.487459
1073 1074 2.8023200000000004
1074 1075 978.3835529999999
1074 1076 3.668033
1076 1077 4.218121
1077 1078 5.702929
1078 1079 8.92868
1079 1080 13.758282999999999
1080 1081 34.813939
1081 1082 59.658626999999996
1082 1083 105.39899299999999
1083 1084 178.68185400000002
1084 1085 434.574627
1085 1086 1
1085 1087 133.943378
1084 1088 565.4253729999999
1083 1089 85.701151
1089 1090 654.9092790000001
1089 1091 650.842485
1082 1092 847.3264
1081 1093 906.6533229999999
1080 1094 941.9974890000001
1079 1095 955.526416
1078 1096 964.3508949999999
1077 1097 970.5044230000001
1076 1098 974.6652369999999
1073 1099 981.019714
1072 1100 983.4044719999999
1071 1101 985.0012449999999
1068 1102 987.6819210000001
1067 1103 988.7867849999999
1066 1104 989.692779
1065 1105 990.292481
1064 1106 991.2598389999999
1063 1107 991.8288249999999
1062 1108 992.321836
1061 1109 993.117423
1060 1110 993.609781
1059 1111 994.730552
1058 1112 995.016995
1057 1113 913.0274959999999
1113 1114 80.953838
1113 1115 83.411643
1056 1116 442.805085
1116 1117 552.984649
1116 1118 552.981489
1055 1119 996.008819
1054 1120 996.327921
1053 1121 15.002605999999998
1121 1122 50.64362
1122 1123 930.680508
1122 1124 930.4432630000001
1121 1125 981.33713
1052 1126 997.052053
1051 1127 997.203596
1050 1128 15.398706
1128 1129 982.0645000000001
1128 1130 32.079808
1130 1131 86.876405
1131 1132 862.4979310000001
1131 1133 863.141253
1130 1134 950.4150129999999
1049 1135 998.1498569999999
1048 1136 998.3771360000001
1047 1137 9.66322
1137 1138 988.871447
1137 1139 988.65732
1046 1140 998.6763310000001
1045 1141 998.8273680000001
1044 1142 1.74282
1142 1143 4.020313
1143 1144 44.642179999999996
1144 1145 948.163089
1144 1146 948.8201119999999
1143 1147 8.632468
1147 1148 4.755927
1148 1149 10.557796
1149 1150 969.335777
1149 1151 23.935886
1151 1152 29.747393
1152 1153 118.11095
1153 1154 216.741334
1154 1155 582.151971
1154 1156 573.626798
1153 1157 798.9118000000001
1152 1158 915.9207990000001
1151 1159 945.702008
1148 1160 979.8435270000001
1147 1161 81.114031
1161 1162 903.48699
1161 1163 903.4118129999999
1142 1164 4.639200000000001
1164 1165 992.6849410000001
1164 1166 2.028943
1166 1167 10.403913
1167 1168 10.169015
1168 1169 24.680058
1169 1170 60.998626
1170 1171 155.52831
1171 1172 725.425108
1171 1173 729.8770979999999
1170 1174 884.8689569999999
1169 1175 945.4067419999999
1168 1176 970.263989
1167 1177 980.370772
1166 1178 990.607438
1043 1179 2.979323
1179 1180 2.207503
1180 1181 0.61931
1181 1182 2.379131
1182 1183 2.072911
1183 1184 2.531003
1184 1185 3.2169870000000005
1185 1186 4.556825
1186 1187 979.2913110000001
1186 1188 5.794226999999999
1188 1189 32.892765000000004
1189 1190 25.726626000000003
1190 1191 43.79545
1191 1192 872.167426
1191 1193 137.265771
1193 1194 342.246641
1194 1195 390.128745
1194 1196 370.750783
1193 1197 734.749473
1190 1198 914.7841149999999
1189 1199 940.583513
1188 1200 973.6759770000001
1185 1201 984.001735
1184 1202 987.106116
1183 1203 989.3600879999999
1182 1204 87.09192300000001
1204 1205 903.8218730000001
1204 1206 904.510715
1181 1207 993.845037
1180 1208 994.520352
1179 1209 996.641229
28 1210 0.327139
1210 1211 0.926189
1211 1212 6.399181
1212 1213 7.549390000000001
1213 1214 99.772417
1214 1215 885.313815
1214 1216 209.230128
1216 1217 671.4804349999999
1216 1218 675.784465
1213 1219 49.26169
1219 1220 934.88418
1219 1221 934.548565
1212 1222 17.064885
1222 1223 974.685015
1222 1224 61.06154900000001
1224 1225 89.011573
1225 1226 271.550395
1226 1227 550.006056
1226 1228 552.7397940000001
1225 1229 825.6937730000001
1224 1230 913.53828
1211 1231 0.937176
1231 1232 1.296303
1232 1233 2.485304
1233 1234 0.8397359999999999
1234 1235 0.7444799999999999
1235 1236 1.110302
1236 1237 1.201024
1237 1238 1.2884380000000002
1238 1239 3.1433210000000003
1239 1240 3.067227
1240 1241 3.448702
1241 1242 979.1061880000001
1241 1243 5.010168
1243 1244 973.907175
1243 1245 10.971899
1245 1246 9.771762
1246 1247 953.7506020000001
1246 1248 17.944696
1248 1249 31.177719
1249 1250 905.178448
1249 1251 79.02109899999999
1251 1252 123.832334
1252 1253 320.749867
1253 1254 337.441944
1253 1255 375.003954
1252 1256 703.287503
1251 1257 826.664878
1248 1258 935.711508
1245 1259 963.484414
1240 1260 982.3646719999999
1239 1261 985.394923
1238 1262 988.736277
1237 1263 989.983554
1236 1264 990.9635890000001
1235 1265 992.137692
1234 1266 992.791143
1233 1267 993.606607
1232 1268 996.142367
1231 1269 73.998885
1269 1270 671.1573119999999
1270 1271 250.10597099999998
1270 1272 253.478701
1269 1273 923.629238
1210 1274 2.318686
1274 1275 3.318981
1275 1276 5.119835999999999
1276 1277 10.330611000000001
1277 1278 5.641502
1278 1279 9.936483
1279 1280 39.782424
1280 1281 38.773229
1281 1282 91.03764199999999
1282 1283 249.258276
1283 1284 529.414094
1283 1285 545.979628
1282 1286 794.898447
1281 1287 884.68028
1280 1288 923.0667569999999
1279 1289 962.6299250000001
1278 1290 972.456361
1277 1291 977.8822359999999
1276 1292 11.10136
1292 1293 49.065197
1293 1294 112.33089000000001
1294 1295 815.820125
1294 1296 814.44885
1293 1297 928.450924
1292 1298 977.417393
1275 1299 993.5722549999999
1274 1300 6.540701
1300 1301 25.005691000000002
1301 1302 965.321104
1301 1303 44.916082
1303 1304 126.95434000000002
1304 1305 792.161844
1304 1306 793.682913
1303 1307 920.566839
1300 1308 6.786547
1308 1309 264.093734
1309 1310 719.442496
1309 1311 718.438888
1308 1312 983.3838310000001
27 1313 0.627788
1313 1314 2.340751
1314 1315 3.499518
1315 1316 22.106203999999998
1316 1317 970.681733
1316 1318 32.578481
1318 1319 97.510613
1319 1320 159.89268299999998
1320 1321 682.165762
1320 1322 677.420032
1319 1323 840.452359
1318 1324 938.308176
1315 1325 49.765592
1325 1326 108.14721899999999
1326 1327 835.725909
1326 1328 833.635433
1325 1329 943.4309320000001
1314 1330 5.494754
1330 1331 8.742776
1331 1332 10.140836
1332 1333 11.517769999999999
1333 1334 56.594263
1334 1335 68.910613
1335 1336 835.131207
1335 1337 281.728084
1337 1338 547.5123520000001
1337 1339 553.0051420000001
1334 1340 904.7385690000001
1333 1341 960.7199740000001
1332 1342 972.3824430000001
1331 1343 564.043368
1343 1344 417.175339
1343 1345 418.76425800000004
1330 1346 991.1126579999999
1313 1347 4.788887
1347 1348 1.861221
1348 1349 5.325335
1349 1350 2.7551289999999997
1350 1351 4.695392
1351 1352 4.0773459999999995
1352 1353 6.4325969999999995
1353 1354 17.586496
1354 1355 16.474707
1355 1356 25.463835000000003
1356 1357 66.898882
1357 1358 120.31913800000001
1358 1359 272.40974900000003
1359 1360 451.35202400000003
1359 1361 428.229404
1358 1362 724.770584
1357 1363 843.594294
1356 1364 910.068327
1355 1365 935.225617
1354 1366 951.627431
1353 1367 969.224728
1352 1368 975.755852
1351 1369 979.5891799999999
1350 1370 984.253496
1349 1371 174.649438
1371 1372 813.124961
1371 1373 811.224735
1348 1374 992.1440719999999
1347 1375 994.099201
26 1376 0.905364
1376 1377 5.315549
1377 1378 12.391437
1378 1379 21.734068
1379 1380 109.02148
1380 1381 849.6660609999999
1380 1382 222.618039
1382 1383 628.852985
1382 1384 624.261362
1379 1385 197.957316
1385 1386 759.967186
1385 1387 761.45289
1378 1388 980.881373
1377 1389 63.952662000000004
1389 1390 929.107588
1389 1391 928.8256150000001
1376 1392 3.703481
1392 1393 0.9254490000000001
1393 1394 2.862787
1394 1395 4.259352000000001
1395 1396 986.651752
1395 1397 3.777046
1397 1398 3.943227
1398 1399 17.193783
1399 1400 21.344680999999998
1400 1401 27.959326
1401 1402 912.905522
1401 1403 114.466504
1403 1404 236.56932799999998
1404 1405 552.175845
1404 1406 563.542037
1403 1407 797.139257
1400 1408 941.081468
1399 1409 962.208909
1398 1410 979.309931
1397 1411 982.977491
1394 1412 287.284222
1412 1413 703.088132
1412 1414 704.264792
1393 1415 993.87563
1392 1416 96.895875
1416 1417 897.901551
1416 1418 897.624952
25 1419 1.309534
1419 1420 3.90227
1420 1421 68.04071900000001
1421 1422 925.947277
1421 1423 226.25508299999998
1423 1424 698.725816
1423 1425 700.159525
1420 1426 9.968594999999999
1426 1427 17.249882
1427 1428 22.12334
1428 1429 50.043874
1429 1430 360.85396099999997
1430 1431 536.4204530000001
1430 1432 528.073396
1429 1433 895.411567
1428 1434 944.93658
1427 1435 966.9100289999999
1426 1436 52.24599
1436 1437 931.9917650000001
1436 1438 931.6832639999999
1419 1439 244.065587
1439 1440 754.381476
1439 1441 753.369872
24 1442 3.459867
1442 1443 5.637596
1443 1444 5.016859
1444 1445 22.467469
1445 1446 37.41292
1446 1447 925.224338
1446 1448 56.564487
1448 1449 868.8086180000001
1448 1450 150.20053900000002
1450 1451 715.802719
1450 1452 719.5365400000001
1445 1453 962.835052
1444 1454 985.187326
1443 1455 990.228437
1442 1456 26.154878999999998
1456 1457 28.373902
1457 1458 148.476247
1458 1459 791.6404769999999
1458 1460 792.565177
1457 1461 684.3736680000001
1461 1462 257.539686
1461 1463 256.408426
1456 1464 77.883905
1464 1465 892.267871
1464 1466 891.2309909999999
23 1467 1.092555
1467 1468 5.878082
1468 1469 3.96657
1469 1470 5.744772
1470 1471 7.484127
1471 1472 9.647672
1472 1473 12.307432
1473 1474 23.344051
1474 1475 106.25591000000001
1475 1476 824.374063
1475 1477 218.392387
1477 1478 595.928504
1477 1479 606.911384
1474 1480 929.86377
1473 1481 953.51085
1472 1482 965.304163
1471 1483 975.419308
1470 1484 982.59636
1469 1485 988.2719
1468 1486 992.3376499999999
1467 1487 0.744271
1487 1488 2.979655
1488 1489 13.529114
1489 1490 22.762368
1490 1491 48.006442
1491 1492 197.192172
1492 1493 710.2950599999999
1492 1494 713.5989999999999
1491 1495 910.250589
1490 1496 958.1148000000001
1489 1497 980.951492
1488 1498 48.133728
1498 1499 946.043811
1498 1500 945.937945
1487 1501 11.848690000000001
1501 1502 8.889522
1502 1503 40.255389
1503 1504 936.512825
1503 1505 68.198773
1505 1506 868.905211
1505 1507 146.069706
1507 1508 716.9862539999999
1507 1509 722.476985
1502 1510 976.7206140000001
1501 1511 985.407433
22 1512 3.331973
1512 1513 3.450845
1513 1514 992.318395
1513 1515 2.248789
1515 1516 11.243331
1516 1517 6.043537000000001
1517 1518 973.009856
1517 1519 6.730089
1519 1520 12.801086999999999
1520 1521 18.084184
1521 1522 935.722424
1521 1523 27.105487
1523 1524 46.186192999999996
1524 1525 116.35077899999999
1525 1526 747.993845
1525 1527 249.38458400000002
1527 1528 478.98569000000003
1527 1529 498.63085199999995
1524 1530 862.698916
1523 1531 908.758764
1520 1532 953.9607639999999
1519 1533 966.573856
1516 1534 979.060965
1515 1535 990.1241759999999
1512 1536 995.8939600000001
21 1537 0.378293
1537 1538 0.123998
1538 1539 2.351367
1539 1540 1.8383839999999998
1540 1541 92.154418
1541 1542 901.96659
1541 1543 902.282166
1540 1544 6.542921
1544 1545 67.13298800000001
1545 1546 43.122396
1546 1547 116.15876300000001
1547 1548 763.11781
1547 1549 255.446596
1549 1550 493.960326
1549 1551 507.11599200000006
1546 1552 877.9340129999999
1545 1553 921.0956160000001
1544 1554 76.190391
1554 1555 911.342703
1554 1556 911.651717
1539 1557 4.9470790000000004
1557 1558 14.743136000000002
1558 1559 9.899616
1559 1560 966.4939629999999
1559 1561 24.548377
1561 1562 227.673253
1562 1563 715.485413
1562 1564 711.309087
1561 1565 942.41314
1558 1566 976.430384
1557 1567 479.51106799999997
1567 1568 511.99178400000005
1567 1569 510.72849199999996
1538 1570 0.45311300000000004
1570 1571 0.38808699999999996
1571 1572 0.875507
1572 1573 0.48733
1573 1574 9.134877
1574 1575 13.417672999999999
1575 1576 17.043269
1576 1577 46.920688999999996
1577 1578 160.013658
1578 1579 203.85212099999998
1579 1580 546.779971
1579 1581 544.777675
1578 1582 748.488162
1577 1583 910.459736
1576 1584 957.012016
1575 1585 974.265154
1574 1586 32.045172
1586 1587 955.357001
1586 1588 92.78513699999999
1588 1589 862.7212820000001
1588 1590 862.077926
1573 1591 0.888749
1591 1592 0.272886
1592 1593 0.502158
1593 1594 0.334798
1594 1595 995.0783700000001
1594 1596 0.334137
1596 1597 0.916776
1597 1598 0.5795619999999999
1598 1599 0.374396
1599 1600 0.60846
1600 1601 0.771559
1601 1602 1.170203
1602 1603 0.782238
1603 1604 1.913908
1604 1605 0.987559
1605 1606 1.4948670000000002
1606 1607 2.044821
1607 1608 3.961257
1608 1609 2.386011
1609 1610 977.114738
1609 1611 3.237156
1611 1612 5.3025009999999995
1612 1613 4.467831
1613 1614 964.69837
1613 1615 5.521709
1615 1616 959.270566
1615 1617 7.250916999999999
1617 1618 9.648183000000001
1618 1619 13.432257
1619 1620 19.549165
1620 1621 29.410939000000003
1621 1622 48.273641
1622 1623 91.53241
1623 1624 148.226036
1624 1625 372.925614
1625 1626 1
1625 1627 256.392101
1624 1628 612.5259050000001
1623 1629 749.126936
1622 1630 838.0583680000001
1621 1631 883.9738600000001
1620 1632 912.181298
1619 1633 930.283476
1618 1634 943.035708
1617 1635 952.335791
1612 1636 968.8676949999999
1611 1637 974.1042070000001
1608 1638 50.744804
1638 1639 402.83319100000006
1639 1640 526.5449130000001
1639 1641 525.218789
1638 1642 928.392075
1607 1643 983.3366120000001
1606 1644 985.42454
1605 1645 987.047604
1604 1646 987.7458049999999
1603 1647 989.9105940000001
1602 1648 990.611672
1601 1649 991.906176
1600 1650 992.6825349999999
1599 1651 993.150227
1598 1652 737.0957559999999
1652 1653 256.49796
1652 1654 256.8328
1597 1655 150.629714
1655 1656 843.8819119999999
1655 1657 842.825076
1596 1658 994.787191
1593 1659 995.4361240000001
1592 1660 995.792319
1591 1661 995.935117
1572 1662 0.5736490000000001
1662 1663 0.688853
1663 1664 0.15445299999999998
1664 1665 0.17832
1665 1666 0.214884
1666 1667 0.23272
1667 1668 0.145656
1668 1669 0.13267400000000001
1669 1670 0.36212900000000003
1670 1671 0.144783
1671 1672 0.136422
1672 1673 0.179954
1673 1674 0.173517
1674 1675 0.149849
1675 1676 0.169378
1676 1677 0.188527
1677 1678 994.3445690000001
1677 1679 0.19853
1679 1680 0.20395499999999997
1680 1681 0.188742
1681 1682 0.206383
1682 1683 0.17269900000000002
1683 1684 0.250831
1684 1685 0.19790799999999997
1685 1686 0.26876700000000003
1686 1687 0.277636
1687 1688 0.22388299999999997
1688 1689 0.289328
1689 1690 0.299653
1690 1691 0.310653
1691 1692 0.308511
1692 1693 0.437927
1693 1694 0.336346
1694 1695 0.353682
1695 1696 0.400085
1696 1697 0.44737099999999996
1697 1698 0.477277
1698 1699 0.4855
1699 1700 0.47110399999999997
1700 1701 0.596476
1701 1702 2.811877
1702 1703 3.51994
1703 1704 0.628547
1704 1705 2.325974
1705 1706 0.8164899999999999
1706 1707 1.610222
1707 1708 1.787501
1708 1709 2.310593
1709 1710 2.494734
1710 1711 2.886096
1711 1712 3.244561
1712 1713 965.990145
1712 1714 4.149995
1714 1715 961.961464
1714 1716 5.896294
1716 1717 706.6884329999999
1717 1718 249.608709
1717 1719 249.608709
1716 1720 6.740069999999999
1720 1721 950.552547
1720 1722 8.092945
1722 1723 943.029701
1722 1724 10.317183
1724 1725 933.4681390000001
1724 1726 13.852754000000001
1726 1727 921.884947
1726 1728 17.86906
1728 1729 906.4283530000001
1728 1730 23.201461000000002
1730 1731 32.844831
1731 1732 44.317467
1732 1733 61.012473
1733 1734 240.984013
1734 1735 1
1734 1736 537.397952
1733 1737 759.015987
1732 1738 814.1501039999999
1731 1739 855.522541
1730 1740 884.3217709999999
1711 1741 969.5608740000001
1710 1742 972.368359
1709 1743 974.724421
1708 1744 976.5930259999999
1707 1745 978.468221
1706 1746 980.044803
1705 1747 17.309256
1747 1748 963.667723
1747 1749 963.7991559999999
1704 1750 13.830521000000001
1750 1751 12.418858
1751 1752 30.957325
1752 1753 67.753592
1753 1754 246.22209599999996
1754 1755 612.054251
1754 1756 607.0160890000001
1753 1757 858.813205
1752 1758 925.9633210000001
1751 1759 956.960173
1750 1760 969.295557
1703 1761 983.5711979999999
1702 1762 56.200569
1762 1763 930.4621790000001
1762 1764 201.735263
1764 1765 728.40544
1764 1766 729.0662689999999
1701 1767 988.814872
1700 1768 989.2499859999999
1699 1769 989.738077
1698 1770 990.13765
1697 1771 990.484388
1696 1772 990.8083700000001
1695 1773 991.13179
1694 1774 991.4561369999999
1693 1775 991.7544250000001
1692 1776 991.912069
1691 1777 992.173944
1690 1778 992.400814
1689 1779 992.6101060000001
1688 1780 992.803748
1687 1781 993.039142
1686 1782 993.194871
1685 1783 993.340498
1684 1784 993.539471
1683 1785 993.664876
1682 1786 993.853647
1681 1787 993.9901900000001
1680 1788 994.1299750000001
1679 1789 994.2404359999999
1676 1790 994.4477360000001
1675 1791 994.559505
1674 1792 994.680073
1673 1793 994.7660629999999
1672 1794 994.8370620000001
1671 1795 994.9441569999999
1670 1796 28.952347
1796 1797 966.18151
1796 1798 355.14688
1798 1799 611.022363
1798 1800 610.709523
1669 1801 995.1898630000001
1668 1802 995.268473
1667 1803 41.647611
1803 1804 953.70308
1803 1805 953.656446
1666 1806 100.99310200000001
1806 1807 894.661839
1806 1808 894.2908259999999
1665 1809 122.328774
1809 1810 873.4308090000001
1809 1811 873.0900359999999
1664 1812 846.1765270000001
1812 1813 149.990275
1812 1814 149.104059
1663 1815 65.594565
1815 1816 930.386212
1815 1817 929.922857
1662 1818 11.08192
1818 1819 65.472219
1819 1820 920.2332829999999
1819 1821 146.48247
1821 1822 772.7785250000001
1821 1823 773.845024
1818 1824 101.72673999999999
1824 1825 883.257959
1824 1826 883.765348
1571 1827 0.924245
1827 1828 8.619492
1828 1829 41.778312
1829 1830 133.938554
1830 1831 812.489818
1830 1832 811.904088
1829 1833 200.00448799999998
1833 1834 218.202981
1834 1835 524.8002439999999
1834 1836 529.51984
1833 1837 747.608218
1828 1838 133.800295
1838 1839 854.5750979999999
1838 1840 854.2775580000001
1827 1841 22.981203999999998
1841 1842 973.976633
1841 1843 54.403227
1843 1844 919.3403139999999
1843 1845 153.92838600000002
1845 1846 764.362565
1845 1847 765.901782
1570 1848 1.394404
1848 1849 9.635612
1849 1850 5.730729999999999
1850 1851 5.836561
1851 1852 16.749488
1852 1853 34.033147
1853 1854 84.853886
1854 1855 263.894347
1855 1856 578.691422
1855 1857 566.6119100000001
1854 1858 840.944137
1853 1859 924.955546
1852 1860 958.958163
1851 1861 975.751395
1850 1862 90.427402
1862 1863 891.264408
1862 1864 890.51455
1849 1865 273.958846
1865 1866 713.8118969999999
1865 1867 712.303359
1848 1868 2.881494
1868 1869 15.272368
1869 1870 27.526124000000003
1870 1871 37.411569
1871 1872 65.72372
1872 1873 182.66422
1873 1874 665.8625770000001
1873 1875 660.732373
1872 1876 849.054175
1871 1877 913.763972
1870 1878 951.515302
1869 1879 978.4502460000001
1868 1880 21.575938999999998
1880 1881 255.774058
1881 1882 715.340059
1881 1883 716.8465669999999
1880 1884 36.429255999999995
1884 1885 107.028952
1885 1886 828.377725
1885 1887 828.451811
1884 1888 935.596587
1537 1889 0.213736
1889 1890 1.9612379999999998
1890 1891 15.360599
1891 1892 8.294319999999999
1892 1893 17.338528
1893 1894 955.512944
1893 1895 87.06415199999999
1895 1896 142.296374
1896 1897 725.987927
1896 1898 724.288988
1895 1899 867.551141
1892 1900 972.812981
1891 1901 981.020912
1890 1902 5.434071
1902 1903 77.904246
1903 1904 111.51377099999999
1904 1905 800.657753
1904 1906 801.098809
1903 1907 913.691836
1902 1908 13.699306
1908 1909 54.757719
1909 1910 922.8014780000001
1909 1911 574.511858
1911 1912 346.35274200000003
1911 1913 348.03793
1908 1914 115.881503
1914 1915 861.359294
1914 1916 861.0861480000001
1889 1917 4.3334459999999995
1917 1918 17.673757000000002
1918 1919 11.569008
1919 1920 30.337884999999996
1920 1921 80.672625
1921 1922 854.382044
1921 1923 851.1134589999999
1920 1924 934.939898
1919 1925 965.005232
1918 1926 976.391375
1917 1927 2.82362
1927 1928 6.329000999999999
1928 1929 32.861928
1929 1930 604.864029
1930 1931 162.810612
1931 1932 51.792706
1932 1933 133.006764
1932 1934 132.139655
1931 1935 182.604374
1930 1936 346.060859
1929 1937 952.0259749999999
1928 1938 4.511484
1938 1939 32.560101
1939 1940 185.099946
1940 1941 760.726159
1940 1942 763.252723
1939 1943 126.044781
1943 1944 208.82033199999998
1944 1945 609.557321
1944 1946 612.19117
1943 1947 822.621751
1938 1948 980.516924
1927 1949 991.177899
20 1950 998.844158
19 1951 998.461161
18 1952 6.061253
1952 1953 3.1623539999999997
1953 1954 17.133694
1954 1955 66.997573
1955 1956 226.423471
1956 1957 675.179115
1956 1958 678.833082
1955 1959 904.211761
1954 1960 971.2863649999999
1953 1961 988.375076
1952 1962 23.882486
1962 1963 14.062425000000001
1963 1964 52.968095000000005
1964 1965 901.5224390000001
1964 1966 154.244308
1966 1967 747.421091
1966 1968 742.0519449999999
1963 1969 953.8621850000001
1962 1970 967.811661
17 1971 23.454050000000002
1971 1972 58.588505999999995
1972 1973 332.44407800000005
1973 1974 578.5920619999999
1973 1975 582.1597459999999
1972 1976 913.6488569999999
1971 1977 971.8393040000001
16 1978 994.347638
15 1979 123.824037
1979 1980 867.851275
1979 1981 867.616877
14 1982 990.203799
13 1983 988.6360249999999
12 1984 986.875256
11 1985 984.5003159999999
10 1986 980.849358
9 1987 975.9078300000001
8 1988 966.344743
7 1989 929.5840139999999
1989 1990 20.303107
1989 1991 20.900232
6 1992 932.5199100000001
5 1993 899.450941
4 1994 835.4431639999999
3 1995 600.715918
2 1996 103.342448
1 1997 64.379177
1 1998 1
