1 2 0.655783
2 3 0.896075
3 4 3.0066490000000003
4 5 3.7427170000000003
5 6 6.691063999999999
6 7 12.670677999999999
7 8 27.204856
8 9 28.118509000000003
9 10 971.8814910000001
9 11 111.16172200000001
8 12 972.795144
7 13 987.3293229999999
6 14 993.308934
5 15 996.257282
4 16 996.993352
3 17 999.1039539999999
2 18 999.3441819999999
1 19 0.645055
19 20 0.106746
20 21 0.06216000000000001
21 22 0.016138
22 23 0.013097000000000001
23 24 0.003941
24 25 6.2e-05
25 26 3.7e-05
26 27 1.1e-05
27 28 999.9999969999999
27 29 2.9999999999999997e-06
29 30 1
30 31 1
31 32 1
32 33 1000.0
32 34 1
34 35 1
35 36 1
36 37 1
37 38 1
38 39 1000.0
38 40 1000.0
37 41 1000.0
36 42 1000.0
35 43 1
43 44 1
44 45 1000.0
44 46 1000.0
43 47 1000.0
34 48 1000.0
31 49 1
49 50 1
50 51 1
51 52 1
52 53 1
53 54 1
54 55 1.1999999999999999e-05
55 56 7.099999999999999e-05
56 57 0.00015099999999999998
57 58 0.000266
58 59 0.00078
59 60 0.0008739999999999999
60 61 0.001255
61 62 999.9987450000001
61 63 0.008837
63 64 0.023228
64 65 0.037734
65 66 999.962266
65 67 0.134067
67 68 999.865933
67 69 0.221701
69 70 0.22523500000000002
70 71 0.5534220000000001
71 72 0.605267
72 73 0.818784
73 74 3.792091
74 75 10.859473
75 76 30.613542
76 77 969.386458
76 78 37.992856
78 79 962.007144
78 80 370.451118
80 81 629.548882
80 82 1
75 83 989.140527
74 84 996.207909
73 85 999.1812160000001
72 86 999.394733
71 87 999.446578
70 88 999.7747650000001
69 89 999.778299
64 90 999.976772
63 91 999.9911629999999
60 92 999.9991259999999
59 93 999.9992199999999
58 94 999.999734
57 95 999.9998489999999
56 96 999.999929
55 97 999.999988
54 98 1000.0
53 99 1000.0
52 100 1
100 101 1000.0
100 102 1000.0
51 103 1000.0
50 104 1
104 105 1
105 106 1
106 107 1
107 108 1
108 109 1
109 110 1
110 111 1
111 112 1000.0
111 113 1000.0
110 114 1000.0
109 115 1000.0
108 116 1
116 117 1
117 118 1
118 119 1
119 120 1
120 121 52.747885000000004
121 122 947.252115
121 123 947.252115
120 124 1
124 125 1
125 126 1
126 127 1000.0
126 128 1000.0
125 129 1000.0
124 130 1000.0
119 131 1000.0
118 132 1000.0
117 133 1
133 134 1
134 135 1
135 136 1
136 137 1
137 138 1
138 139 1000.0
138 140 1
140 141 1
141 142 1000.0
141 143 1000.0
140 144 1000.0
137 145 1000.0
136 146 1000.0
135 147 1000.0
134 148 1
148 149 1000.0
148 150 1000.0
133 151 1
151 152 1
152 153 1
153 154 1000.0
153 155 1000.0
152 156 1
156 157 1000.0
156 158 1000.0
151 159 1
159 160 1000.0
159 161 1000.0
116 162 1
162 163 1
163 164 1000.0
163 165 1000.0
162 166 1
166 167 1
167 168 1
168 169 1000.0
168 170 1000.0
167 171 544.331005
171 172 455.668995
171 173 455.668995
166 174 1000.0
107 175 1000.0
106 176 1
176 177 1
177 178 1000.0
177 179 1000.0
176 180 1000.0
105 181 1
181 182 1000.0
181 183 1000.0
104 184 1
184 185 1000.0
184 186 1000.0
49 187 4e-06
187 188 999.999996
187 189 9e-06
189 190 2.3999999999999997e-05
190 191 5.1e-05
191 192 8.2e-05
192 193 0.000279
193 194 0.000676
194 195 0.002657
195 196 0.003387
196 197 0.003929
197 198 0.007124
198 199 0.013449999999999998
199 200 0.074226
200 201 0.108067
201 202 0.186284
202 203 0.18776
203 204 0.262936
204 205 0.741986
205 206 0.860818
206 207 999.139182
206 208 3.8321929999999997
208 209 7.750397
209 210 9.540310999999999
210 211 31.99206
211 212 968.0079400000001
211 213 208.355914
213 214 1
213 215 791.644086
210 216 990.459689
209 217 992.249603
208 218 996.1678069999999
205 219 999.2580139999999
204 220 999.7370639999999
203 221 999.81224
202 222 999.8137160000001
201 223 999.891933
200 224 999.9257739999999
199 225 999.9865500000001
198 226 999.9928759999999
197 227 999.996071
196 228 999.996613
195 229 999.9973430000001
194 230 999.999324
193 231 999.999721
192 232 999.999918
191 233 999.999949
190 234 999.999976
189 235 999.9999909999999
30 236 1
236 237 1000.0
236 238 1000.0
29 239 1
239 240 1
240 241 1
241 242 1000.0
241 243 1000.0
240 244 1000.0
239 245 1000.0
26 246 0.000141
246 247 0.00017099999999999998
247 248 0.000337
248 249 0.000902
249 250 0.0013109999999999999
250 251 0.013435
251 252 0.033264999999999996
252 253 999.966735
252 254 0.045064
254 255 0.07327800000000001
255 256 0.11536199999999999
256 257 0.318385
257 258 999.6816150000001
257 259 0.935883
259 260 2.1561299999999997
260 261 2.7150440000000002
261 262 8.195749
262 263 14.288007
263 264 35.557292000000004
264 265 39.859665
265 266 247.386859
266 267 1
266 268 239.49669
268 269 504.26619900000003
268 270 486.565695
265 271 960.140335
264 272 964.442707
263 273 985.711993
262 274 991.8042509999999
261 275 997.284956
260 276 997.84387
259 277 999.064117
256 278 999.884638
255 279 999.926722
254 280 999.954936
251 281 999.986565
250 282 999.998689
249 283 999.999098
248 284 999.999663
247 285 999.9998290000001
246 286 999.999863
25 287 0.000491
287 288 35.538557
288 289 105.711461
289 290 894.2885390000001
289 291 823.209366
288 292 964.461507
287 293 0.002918
293 294 999.9970830000001
293 295 0.005456
295 296 0.011417
296 297 0.017034
297 298 0.027815
298 299 0.078038
299 300 0.12092599999999999
300 301 999.8790740000001
300 302 0.35564300000000004
302 303 1.526922
303 304 2.348002
304 305 2.614362
305 306 5.271661
306 307 13.285352
307 308 25.996472999999998
308 309 974.003524
308 310 221.834513
310 311 778.165488
310 312 77.307823
307 313 986.714648
306 314 994.7283390000001
305 315 997.385639
304 316 997.651998
303 317 998.473078
302 318 999.644357
299 319 999.921965
298 320 999.9722179999999
297 321 999.982898
296 322 999.988565
295 323 999.9945439999999
24 324 2.1e-05
324 325 0.000337
325 326 0.000547
326 327 0.002413
327 328 0.005677
328 329 0.026776
329 330 0.09886999999999999
330 331 1.902348
331 332 173.937695
332 333 826.10596
332 334 822.0094720000001
331 335 8.840931000000001
335 336 991.210227
335 337 28.061514999999996
337 338 971.938496
337 339 42.637468
339 340 62.758059
340 341 633.768095
340 342 936.949939
339 343 957.362532
330 344 1.421652
344 345 6.520175999999999
345 346 12.541939
346 347 73.61412200000001
347 348 356.305425
348 349 383.90009
348 350 627.328925
347 351 926.385658
346 352 551.315427
352 353 413.755121
352 354 458.53014200000007
345 355 993.4798239999999
344 356 998.6295419999999
329 357 0.046727
357 358 0.25759200000000004
358 359 999.742408
358 360 0.31420200000000004
360 361 999.6857970000001
360 362 0.9046409999999999
362 363 1.243195
363 364 1.969556
364 365 3.42075
365 366 819.515988
366 367 43.00257
367 368 120.20697600000001
368 369 28.562019
368 370 56.114001
367 371 87.753055
371 372 58.267323000000005
372 373 149.300908
372 374 1
371 375 1
366 376 159.072828
365 377 5.867149
377 378 994.1328520000001
377 379 77.30946
379 380 133.66844
380 381 361.47479699999997
380 382 866.3315600000001
379 383 922.6905399999999
364 384 998.030443
363 385 998.756805
362 386 999.095359
357 387 999.9641479999999
328 388 0.03013
388 389 0.157146
389 390 0.217232
390 391 0.221782
391 392 999.7782080000001
391 393 2.128489
393 394 997.8715149999999
393 395 3.3446629999999997
395 396 3.7447939999999997
396 397 5.0837889999999994
397 398 18.458928
398 399 981.5410719999999
398 400 31.553622999999998
400 401 201.91825900000003
401 402 161.757507
402 403 493.32965499999995
402 404 777.2614179999999
401 405 101.880145
400 406 968.446194
397 407 994.9162100000001
396 408 996.2552069999999
395 409 996.655336
390 410 999.782778
389 411 999.8428349999999
388 412 999.973956
327 413 999.9972740000001
326 414 0.0037700000000000003
414 415 999.9967549999999
414 416 0.00867
416 417 0.01845
417 418 0.12958799999999998
418 419 0.28067600000000004
419 420 0.790947
420 421 1.461822
421 422 998.538159
421 423 3.390817
423 424 5.606309
424 425 7.821065000000001
425 426 9.646924
426 427 59.523337
427 428 197.815023
428 429 1
428 430 802.184976
427 431 940.476664
426 432 990.353077
425 433 992.178932
424 434 994.3936900000001
423 435 996.6091909999999
420 436 999.209055
419 437 290.441527
437 438 709.8036050000001
437 439 708.753865
418 440 999.868524
417 441 999.9815500000001
416 442 999.99133
325 443 999.99976
324 444 4.7999999999999994e-05
444 445 0.000117
445 446 0.000277
446 447 0.002505
447 448 999.99778
447 449 0.006496
449 450 999.993504
449 451 0.007722
451 452 0.029737999999999997
452 453 0.06438
453 454 0.108107
454 455 0.114024
455 456 0.583936
456 457 0.6042299999999999
457 458 3.560869
458 459 5.868928
459 460 6.681690999999999
460 461 8.18547
461 462 991.814529
461 463 128.173046
463 464 246.827186
464 465 1
464 466 577.7878539999999
466 467 1
466 468 158.93335399999998
463 469 871.826952
460 470 993.318309
459 471 994.131072
458 472 996.439131
457 473 999.3957740000001
456 474 999.41606
455 475 999.885993
454 476 999.892024
453 477 7.6093079999999995
477 478 242.19769100000002
478 479 757.964607
478 480 742.617038
477 481 992.163821
452 482 999.9698370000001
451 483 999.992278
446 484 0.000628
484 485 999.9995379999999
484 486 0.009889
486 487 0.020197
487 488 0.05274
488 489 0.11829200000000001
489 490 0.124437
490 491 0.200378
491 492 1.157431
492 493 6.6892499999999995
493 494 6.746494
494 495 8.656139
495 496 183.77782
496 497 796.843307
496 498 818.288772
495 499 9.728551000000001
499 500 71.878788
500 501 928.1212180000001
500 502 165.95342200000002
502 503 834.046577
502 504 1
499 505 990.271437
494 506 993.2535059999999
493 507 993.3108000000001
492 508 164.32066
508 509 837.550426
508 510 831.493189
491 511 999.7996219999999
490 512 999.878878
489 513 999.875078
488 514 999.955694
487 515 999.9631499999999
486 516 0.013951
516 517 0.039489
517 518 999.9605109999999
517 519 0.07083700000000001
519 520 0.085451
520 521 0.256877
521 522 0.447939
522 523 2.618696
523 524 997.381303
523 525 3.6881209999999998
525 526 6.7090440000000005
526 527 19.149531
527 528 30.118879999999997
528 529 39.904816
529 530 112.301925
530 531 887.698076
530 532 1
529 533 960.095184
528 534 969.88112
527 535 980.850473
526 536 993.290949
525 537 996.311879
522 538 999.5520750000001
521 539 999.743095
520 540 999.914549
519 541 999.929163
516 542 999.987707
445 543 0.001031
543 544 0.000969
544 545 0.001449
545 546 0.005595
546 547 0.067083
547 548 0.225923
548 549 0.391822
549 550 0.522907
550 551 1.181891
551 552 7.227199
552 553 8.592153
553 554 23.426423
554 555 51.493846
555 556 948.506161
555 557 103.906305
557 558 289.089921
557 559 896.0936979999999
554 560 976.573552
553 561 991.40785
552 562 992.7741940000001
551 563 13.941137000000001
563 564 77.731693
564 565 893.8525520000001
564 566 923.7009370000001
563 567 983.2399150000001
550 568 999.477093
549 569 999.6081780000001
548 570 117.919408
570 571 882.1718710000001
570 572 881.5375120000001
547 573 460.283191
573 574 539.57334
573 575 539.729794
546 576 0.229813
576 577 999.7734389999999
576 578 0.30214399999999997
578 579 0.944702
579 580 26.652435
580 581 69.053644
581 582 871.4900070000001
581 583 136.341328
583 584 687.897738
583 585 893.3867799999999
580 586 973.357366
579 587 999.037515
578 588 2.060727
588 589 68.78495799999999
589 590 931.767176
589 591 927.0306189999999
588 592 5.221603
592 593 153.122755
593 594 833.518806
593 595 849.7958219999999
592 596 158.33289399999998
596 597 819.552981
596 598 841.667152
545 599 0.004301
599 600 0.019908
600 601 0.059307
601 602 0.106072
602 603 1.081897
603 604 1.93278
604 605 49.443273
605 606 951.7473409999999
605 607 945.985361
604 608 8.280125
608 609 28.606140000000003
609 610 76.20814299999999
610 611 233.368433
611 612 368.43300800000003
611 613 766.631569
610 614 923.791807
609 615 971.39388
608 616 991.7210259999999
603 617 998.565964
602 618 0.285442
618 619 0.553968
619 620 1.47166
620 621 5.82264
621 622 18.061097
622 623 19.383110000000002
623 624 980.616858
623 625 93.484673
625 626 257.752812
626 627 738.552457
626 628 27.027382
625 629 906.515349
622 630 981.9388710000001
621 631 994.177505
620 632 998.5280489999999
619 633 999.446032
618 634 999.715837
601 635 999.9406929999999
600 636 999.980092
599 637 999.997879
544 638 0.010586
638 639 0.042703
639 640 0.348101
640 641 0.7937150000000001
641 642 4.887751
642 643 995.112282
642 644 6.149272
644 645 11.907725
645 646 30.104658
646 647 969.8953120000001
646 648 61.094128000000005
648 649 938.90589
648 650 195.88132099999999
650 651 804.118324
650 652 99.38523599999999
645 653 988.092533
644 654 323.66996600000004
654 655 655.640574
654 656 684.719868
641 657 999.219279
640 658 167.704
658 659 832.359037
658 660 831.489073
639 661 9.326228
661 662 990.6896509999999
661 663 15.143001
663 664 984.7882589999999
663 665 42.719988
665 666 908.155186
665 667 252.94731399999998
667 668 771.579562
667 669 599.550927
638 670 0.062985
670 671 1.344134
671 672 11.775955
672 673 988.075875
672 674 28.917099
674 675 971.156987
674 676 77.200965
676 677 893.4841929999999
676 678 155.253199
678 679 501.684848
678 680 859.4041649999999
671 681 998.670621
670 682 0.084304
682 683 935.762566
683 684 64.32624799999999
683 685 63.980261999999996
682 686 0.22649599999999998
686 687 0.432217
687 688 0.916586
688 689 2.937753
689 690 3.117001
690 691 13.048696000000001
691 692 18.194629000000003
692 693 981.805375
692 694 20.515105
694 695 161.260283
695 696 838.7397169999999
695 697 170.680661
694 698 979.484895
691 699 986.952638
690 700 996.880314
689 701 997.0622369999999
688 702 52.142122
702 703 949.7902829999999
702 704 944.092217
687 705 999.567807
686 706 999.7734639999999
543 707 0.001453
707 708 0.001968
708 709 0.0022010000000000003
709 710 0.0032969999999999996
710 711 1.8159450000000001
711 712 2.026101
712 713 118.366287
713 714 883.4738590000001
713 715 875.7403919999999
712 716 2.755534
716 717 997.244709
716 718 7.69661
718 719 992.3033459999999
718 720 12.074876
720 721 987.92506
720 722 45.198212
722 723 277.14545899999996
723 724 715.1222190000001
723 725 303.64162
722 726 954.7916499999999
711 727 998.1894820000001
710 728 0.060766
728 729 0.253023
729 730 0.712344
730 731 999.365371
730 732 1.472573
732 733 2.604861
733 734 997.396052
733 735 6.878987
735 736 48.057942
736 737 65.678192
737 738 111.844259
738 739 888.1557779999999
738 740 335.478232
737 741 934.352318
736 742 951.882221
735 743 993.1183550000001
732 744 76.792775
744 745 924.5423969999999
744 746 113.693406
746 747 724.154387
746 748 886.3064250000001
729 749 0.46537100000000003
749 750 1.919016
750 751 3.320137
751 752 10.41957
752 753 19.057677
753 754 49.252364
754 755 52.55695
755 756 86.213686
756 757 913.7862480000001
756 758 1
755 759 947.4430440000001
754 760 950.7476750000001
753 761 980.942237
752 762 989.5804979999999
751 763 61.634071999999996
763 764 928.149874
763 765 156.86443599999998
765 766 850.0313780000001
765 767 720.122621
750 768 61.274401999999995
768 769 939.709279
768 770 934.525365
749 771 998.92305
728 772 999.943665
709 773 0.006281
773 774 0.036054
774 775 0.506647
775 776 999.507028
775 777 1.484418
777 778 998.515667
777 779 1.6748949999999998
779 780 3.526428
780 781 8.090681
781 782 73.641167
782 783 926.358574
782 784 140.17205800000002
784 785 859.827821
784 786 540.066918
781 787 991.9097459999999
780 788 996.472721
779 789 998.3250999999999
774 790 0.11394599999999999
790 791 0.300636
791 792 999.678314
791 793 1.293955
793 794 6.339702
794 795 13.912230000000001
795 796 42.286375
796 797 55.749859
797 798 944.250208
797 799 223.10681300000002
799 800 776.8932259999999
799 801 195.100685
796 802 957.715372
795 803 986.130252
794 804 140.990295
804 805 861.7620860000001
804 806 843.392598
793 807 105.195471
807 808 895.560902
807 809 891.4790419999999
790 810 999.886938
773 811 0.113612
811 812 999.8905920000001
811 813 0.281662
813 814 1.072005
814 815 4.388234
815 816 11.415733
816 817 15.382993
817 818 55.480929999999994
818 819 109.655013
819 820 486.224347
819 821 890.346095
818 822 944.516855
817 823 984.617173
816 824 988.5840059999999
815 825 995.611639
814 826 998.927967
813 827 999.7183379999999
708 828 0.001095
828 829 0.005368
829 830 0.0045769999999999995
830 831 0.031239
831 832 0.06701800000000001
832 833 0.243006
833 834 999.765882
833 835 2.616585
835 836 16.000338
836 837 35.175830000000005
837 838 58.453081
838 839 797.404233
838 840 224.713714
840 841 586.3055919999999
840 842 847.3575820000001
837 843 968.18932
836 844 85.77475799999999
844 845 245.74342699999997
845 846 754.254582
845 847 491.481132
844 848 914.6812880000001
835 849 6.155469
849 850 34.207895
850 851 81.967103
851 852 826.755154
851 853 927.1085400000001
850 854 259.84212
854 855 743.603436
854 856 631.991925
849 857 994.371197
832 858 0.928643
858 859 61.615308
859 860 938.537904
859 861 119.426775
861 862 880.572507
861 863 753.576071
858 864 3.46701
864 865 6.442138999999999
865 866 99.255224
866 867 881.051564
866 868 209.159541
868 869 587.627389
868 870 801.049804
865 871 11.827375
871 872 33.725375
872 873 259.500878
873 874 730.943148
873 875 503.20369600000004
872 876 966.274796
871 877 989.1862339999999
864 878 996.537743
831 879 999.9834699999999
830 880 0.023638
880 881 0.06334999999999999
881 882 0.278395
882 883 1.5172059999999998
883 884 998.5345349999999
883 885 1.857333
885 886 998.1426280000001
885 887 7.872725
887 888 40.407291
888 889 182.536301
889 890 651.281215
889 891 817.4692909999999
888 892 68.760948
892 893 952.57962
892 894 829.061346
887 895 992.1272399999999
882 896 1.290901
896 897 6.0071520000000005
897 898 14.188486000000001
898 899 58.057965
899 900 941.943411
899 901 68.949321
901 902 187.096438
902 903 190.474898
902 904 814.5282209999999
901 905 927.7938029999999
898 906 985.808761
897 907 994.379296
896 908 998.036892
881 909 0.222038
909 910 999.804006
909 911 0.773803
911 912 51.036672
912 913 946.8428660000001
912 914 272.300079
914 915 728.9008349999999
914 916 625.16079
911 917 12.663298000000001
917 918 28.969205
918 919 32.644127
919 920 134.840364
920 921 865.168897
920 922 555.857065
919 923 960.5071150000001
923 924 1
923 925 28.347353
918 926 971.1153810000001
917 927 40.345556
927 928 961.336277
927 929 932.411709
880 930 0.008825
930 931 0.029135
931 932 0.069717
932 933 0.607428
933 934 1.710213
934 935 25.248619
935 936 59.55743
936 937 209.34598100000002
937 938 542.963582
937 939 790.765549
936 940 940.2195409999999
935 941 860.891719
941 942 142.608637
941 943 85.15427100000001
934 944 12.872253
944 945 982.79085
944 946 17.657817
946 947 25.614538999999997
947 948 27.501568
948 949 394.54641499999997
949 950 93.607084
949 951 605.453584
948 952 972.498431
947 953 974.3855619999999
946 954 984.9562779999999
933 955 6.915184000000001
955 956 12.956346
956 957 36.746052
957 958 229.21814399999997
958 959 580.699794
958 960 769.288728
957 961 963.228748
956 962 814.566776
962 963 193.72177200000002
962 964 151.227023
955 965 993.245499
932 966 0.39320199999999994
966 967 1.683337
967 968 3.186339
968 969 996.839647
968 970 30.480304000000004
970 971 969.5196360000001
970 972 55.092788999999996
972 973 944.9072490000001
972 974 139.524272
974 975 860.4757279999999
974 976 556.95154
967 977 13.645495999999998
977 978 66.365349
978 979 902.8988899999999
978 980 929.0678249999999
977 981 34.687864000000005
981 982 967.60856
981 983 144.596328
983 984 855.4035969999999
983 985 728.993365
966 986 999.671136
931 987 0.029587
987 988 0.295776
988 989 0.257942
989 990 4.701664
990 991 14.160181
991 992 28.086616
992 993 164.82585
993 994 669.521036
993 995 835.1892019999999
992 996 972.2603740000001
991 997 985.085628
990 998 995.35147
989 999 0.821759
999 1000 324.774356
1000 1001 675.278572
1000 1002 671.7927099999999
999 1003 3.117134
1003 1004 12.889923
1004 1005 26.764531
1005 1006 33.734106000000004
1006 1007 46.09494
1007 1008 155.948152
1008 1009 844.0499080000001
1008 1010 45.59705
1007 1011 953.9050599999999
1006 1012 966.265896
1005 1013 973.235474
1004 1014 987.110059
1003 1015 997.546487
988 1016 3.515711
1016 1017 6.589082
1017 1018 8.728519
1018 1019 47.362285
1019 1020 107.37257899999999
1020 1021 134.261552
1021 1022 142.929916
1021 1023 865.7384159999999
1020 1024 892.627443
1019 1025 952.689255
1018 1026 991.1709119999999
1017 1027 993.4067620000001
1016 1028 118.38907599999999
1028 1029 874.209953
1028 1030 882.143089
987 1031 0.243537
1031 1032 0.40166
1032 1033 27.434904999999997
1033 1034 971.223798
1033 1035 286.03146499999997
1035 1036 658.975601
1035 1037 714.821704
1032 1038 1.521995
1038 1039 10.729586000000001
1039 1040 12.487298
1040 1041 48.377026
1041 1042 357.151665
1042 1043 583.217163
1042 1044 417.705916
1041 1045 951.6726229999999
1040 1046 987.41327
1039 1047 136.00295
1047 1048 867.416884
1047 1049 839.664357
1038 1050 6.5384139999999995
1050 1051 41.910505
1051 1052 960.652751
1051 1053 943.0699860000001
1050 1054 73.907859
1054 1055 904.202312
1054 1056 926.365291
1031 1057 2.519456
1057 1058 14.047142000000001
1058 1059 35.227586
1059 1060 964.6094229999999
1059 1061 185.227971
1061 1062 814.8535259999999
1061 1063 666.166493
1058 1064 986.323151
1057 1065 4.275076
1065 1066 19.728046
1066 1067 47.877221
1067 1068 315.132721
1068 1069 459.21976100000006
1068 1070 684.859229
1067 1071 952.122778
1066 1072 983.151282
1065 1073 44.365598
1073 1074 935.360021
1073 1075 956.0046050000001
930 1076 0.097581
1076 1077 0.8617949999999999
1077 1078 2.871536
1078 1079 997.120947
1078 1080 4.564216
1080 1081 995.439543
1080 1082 11.964729
1082 1083 74.11224899999999
1083 1084 125.64915400000001
1084 1085 874.264217
1084 1086 556.416904
1083 1087 925.857126
1082 1088 453.07966999999996
1088 1089 507.741071
1088 1090 562.170131
1077 1091 999.182369
1076 1092 0.29449400000000003
1092 1093 0.496837
1093 1094 0.8481519999999999
1094 1095 1.075027
1095 1096 2.01162
1096 1097 16.405624
1097 1098 45.594924999999996
1098 1099 955.8277049999999
1098 1100 220.43331400000002
1100 1101 643.254447
1100 1102 731.706321
1097 1103 32.013124999999995
1103 1104 971.668619
1103 1105 88.75760700000001
1105 1106 767.788089
1105 1107 911.242392
1096 1108 8.841053
1108 1109 19.981836
1109 1110 980.1150570000001
1109 1111 57.88118
1111 1112 260.40892
1112 1113 788.814419
1112 1114 565.352383
1111 1115 838.6793620000001
1108 1116 18.764719
1116 1117 58.728822
1117 1118 49.153389
1118 1119 158.000417
1119 1120 841.9995829999999
1119 1121 331.473825
1118 1122 950.8466800000001
1117 1123 952.314522
1116 1124 198.714963
1124 1125 749.9195
1124 1126 780.532725
1095 1127 11.089538000000001
1127 1128 39.782213
1128 1129 958.7110450000001
1128 1130 210.287245
1130 1131 653.248718
1130 1132 790.89074
1127 1133 10.805391
1133 1134 34.444964
1134 1135 188.39795800000002
1135 1136 704.626604
1135 1137 772.782862
1134 1138 958.992506
1133 1139 139.942031
1139 1140 866.9866109999999
1139 1141 806.647123
1094 1142 5.468267
1142 1143 22.135353
1143 1144 977.864557
1143 1145 69.129147
1145 1146 186.613759
1146 1147 813.486945
1146 1148 505.320807
1145 1149 930.330249
1142 1150 994.680963
1093 1151 1.887134
1151 1152 159.73201
1152 1153 835.135294
1152 1154 839.069731
1151 1155 6.237415
1155 1156 16.919904
1156 1157 93.265288
1157 1158 906.8388410000001
1157 1159 373.224024
1159 1160 439.359713
1160 1161 178.308439
1160 1162 196.522913
1159 1163 313.817507
1156 1164 115.77219000000001
1164 1165 846.7556780000001
1164 1166 892.9126419999999
1155 1167 18.023087
1167 1168 965.250719
1167 1169 40.563511000000005
1169 1170 72.062405
1170 1171 99.273891
1171 1172 374.66143700000003
1171 1173 900.7261
1170 1174 927.937595
1169 1175 967.941541
1092 1176 1.418672
1176 1177 9.827425
1177 1178 46.333496000000004
1178 1179 96.822738
1179 1180 152.050073
1180 1181 353.48449899999997
1180 1182 847.947296
1179 1183 903.1837290000001
1178 1184 953.65357
1177 1185 990.408629
1176 1186 3.7130660000000004
1186 1187 996.68463
1186 1188 10.262279000000001
1188 1189 37.486768999999995
1189 1190 223.163511
1190 1191 776.8418429999999
1190 1192 598.110049
1189 1193 83.725908
1193 1194 815.34222
1193 1195 942.210978
1188 1196 595.082992
1196 1197 376.552798
1196 1198 412.757104
829 1199 0.036510999999999995
1199 1200 0.14080099999999998
1200 1201 0.406257
1201 1202 1.128417
1202 1203 3.068785
1203 1204 996.9460489999999
1203 1205 3.4275680000000004
1205 1206 7.730455
1206 1207 11.759371999999999
1207 1208 35.826658
1208 1209 205.797002
1209 1210 274.65015300000005
1209 1211 794.203115
1208 1212 964.173042
1207 1213 988.240643
1206 1214 992.269726
1205 1215 996.5720100000001
1202 1216 998.856824
1201 1217 53.868923
1217 1218 945.3485649999999
1217 1219 946.0413629999999
1200 1220 999.869208
1199 1221 0.096594
1221 1222 0.384265
1222 1223 0.803345
1223 1224 999.21275
1223 1225 4.3472669999999995
1225 1226 7.871694
1226 1227 52.426976
1227 1228 30.241365999999996
1228 1229 908.90629
1228 1230 925.755524
1227 1231 146.31216799999999
1231 1232 853.6861769999999
1231 1233 172.155376
1233 1234 122.161579
1233 1235 827.845705
1226 1236 516.5458199999999
1236 1237 492.227455
1236 1238 458.936194
1225 1239 995.653139
1222 1240 2.121619
1240 1241 3.6957299999999997
1241 1242 15.054988
1242 1243 43.77948
1243 1244 58.591772
1244 1245 122.466105
1245 1246 401.505024
1245 1247 877.5340269999999
1244 1248 941.4080200000001
1243 1249 961.9042509999999
1242 1250 973.576987
1241 1251 76.907741
1251 1252 914.259104
1251 1253 925.6268009999999
1240 1254 87.702869
1254 1255 911.220833
1254 1256 907.278232
1221 1257 4.769526
1257 1258 104.332882
1258 1259 895.812048
1258 1260 885.974355
1257 1261 324.952242
1261 1262 674.779667
1261 1263 451.177528
1263 1264 190.673581
1263 1265 146.564221
1265 1266 1
1265 1267 335.57206
828 1268 0.002204
1268 1269 0.023496
1269 1270 0.024498
1270 1271 0.48902700000000004
1271 1272 1.6819879999999998
1272 1273 50.164215999999996
1273 1274 949.881394
1273 1275 78.82124
1275 1276 132.416173
1276 1277 487.87527
1276 1278 866.473673
1275 1279 921.178136
1272 1280 38.72213
1280 1281 165.317919
1281 1282 834.6831070000001
1281 1283 749.093075
1280 1284 961.840147
1271 1285 1.89479
1285 1286 4.998767
1286 1287 21.104822000000002
1287 1288 223.643725
1288 1289 697.620948
1288 1290 778.738232
1287 1291 33.968509000000005
1291 1292 122.445223
1292 1293 693.672014
1292 1294 872.7455649999999
1291 1295 974.567496
1286 1296 995.001001
1285 1297 998.164657
1270 1298 0.057598
1298 1299 0.269243
1299 1300 999.791055
1299 1301 0.671079
1301 1302 0.907743
1302 1303 1.092175
1303 1304 3.7366639999999998
1304 1305 5.341301
1305 1306 13.176724
1306 1307 82.386611
1307 1308 917.621003
1307 1309 161.570379
1309 1310 838.4296360000001
1309 1311 245.08177799999999
1306 1312 986.807992
1305 1313 994.658762
1304 1314 996.2632040000001
1303 1315 998.9078770000001
1302 1316 999.20043
1301 1317 999.1123699999999
1298 1318 0.663975
1318 1319 1.7726080000000002
1319 1320 1.986134
1320 1321 2.087636
1321 1322 7.985691
1322 1323 35.326295
1323 1324 47.308558
1324 1325 72.039242
1325 1326 927.9607159999999
1325 1327 291.189412
1324 1328 952.6917219999999
1323 1329 507.94409600000006
1329 1330 449.89118799999994
1329 1331 463.56691
1322 1332 992.014309
1321 1333 997.9124459999999
1320 1334 718.94318
1334 1335 273.334302
1334 1336 284.80674
1319 1337 998.2273920000001
1318 1338 999.348376
1269 1339 0.117935
1339 1340 33.780693
1340 1341 966.244699
1340 1342 82.570508
1342 1343 849.5944720000001
1342 1344 917.105659
1339 1345 0.157674
1345 1346 0.738963
1346 1347 1.3986669999999999
1347 1348 1.711573
1348 1349 20.167648
1349 1350 33.460084
1350 1351 700.343245
1351 1352 206.238541
1351 1353 326.154703
1350 1354 170.921996
1354 1355 656.165975
1354 1356 829.0778760000001
1349 1357 982.746251
1348 1358 15.037747000000001
1358 1359 20.049767
1359 1360 112.584539
1360 1361 161.928364
1361 1362 291.871567
1361 1363 838.074604
1360 1364 887.406178
1359 1365 177.00825899999998
1365 1366 752.786837
1365 1367 853.097754
1358 1368 984.9620460000001
1347 1369 10.912982
1369 1370 283.570674
1370 1371 718.432289
1370 1372 694.408083
1369 1373 35.028987
1373 1374 940.96011
1373 1375 960.9695220000001
1346 1376 998.7966180000001
1345 1377 0.763518
1377 1378 999.246389
1377 1379 0.779885
1379 1380 0.8459080000000001
1380 1381 4.4366200000000005
1381 1382 995.563376
1381 1383 12.865114
1383 1384 18.04556
1384 1385 68.835224
1385 1386 931.164598
1385 1387 110.400925
1387 1388 208.581312
1387 1389 889.599012
1384 1390 981.9545509999999
1383 1391 987.134656
1380 1392 999.154092
1379 1393 999.220115
1268 1394 0.001855
1394 1395 0.00535
1395 1396 0.05169699999999999
1396 1397 0.120138
1397 1398 0.235433
1398 1399 3.2043299999999997
1399 1400 13.178831999999998
1400 1401 19.382558
1401 1402 980.595634
1401 1403 31.150232
1403 1404 126.86992800000002
1404 1405 563.522246
1404 1406 873.1302129999999
1403 1407 968.860381
1400 1408 986.8821399999999
1399 1409 5.043658
1409 1410 988.186384
1409 1411 10.327628
1411 1412 18.512121
1412 1413 163.149487
1413 1414 706.6870220000001
1413 1415 836.855289
1412 1416 97.869305
1416 1417 841.887737
1416 1418 925.442345
1411 1419 993.1689719999999
1398 1420 0.5132399999999999
1420 1421 999.610479
1420 1422 2.188382
1422 1423 31.418139
1423 1424 961.471541
1423 1425 87.864427
1425 1426 287.05086
1426 1427 559.68007
1426 1428 692.29588
1425 1429 842.932602
1422 1430 13.767312
1430 1431 197.394849
1431 1432 803.2427070000001
1431 1433 777.1655380000001
1430 1434 48.621527
1434 1435 55.218920000000004
1435 1436 944.780232
1435 1437 57.026394
1437 1438 942.974019
1437 1439 481.93872300000004
1434 1440 951.3784899999999
1397 1441 0.905944
1441 1442 1.848435
1442 1443 96.891573
1443 1444 898.16485
1443 1445 904.49897
1442 1446 5.469036
1446 1447 994.435726
1446 1448 12.283577
1448 1449 961.380535
1448 1450 48.270809
1450 1451 200.160253
1451 1452 671.108268
1451 1453 432.652412
1453 1454 121.094946
1453 1455 374.311426
1455 1456 1
1455 1457 137.871193
1457 1458 1
1457 1459 128.727887
1459 1460 1
1459 1461 560.331915
1450 1462 964.920607
1441 1463 998.9638060000001
1396 1464 0.28497100000000003
1464 1465 0.537832
1465 1466 2.094548
1466 1467 4.948148
1467 1468 14.600826
1468 1469 35.188944
1469 1470 72.23799600000001
1470 1471 337.178486
1471 1472 662.815959
1471 1473 26.072233999999998
1470 1474 927.762451
1469 1475 964.8100769999999
1468 1476 985.399174
1467 1477 995.0518519999999
1466 1478 997.9054530000001
1465 1479 999.4622830000001
1464 1480 200.60090599999998
1480 1481 798.793121
1480 1482 799.478979
1395 1483 0.583589
1483 1484 32.473962
1484 1485 967.54751
1484 1486 966.362389
1483 1487 0.766805
1487 1488 999.233271
1487 1489 2.356241
1489 1490 4.484928
1490 1491 10.623018
1491 1492 27.993677
1492 1493 972.006545
1492 1494 43.338535
1494 1495 956.660916
1494 1496 89.136621
1496 1497 910.863758
1496 1498 352.424087
1491 1499 989.3756440000001
1490 1500 995.5150679999999
1489 1501 997.6437629999999
1394 1502 0.012657999999999999
1502 1503 0.018000000000000002
1503 1504 0.051157999999999995
1504 1505 0.115238
1505 1506 8.054413
1506 1507 81.45158500000001
1507 1508 448.653897
1508 1509 249.41040999999998
1509 1510 401.621905
1509 1511 202.481352
1508 1512 144.42725199999998
1512 1513 157.767359
1512 1514 263.803483
1507 1515 132.37663
1515 1516 789.4251019999999
1515 1517 378.785466
1517 1518 610.614341
1517 1519 197.635388
1506 1520 31.042769999999997
1520 1521 101.55907900000001
1521 1522 802.559877
1521 1523 897.982837
1520 1524 969.074215
1505 1525 0.294414
1525 1526 0.682258
1526 1527 24.62979
1527 1528 45.447813
1528 1529 89.328546
1529 1530 707.557493
1529 1531 911.0497499999999
1528 1532 953.7954579999999
1527 1533 975.37018
1526 1534 999.325048
1525 1535 1.089665
1535 1536 6.036770000000001
1536 1537 994.3423720000001
1536 1538 16.069682
1538 1539 33.520469000000006
1539 1540 963.9521309999999
1539 1541 239.07795900000002
1541 1542 567.897549
1541 1543 352.839136
1543 1544 393.438641
1543 1545 425.24553999999995
1538 1546 983.931651
1535 1547 10.923516
1547 1548 989.08015
1547 1549 22.528551
1549 1550 977.470251
1549 1551 32.611233
1551 1552 866.246926
1551 1553 966.633021
1504 1554 1.229315
1554 1555 3.558733
1555 1556 26.833161999999998
1556 1557 39.765498
1557 1558 83.595258
1558 1559 725.4291900000001
1558 1560 916.406164
1557 1561 965.049789
1556 1562 964.9148500000001
1555 1563 3.859411
1563 1564 9.334295
1564 1565 84.78590799999999
1565 1566 880.2924730000001
1565 1567 931.472928
1564 1568 35.117272
1568 1569 964.882706
1568 1570 69.331114
1570 1571 693.0383039999999
1570 1572 930.6687139999999
1563 1573 95.160113
1573 1574 890.9178009999999
1573 1575 911.040242
1554 1576 2.406104
1576 1577 11.544148
1577 1578 16.859006
1578 1579 20.546998
1579 1580 263.643378
1580 1581 642.725494
1580 1582 788.892376
1579 1583 268.719894
1583 1584 549.460124
1583 1585 661.860281
1578 1586 983.140605
1577 1587 989.931934
1576 1588 42.635967
1588 1589 304.053714
1589 1590 600.936794
1589 1591 699.816611
1588 1592 949.6396569999999
1503 1593 0.080388
1593 1594 999.945239
1593 1595 0.11163
1595 1596 0.335256
1596 1597 0.9767079999999999
1597 1598 7.209652
1598 1599 15.265274000000002
1599 1600 24.2468
1600 1601 975.7527830000001
1600 1602 28.573973000000002
1602 1603 639.984677
1603 1604 242.175774
1603 1605 56.926509
1602 1606 971.4261150000001
1599 1607 984.734737
1598 1608 993.6075069999999
1597 1609 10.061745
1609 1610 66.055701
1610 1611 200.65616300000002
1611 1612 799.343757
1611 1613 622.370536
1610 1614 936.02846
1609 1615 59.22603600000001
1615 1616 938.183386
1615 1617 89.756505
1617 1618 738.734447
1617 1619 911.5666020000001
1596 1620 1.35752
1620 1621 8.829489
1621 1622 12.281687
1622 1623 72.101011
1623 1624 210.12993
1624 1625 779.4231199999999
1624 1626 562.179272
1623 1627 935.1789679999999
1622 1628 55.388119999999994
1628 1629 250.84656600000002
1629 1630 532.1334099999999
1629 1631 749.130091
1628 1632 949.836222
1621 1633 30.269827999999997
1633 1634 76.50009399999999
1634 1635 843.6017700000001
1634 1636 216.052343
1636 1637 581.339941
1636 1638 828.394724
1633 1639 182.028345
1639 1640 734.866297
1639 1641 805.768003
1620 1642 6.7050659999999995
1642 1643 23.909582
1643 1644 976.089843
1643 1645 29.242312
1645 1646 58.20514
1646 1647 154.07803099999998
1647 1648 599.263923
1647 1649 873.158965
1646 1650 209.919642
1650 1651 607.309916
1650 1652 839.577935
1645 1653 196.119446
1653 1654 626.9408430000001
1653 1655 732.369464
1642 1656 994.1529579999999
1595 1657 999.88837
1502 1658 0.009919
1658 1659 0.051685999999999996
1659 1660 0.265395
1660 1661 0.7955490000000001
1661 1662 747.209108
1662 1663 253.24785400000002
1662 1664 220.99580699999999
1664 1665 1
1664 1666 151.57191
1661 1667 1.42863
1667 1668 2.0773260000000002
1668 1669 44.172007
1669 1670 146.655498
1670 1671 853.3133039999999
1670 1672 110.09835100000001
1672 1673 444.091969
1672 1674 772.7927410000001
1669 1675 955.845371
1668 1676 44.804541
1676 1677 946.23636
1676 1678 959.9277430000001
1667 1679 998.584221
1660 1680 3.554854
1680 1681 792.48969
1681 1682 207.17011799999997
1681 1683 199.904571
1680 1684 10.538061
1684 1685 11.272119
1685 1686 66.814509
1686 1687 251.12969999999999
1687 1688 423.045968
1687 1689 748.870292
1686 1690 933.185319
1685 1691 988.727881
1684 1692 989.7149730000001
1659 1693 0.06667
1693 1694 0.293595
1694 1695 30.356895
1695 1696 969.81378
1695 1697 968.975818
1694 1698 0.96031
1698 1699 8.357228
1699 1700 81.753806
1700 1701 901.015992
1700 1702 919.844405
1699 1703 24.466853999999998
1703 1704 34.490784000000005
1704 1705 168.432713
1705 1706 598.6392920000001
1705 1707 809.546252
1704 1708 965.5092149999999
1703 1709 975.533182
1698 1710 2.2020939999999998
1710 1711 11.749368
1711 1712 18.291086
1712 1713 983.2588790000001
1712 1714 92.427561
1714 1715 203.458229
1715 1716 795.703809
1715 1717 362.58443900000003
1714 1718 907.5724389999999
1711 1719 985.150701
1710 1720 997.846258
1693 1721 0.3273
1721 1722 0.7104959999999999
1722 1723 1.849983
1723 1724 11.91531
1724 1725 19.827005
1725 1726 983.4797169999999
1725 1727 142.392227
1727 1728 197.558979
1728 1729 802.445374
1728 1730 330.628088
1727 1731 857.5990519999999
1724 1732 982.476398
1723 1733 4.848725
1733 1734 21.176833000000002
1734 1735 145.796659
1735 1736 857.5102770000001
1735 1737 769.6906280000001
1734 1738 45.994444
1738 1739 963.718491
1738 1740 146.173042
1740 1741 631.2515999999999
1740 1742 853.8271560000001
1733 1743 33.424350000000004
1743 1744 953.468911
1743 1745 161.800071
1745 1746 771.262338
1745 1747 846.9089309999999
1722 1748 999.4489140000001
1721 1749 7.328815
1749 1750 24.317642
1750 1751 118.43387000000001
1751 1752 865.7141490000001
1751 1753 818.285011
1750 1754 976.2865310000001
1749 1755 11.706812
1755 1756 128.821865
1756 1757 813.889509
1756 1758 871.259652
1755 1759 34.967752000000004
1759 1760 973.3536389999999
1759 1761 65.300738
1761 1762 800.5986670000001
1761 1763 934.744389
1658 1764 0.018272
1764 1765 0.11384699999999999
1765 1766 1.451995
1766 1767 998.568221
1766 1768 2.123519
1768 1769 2.510302
1769 1770 6.5621849999999995
1770 1771 993.43812
1770 1772 25.88619
1772 1773 134.501154
1773 1774 865.498927
1773 1775 675.450716
1772 1776 974.1125329999999
1769 1777 997.5334589999999
1768 1778 116.305207
1778 1779 885.490957
1778 1780 877.4738199999999
1765 1781 0.92687
1781 1782 999.1187399999999
1781 1783 1.0076150000000001
1783 1784 4.90592
1784 1785 106.033354
1785 1786 872.317777
1785 1787 891.834507
1784 1788 995.090836
1783 1789 998.9923960000001
1764 1790 0.145175
1790 1791 999.8785919999999
1790 1792 0.511444
1792 1793 2.147111
1793 1794 5.7596359999999995
1794 1795 988.9463729999999
1794 1796 9.382731
1796 1797 993.7635009999999
1796 1798 25.368613
1798 1799 50.988006
1799 1800 112.89990700000001
1800 1801 887.1000929999999
1800 1802 507.23369099999996
1799 1803 949.012041
1798 1804 974.6312939999999
1793 1805 5.072517
1805 1806 27.031281
1806 1807 957.843187
1806 1808 94.259284
1808 1809 245.10330699999997
1809 1810 417.35405
1809 1811 745.661977
1808 1812 913.682752
1805 1813 14.530956
1813 1814 12.050827
1814 1815 987.9491489999999
1814 1816 60.918459999999996
1816 1817 142.560397
1817 1818 853.380378
1817 1819 442.701436
1816 1820 939.079162
1813 1821 988.854976
1792 1822 999.4885569999999
707 1823 0.012157000000000001
1823 1824 0.008005
1824 1825 0.11647999999999999
1825 1826 0.149094
1826 1827 0.435427
1827 1828 1.473964
1828 1829 2.423635
1829 1830 4.13603
1830 1831 6.598331
1831 1832 8.001495
1832 1833 104.77990500000001
1833 1834 155.289561
1834 1835 134.026441
1834 1836 844.090353
1833 1837 895.2210799999999
1832 1838 991.996467
1831 1839 993.401666
1830 1840 995.8643979999999
1829 1841 278.27542
1841 1842 721.055885
1841 1843 717.544672
1828 1844 60.320296
1844 1845 69.647982
1845 1846 933.2238500000001
1845 1847 809.634243
1844 1848 935.333697
1827 1849 999.564573
1826 1850 999.8611500000001
1825 1851 999.8688030000001
1824 1852 0.06690700000000001
1852 1853 0.589503
1853 1854 0.691189
1854 1855 0.706318
1855 1856 1.079089
1856 1857 2.970566
1857 1858 8.268961
1858 1859 47.484377
1859 1860 50.264873
1860 1861 949.7351269999999
1860 1862 223.15206999999998
1862 1863 776.8479229999999
1862 1864 14.101568
1859 1865 952.5157009999999
1858 1866 991.730883
1857 1867 997.029434
1856 1868 998.9209109999999
1855 1869 999.2936930000001
1854 1870 999.3132049999999
1853 1871 999.424595
1852 1872 999.898685
1823 1873 0.03258
1873 1874 999.969939
1873 1875 0.14475200000000002
1875 1876 0.21838500000000002
1876 1877 0.229744
1877 1878 999.770256
1877 1879 0.267964
1879 1880 0.76025
1880 1881 999.239792
1880 1882 1.7329959999999998
1882 1883 998.26707
1882 1884 2.036347
1884 1885 5.228901
1885 1886 24.103565
1886 1887 975.896419
1886 1888 29.644303
1888 1889 103.03847900000001
1889 1890 896.9614789999999
1889 1891 82.434968
1888 1892 970.3557050000001
1885 1893 994.7710940000001
1884 1894 997.9636539999999
1879 1895 999.7316659999999
1876 1896 147.42243399999998
1896 1897 852.328442
1896 1898 852.389919
1875 1899 999.8552480000001
444 1900 0.00022400000000000002
1900 1901 0.00083
1901 1902 0.006559
1902 1903 0.025925999999999998
1903 1904 999.9740620000001
1903 1905 0.051721
1905 1906 0.116025
1906 1907 0.20045200000000002
1907 1908 999.799548
1907 1909 0.490612
1909 1910 1.71393
1910 1911 3.793222
1911 1912 5.469787
1912 1913 84.16413
1913 1914 908.241798
1913 1915 912.490377
1912 1916 8.940829
1916 1917 991.059171
1916 1918 10.438904
1918 1919 989.5610960000001
1918 1920 65.58045
1920 1921 557.805573
1921 1922 1
1921 1923 109.262567
1920 1924 934.419377
1911 1925 996.206769
1910 1926 998.2860609999999
1909 1927 999.5093880000001
1906 1928 999.883975
1905 1929 999.9482849999999
1902 1930 85.31965
1930 1931 914.6654090000001
1930 1932 914.682172
1901 1933 999.999311
1900 1934 0.001202
1934 1935 0.013353
1935 1936 0.019347
1936 1937 999.9806530000001
1936 1938 0.041892
1938 1939 0.078223
1939 1940 999.9217769999999
1939 1941 0.125045
1941 1942 999.874782
1941 1943 0.408311
1943 1944 999.591234
1943 1945 0.488916
1945 1946 1.122228
1946 1947 998.8777660000001
1946 1948 1.325786
1948 1949 2.361154
1949 1950 16.322437
1950 1951 35.934276
1951 1952 40.879829
1952 1953 137.336054
1953 1954 1
1953 1955 862.663946
1952 1956 959.120171
1951 1957 964.065723
1950 1958 983.677562
1949 1959 997.638845
1948 1960 998.674216
1945 1961 999.5113549999999
1938 1962 999.958108
1935 1963 999.987022
1934 1964 0.007133
1964 1965 0.016161
1965 1966 999.983829
1965 1967 0.044878
1967 1968 0.17029
1968 1969 0.20783400000000002
1969 1970 999.792137
1969 1971 0.221105
1971 1972 999.7789129999999
1971 1973 0.377292
1973 1974 999.6227080000001
1973 1975 0.787321
1975 1976 999.212554
1975 1977 2.869265
1977 1978 8.335242
1978 1979 17.080706
1979 1980 982.919268
1979 1981 23.068485
1981 1982 114.937813
1982 1983 885.062187
1982 1984 318.867524
1981 1985 976.931527
1978 1986 991.664757
1977 1987 997.130798
1968 1988 999.831249
1967 1989 29.672902
1989 1990 970.362794
1989 1991 970.195437
1964 1992 999.9930259999999
23 1993 999.9960850000001
22 1994 999.986903
21 1995 999.983862
20 1996 999.9378399999999
19 1997 999.8932540000001
1 1998 999.3548949999999
