1 2 0.49475600000000003
2 3 18.472141999999998
2 4 0.111495
4 5 18.720261
4 6 1
6 7 0.282027
7 8 0.025001
8 9 0.12128799999999999
9 10 18.657333
9 11 16.702816000000002
8 12 0.23385099999999998
12 13 17.833423
12 14 0.571628
14 15 17.800217
14 16 17.980887000000003
7 17 0.445629
17 18 0.0036699999999999997
18 19 19.727072
18 20 0.08116
20 21 18.215477
20 22 17.518854
17 23 0.162162
23 24 16.992776000000003
23 25 0.106525
25 26 0.42568199999999995
26 27 1
27 28 0.15458
28 29 0.45781900000000003
29 30 0.38689100000000004
30 31 0.102666
31 32 1
32 33 1
33 34 0.805393
34 35 1
35 36 0.558047
36 37 0.055083
37 38 15.478571999999998
37 39 16.467171999999998
36 40 0.109957
40 41 1
41 42 1
42 43 0.262272
43 44 1
44 45 1
45 46 0.189048
46 47 14.807281
46 48 14.799829
45 49 0.14235599999999998
49 50 0.240574
50 51 0.25362599999999996
51 52 15.821985
51 53 13.925441999999999
50 54 14.830565000000002
49 55 0.24692300000000003
55 56 0.050416
56 57 0.288549
57 58 0.368692
58 59 17.413335
58 60 15.374317000000001
57 61 0.44617199999999996
61 62 0.617542
62 63 16.424992
62 64 16.549750999999997
61 65 0.251418
65 66 1
66 67 0.360011
67 68 16.456111
67 69 16.752495
66 70 0.173901
70 71 0.09144300000000001
71 72 17.444266
71 73 17.915883
70 74 0.30024
74 75 0.290606
75 76 0.557114
76 77 0.166125
77 78 19.310856
77 79 0.286899
79 80 17.655329000000002
79 81 19.716046000000002
76 82 17.979589
75 83 17.565047
74 84 16.572089000000002
65 85 1
85 86 17.07032
85 87 0.756213
87 88 0.156605
88 89 0.188884
89 90 0.412583
90 91 17.864679
90 92 2.060485
92 93 14.760577999999999
92 94 16.249712
89 95 0.086372
95 96 0.111907
96 97 16.388465999999998
96 98 0.309382
98 99 17.919351
98 100 18.469797
95 101 1
101 102 0.858066
102 103 1
103 104 0.47007200000000005
104 105 17.321158
104 106 0.988505
106 107 1
107 108 0.185526
108 109 19.761154
108 110 0.561577
110 111 21.026525
110 112 17.654486
107 113 1
113 114 20.500113
113 115 0.40631
115 116 2.726794
116 117 18.63062
116 118 18.693983
115 119 1
119 120 1.172121
120 121 23.742562
120 122 0.27407899999999996
122 123 0.8981269999999999
123 124 0.284291
124 125 20.756738
124 126 22.274131999999998
123 127 0.284323
127 128 23.151118
127 129 0.7497229999999999
129 130 22.643182
129 131 22.726323
122 132 25.851903
119 133 19.996394000000002
106 134 1
134 135 1
135 136 17.492219000000002
135 137 0.8155000000000001
137 138 0.20398999999999998
138 139 0.263111
139 140 0.745009
140 141 18.619747
140 142 21.55799
139 143 18.478565
138 144 17.823445
137 145 1
145 146 0.705174
146 147 0.786372
147 148 19.548381
147 149 19.226175
146 150 0.43870200000000004
150 151 1
151 152 0.532941
152 153 0.564988
153 154 0.650271
154 155 23.056542999999998
154 156 23.809687
153 157 1
157 158 0.173132
158 159 0.25457399999999997
159 160 0.17233400000000001
160 161 0.346585
161 162 0.158639
162 163 0.73967
163 164 21.511756000000002
163 165 22.828749000000002
162 166 0.136833
166 167 0.831669
167 168 23.153018
167 169 20.766533000000003
166 170 24.261875999999997
161 171 21.537471
160 172 0.278465
172 173 0.47476799999999997
173 174 0.45308099999999996
174 175 20.258437
174 176 0.368317
176 177 23.541283
176 178 23.652356
173 179 23.745943
172 180 22.623648
159 181 21.503563
158 182 20.989821
157 183 20.537763
152 184 19.856649
151 185 19.262986
150 186 0.35787
186 187 0.612066
187 188 20.095413
187 189 0.507955
189 190 20.191271
189 191 21.763827
186 192 20.726256000000003
145 193 18.964207
134 194 0.125633
194 195 19.745829
194 196 18.186818
103 197 17.345032
102 198 0.507879
198 199 18.308132
198 200 18.969697999999998
101 201 17.011428000000002
88 202 0.33692
202 203 16.856796
202 204 17.193718999999998
87 205 0.388958
205 206 18.440272
205 207 16.265061
56 208 15.327711999999998
55 209 1
209 210 0.332024
210 211 0.341764
211 212 15.9216
211 213 14.340327
210 214 15.444016999999999
209 215 14.918882
44 216 1.148977
216 217 0.002253
217 218 1
218 219 0.199693
219 220 0.39390299999999995
220 221 0.116961
221 222 0.017286
222 223 0.083016
223 224 1
224 225 0.08635799999999999
225 226 0.29989
226 227 15.046088
226 228 17.086746
225 229 0.542018
229 230 14.474224
229 231 14.711931
224 232 0.285193
232 233 0.132838
233 234 0.139412
234 235 0.133037
235 236 0.137509
236 237 0.003208
237 238 1
238 239 0.464408
239 240 13.001939000000002
239 241 13.4714
238 242 13.146443999999999
237 243 0.12037
243 244 0.31280600000000003
244 245 1
245 246 0.697361
246 247 0.073073
247 248 12.964688999999998
247 249 0.45907099999999995
249 250 12.963767
249 251 13.135390999999998
246 252 0.17323
252 253 0.091917
253 254 12.872283000000001
253 255 13.413965
252 256 1
256 257 0.5076149999999999
257 258 0.142565
258 259 0.158649
259 260 0.207115
260 261 12.867273
260 262 1
262 263 0.214389
263 264 1
264 265 1
265 266 0.309955
266 267 0.115672
267 268 0.136021
268 269 12.511435
268 270 13.540949999999999
267 271 0.206936
271 272 13.376859
271 273 4.958034
273 274 7.596553999999999
273 275 8.165841
266 276 12.306293
265 277 12.626076999999999
264 278 0.5530740000000001
278 279 1
279 280 0.15171900000000002
280 281 0.21894000000000002
281 282 1
282 283 0.15459
283 284 12.045556
283 285 1
285 286 1
286 287 1
287 288 0.300696
288 289 1
289 290 0.0054459999999999995
290 291 0.23381500000000002
291 292 11.745104000000001
291 293 0.252089
293 294 11.790044
293 295 12.625297
290 296 12.240621
289 297 0.133176
297 298 0.054946
298 299 0.147942
299 300 0.062904
300 301 0.016891
301 302 0.191132
302 303 11.366559
302 304 11.692374
301 305 1
305 306 0.181449
306 307 0.13264800000000002
307 308 11.29715
307 309 11.434375
306 310 11.162956
305 311 0.007995
311 312 0.173091
312 313 1
313 314 0.24510600000000002
314 315 11.677153
314 316 1
316 317 0.107396
317 318 0.22009299999999998
318 319 11.44086
318 320 0.307755
320 321 11.017594
320 322 1.891667
322 323 10.086262
322 324 10.400174
317 325 0.199249
325 326 0.022536
326 327 10.959829000000001
326 328 11.163651
325 329 1
329 330 0.08382
330 331 1
331 332 0.034553999999999994
332 333 1
333 334 0.19706900000000002
334 335 1
335 336 0.009658
336 337 0.023762
337 338 11.496895
337 339 10.53304
336 340 0.21010099999999998
340 341 10.352464
340 342 11.022653
335 343 0.144404
343 344 0.023993
344 345 0.26534800000000003
345 346 10.09437
345 347 10.81302
344 348 0.037859
348 349 1
349 350 1
350 351 0.156502
351 352 0.048835
352 353 1
353 354 1
354 355 0.016937
355 356 10.392168999999999
355 357 0.206919
357 358 9.907646
357 359 0.125095
359 360 10.605495
359 361 10.582531000000001
354 362 0.033667
362 363 0.057372
363 364 0.042842
364 365 0.141332
365 366 10.419687
365 367 1
367 368 0.040362
368 369 0.0034570000000000004
369 370 0.031002
370 371 0.06877
371 372 9.906802
371 373 0.032394
373 374 10.284367
373 375 10.202069
370 376 0.068346
376 377 1
377 378 1
378 379 0.015999
379 380 0.091724
380 381 0.257778
381 382 9.732631999999999
381 383 9.911896
380 384 10.24269
379 385 0.118577
385 386 9.928650999999999
385 387 10.557785
378 388 0.036314
388 389 0.09937299999999999
389 390 0.08861000000000001
390 391 0.047689
391 392 0.11837
392 393 0.06496400000000001
393 394 9.935851
393 395 1
395 396 0.157249
396 397 9.806014000000001
396 398 1
398 399 0.157666
399 400 9.601121
399 401 0.014699
401 402 0.008447
402 403 0.087867
403 404 0.22429
404 405 9.119338
404 406 9.402645
403 407 0.023354
407 408 0.165722
408 409 1.7208080000000001
409 410 8.254254
409 411 8.209731000000001
408 412 10.463476
407 413 0.033886
413 414 0.14066599999999999
414 415 9.388976
414 416 1
416 417 0.020182
417 418 0.077848
418 419 0.005908
419 420 1
420 421 0.039205000000000004
421 422 1
422 423 0.066464
423 424 9.342399
423 425 9.179585
422 426 0.015342
426 427 0.033509000000000004
427 428 0.030593
428 429 0.029507
429 430 0.07195
430 431 0.014687
431 432 0.044217
432 433 0.013317
433 434 0.010789
434 435 0.053094999999999996
435 436 0.021165
436 437 0.045481
437 438 8.909809000000001
437 439 0.21086400000000002
439 440 8.723832
439 441 8.39497
436 442 0.014198999999999998
442 443 0.034611
443 444 1
444 445 0.002764
445 446 0.035705
446 447 0.006685999999999999
447 448 0.039771
448 449 0.033112
449 450 0.011217000000000001
450 451 0.015009
451 452 0.036099
452 453 0.028368
453 454 0.0018729999999999999
454 455 1
455 456 8.626624
455 457 0.045231999999999994
457 458 0.084689
458 459 8.319656
458 460 8.658828
457 461 0.031003
461 462 0.003905
462 463 0.029693
463 464 0.018111000000000002
464 465 1
465 466 1
466 467 0.003376
467 468 0.10803
468 469 1
469 470 0.025998
470 471 0.093182
471 472 0.062952
472 473 0.061547000000000004
473 474 0.023615999999999998
474 475 0.032879
475 476 0.010637
476 477 0.075565
477 478 1
478 479 0.278155
479 480 0.009684
480 481 1
481 482 0.174568
482 483 0.062672
483 484 0.071106
484 485 1
485 486 0.044942
486 487 7.932516000000001
486 488 8.016969
485 489 0.035704
489 490 0.261114
490 491 7.522107
490 492 7.819334
489 493 0.029193999999999998
493 494 0.199124
494 495 7.890735
494 496 7.637797
493 497 0.075052
497 498 0.22226300000000002
498 499 1
499 500 0.019518
500 501 1
501 502 0.083526
502 503 7.9396629999999995
502 504 0.048749
504 505 0.047552
505 506 1
506 507 7.715285
506 508 0.239552
508 509 1
509 510 0.094473
510 511 7.750792
510 512 7.637422000000001
509 513 0.029951000000000002
513 514 1
514 515 0.159384
515 516 1
516 517 13.101452
516 518 0.130113
518 519 7.7058539999999995
518 520 0.051201
520 521 0.127478
521 522 0.07711699999999999
522 523 0.026737
523 524 1
524 525 7.4532039999999995
524 526 0.034429
526 527 0.041811
527 528 0.09429799999999999
528 529 0.09849100000000001
529 530 0.383072
530 531 7.150597
530 532 8.003753
529 533 7.0537849999999995
528 534 0.005879
534 535 1
535 536 0.096334
536 537 0.014192
537 538 0.024568000000000003
538 539 1
539 540 2.011975
540 541 5.364799
540 542 5.626782
539 543 1
543 544 7.231276
543 545 0.11052200000000001
545 546 0.048570999999999996
546 547 0.013762
547 548 0.10884899999999999
548 549 7.096349
548 550 7.029001999999999
547 551 1
551 552 7.408708999999999
551 553 0.024242
553 554 0.25520400000000004
554 555 0.025265999999999997
555 556 0.046893
556 557 0.062348
557 558 0.025969
558 559 6.839708
558 560 6.630825
557 561 0.114349
561 562 6.610813
561 563 6.625857
556 564 0.06043
564 565 6.786304
564 566 6.731002
555 567 1
567 568 0.213307
568 569 0.061129
569 570 0.170378
570 571 6.641885
570 572 6.501239
569 573 6.985843
568 574 0.031262
574 575 1
575 576 0.24404499999999998
576 577 0.094848
577 578 1
578 579 0.063489
579 580 0.161944
580 581 0.071379
581 582 6.380253
581 583 6.061281
580 584 6.4300239999999995
579 585 6.658666
578 586 6.773795000000001
577 587 1
587 588 0.125284
588 589 6.580255999999999
588 590 6.42255
587 591 0.07475
591 592 1
592 593 0.032768
593 594 0.143771
594 595 6.372802
594 596 6.349369
593 597 0.023355
597 598 0.09034299999999999
598 599 0.085001
599 600 1
600 601 0.105178
601 602 1
602 603 0.028298
603 604 0.18209999999999998
604 605 0.067247
605 606 0.047103
606 607 6.243871
606 608 0.20193799999999998
608 609 1
609 610 0.05338400000000001
610 611 1
611 612 0.070706
612 613 0.123662
613 614 1
614 615 0.441037
615 616 0.055006
616 617 0.20046299999999997
617 618 5.590625
617 619 5.63482
616 620 0.091867
620 621 5.779379
620 622 5.6799290000000004
615 623 0.050966
623 624 0.180774
624 625 1
625 626 1
626 627 0.045773
627 628 0.334425
628 629 0.009385000000000001
629 630 0.07441099999999999
630 631 5.646934
630 632 0.152879
632 633 5.422046
632 634 5.475989
629 635 0.098748
635 636 0.123107
636 637 5.529089
636 638 5.415719
635 639 0.145836
639 640 5.417313
639 641 5.574268
628 642 1
642 643 0.0053300000000000005
643 644 0.148759
644 645 0.23641199999999998
645 646 1
646 647 1
647 648 0.073568
648 649 1
649 650 0.017085
650 651 0.084177
651 652 0.099519
652 653 1
653 654 0.274099
654 655 0.096403
655 656 0.17580300000000001
656 657 1
657 658 0.101088
658 659 0.20862799999999998
659 660 5.129944
659 661 0.434867
661 662 0.16711700000000002
662 663 4.173993
662 664 4.198317
661 665 4.393219
658 666 0.19895400000000002
666 667 4.949141
666 668 4.966669
657 669 5.22326
656 670 1
670 671 0.227801
671 672 1
672 673 0.058779000000000005
673 674 0.32153899999999996
674 675 4.573389
674 676 4.687603
673 677 0.9179369999999999
677 678 4.155669
677 679 4.029551
672 680 0.08533
680 681 1
681 682 0.104879
682 683 4.885895
682 684 0.186035
684 685 0.054104
685 686 0.108694
686 687 4.619635
686 688 0.10440600000000001
688 689 4.413832
688 690 4.4262049999999995
685 691 4.627318
684 692 0.15505
692 693 0.160516
693 694 0.227741
694 695 4.123775999999999
694 696 4.108216
693 697 4.402755
692 698 0.317048
698 699 4.213642
698 700 4.205441
681 701 5.076054
680 702 0.006455
702 703 0.074685
703 704 0.078224
704 705 0.13971999999999998
705 706 4.605633
705 707 4.561813
704 708 4.864957
703 709 4.926652
702 710 0.02873
710 711 4.943529
710 712 0.016408
712 713 5.023657
712 714 0.086259
714 715 0.07138
715 716 4.738171
715 717 4.709911
714 718 0.16248300000000002
718 719 4.6218960000000004
718 720 4.592323
671 721 0.009321
721 722 0.113625
722 723 1
723 724 0.432546
724 725 0.06652
725 726 1
726 727 0.165974
727 728 0.058193
728 729 0.081102
729 730 0.219649
730 731 4.200309
730 732 4.078456
729 733 4.317302
728 734 0.017181
734 735 4.3813070000000005
734 736 4.411958
727 737 0.20717000000000002
737 738 4.302103
737 739 4.397617
726 740 0.12326800000000002
740 741 4.643407
740 742 4.617584
725 743 1
743 744 1.006962
744 745 1
745 746 1
746 747 4.2949139999999995
746 748 0.058378
748 749 0.22917300000000002
749 750 0.297501
750 751 3.6677660000000003
750 752 3.6755459999999998
749 753 4.2862219999999995
748 754 4.2865649999999995
745 755 0.038021
755 756 1
756 757 0.495291
757 758 0.235906
758 759 3.615065
758 760 3.587929
757 761 0.149968
761 762 3.705423
761 763 3.778207
756 764 4.585392
755 765 0.511526
765 766 1
766 767 0.07160699999999999
767 768 0.260073
768 769 1
769 770 0.187044
770 771 3.2652769999999998
770 772 3.2361260000000005
769 773 0.035357
773 774 0.062389
774 775 0.230129
775 776 0.17841700000000002
776 777 0.017428
777 778 2.873942
777 779 2.832325
776 780 2.9292510000000003
775 781 3.0586800000000003
774 782 3.28705
773 783 3.397212
768 784 0.061645000000000005
784 785 0.09694499999999999
785 786 0.073282
786 787 3.1434240000000004
786 788 3.217661
785 789 0.183968
789 790 3.1058369999999997
789 791 3.021384
784 792 0.072606
792 793 3.5466860000000002
792 794 3.375671
767 795 3.6903289999999997
766 796 3.8095589999999997
765 797 0.209137
797 798 3.555966
797 799 3.4599369999999996
744 800 1
800 801 0.20651699999999998
801 802 4.337792
801 803 4.268382
800 804 1
804 805 0.147831
805 806 0.047237
806 807 0.162542
807 808 0.264652
808 809 0.027475
809 810 0.108206
810 811 1
811 812 0.170856
812 813 4.1213619999999995
812 814 3.736449
811 815 0.235329
815 816 0.117555
816 817 3.983677
816 818 0.202478
818 819 3.765107
818 820 3.297568
815 821 0.023978000000000003
821 822 0.18424400000000002
822 823 0.040639
823 824 3.376983
823 825 3.3115110000000003
822 826 3.607631
821 827 3.559616
810 828 0.504146
828 829 0.038575000000000005
829 830 0.10310899999999999
830 831 3.339943
830 832 0.261554
832 833 3.379139
832 834 2.935173
829 835 0.041544
835 836 0.125249
836 837 0.00856
837 838 3.24557
837 839 3.2558330000000004
836 840 0.19168500000000002
840 841 1
841 842 0.365628
842 843 0.12061400000000001
843 844 2.552345
843 845 2.499105
842 846 2.685747
841 847 3.1956640000000003
840 848 0.15144100000000002
848 849 0.481151
849 850 2.266036
849 851 0.049212
851 852 2.2020649999999997
851 853 2.24134
848 854 2.768738
835 855 1
855 856 0.084798
856 857 3.480441
856 858 3.769325
855 859 0.569183
859 860 0.040517
860 861 0.061529
861 862 2.963528
861 863 2.976603
860 864 0.10753900000000001
864 865 2.8224519999999997
864 866 0.24115799999999998
866 867 2.65203
866 868 2.633283
859 869 0.08774
869 870 0.06070300000000001
870 871 0.165827
871 872 2.71963
871 873 0.5076849999999999
873 874 2.232365
873 875 2.2110399999999997
870 876 2.9546229999999998
869 877 0.14205299999999998
877 878 2.853556
877 879 2.7591669999999997
828 880 1
880 881 3.6395450000000005
880 882 0.21003699999999997
882 883 3.7083909999999998
882 884 0.027622999999999998
884 885 0.052331
885 886 0.053669999999999995
886 887 0.419013
887 888 1
888 889 0.055837
889 890 0.11948399999999999
890 891 0.452475
891 892 0.20572300000000002
892 893 0.034436
893 894 0.198918
894 895 0.123925
895 896 0.723688
896 897 0.19584
897 898 0.8494069999999999
897 899 0.881182
896 900 1.137181
895 901 1.69778
894 902 1.789043
893 903 2.558325
892 904 0.151001
904 905 1.9574459999999998
904 906 2.205323
891 907 0.027635000000000003
907 908 3.6540570000000003
907 909 4.297299000000001
890 910 3.277857
889 911 5.645144
888 912 6.281596
887 913 1
913 914 0.562147
914 915 0.224004
915 916 2.227631
915 917 2.1690009999999997
914 918 0.037620999999999995
918 919 0.337671
919 920 2.337908
919 921 2.432906
918 922 2.749326
913 923 4.09444
886 924 3.466327
885 925 3.8401129999999997
884 926 4.263965
809 927 0.119425
927 928 0.047466
928 929 0.32681
929 930 0.047582
930 931 3.3321789999999996
930 932 3.356315
929 933 3.413597
928 934 3.835689
927 935 3.8816040000000003
808 936 0.239674
936 937 3.909315
936 938 3.7614050000000003
807 939 4.155509
806 940 4.841375
805 941 0.284001
941 942 4.905719
941 943 4.214955
804 944 4.77917
743 945 5.1389879999999994
724 946 1
946 947 0.182287
947 948 0.32711799999999996
948 949 0.044835
949 950 4.31532
949 951 0.081313
951 952 4.184304
951 953 4.2815520000000005
948 954 0.09121
954 955 0.16537
955 956 4.119371
955 957 4.065849
954 958 4.278035
947 959 0.043166
959 960 4.65953
959 961 4.74178
946 962 5.004754
723 963 5.148397
722 964 0.072416
964 965 4.966754
964 966 0.155646
966 967 0.040140999999999996
967 968 4.521797
967 969 0.108698
969 970 4.415191
969 971 4.378073
966 972 4.585304
721 973 0.098681
973 974 0.087522
974 975 0.208284
975 976 4.725002
975 977 4.582762
974 978 4.889939
973 979 4.863318
670 980 0.10835
980 981 5.463054
980 982 5.0608
655 983 0.070355
983 984 5.127356000000001
983 985 0.274889
985 986 4.808541
985 987 4.826632
654 988 0.17772000000000002
988 989 5.222231
988 990 5.1145320000000005
653 991 6.008647
652 992 0.625837
992 993 5.289274
992 994 5.187808
651 995 0.061033
995 996 5.324095
995 997 5.246531
650 998 5.43939
649 999 0.097278
999 1000 5.475052
999 1001 5.469756
648 1002 0.057142
1002 1003 0.15426299999999998
1003 1004 5.2036489999999995
1003 1005 5.273433000000001
1002 1006 5.411686
647 1007 5.576798
646 1008 0.049089
1008 1009 0.09594
1009 1010 5.259092
1009 1011 5.21799
1008 1012 0.044378
1012 1013 5.496328999999999
1012 1014 5.5420240000000005
645 1015 1
1015 1016 5.939343
1015 1017 0.337468
1017 1018 0.0060409999999999995
1018 1019 5.295507
1018 1020 5.275119999999999
1017 1021 0.045397
1021 1022 0.162109
1022 1023 5.046489
1022 1024 0.26221099999999997
1024 1025 4.8186409999999995
1024 1026 4.816532
1021 1027 0.140259
1027 1028 5.158844
1027 1029 4.990828
644 1030 5.662195
643 1031 5.745825
642 1032 0.07579699999999999
1032 1033 5.888319999999999
1032 1034 5.711306
627 1035 5.944489
626 1036 6.3075339999999995
625 1037 0.287277
1037 1038 5.917588
1037 1039 5.6352649999999995
624 1040 0.024219
1040 1041 0.12178499999999999
1041 1042 5.637304
1041 1043 5.588141
1040 1044 0.217481
1044 1045 5.3676580000000005
1044 1046 0.128132
1046 1047 5.397629
1046 1048 5.172998
623 1049 0.052509
1049 1050 0.150205
1050 1051 5.8837269999999995
1050 1052 5.715899
1049 1053 5.76654
614 1054 0.194502
1054 1055 6.304728
1054 1056 6.277124000000001
613 1057 0.060338
1057 1058 0.137078
1058 1059 0.053575
1059 1060 5.800422
1059 1061 5.7524310000000005
1058 1062 5.769624
1057 1063 0.11278300000000001
1063 1064 0.10890999999999999
1064 1065 5.754868
1064 1066 5.8915299999999995
1063 1067 5.7844489999999995
612 1068 6.081612
611 1069 0.067395
1069 1070 6.330012999999999
1069 1071 6.2518400000000005
610 1072 0.087531
1072 1073 0.08803
1073 1074 5.885289
1073 1075 0.17177399999999998
1075 1076 6.216127
1075 1077 5.75768
1072 1078 6.395091999999999
609 1079 0.23193699999999998
1079 1080 6.098446
1079 1081 5.922134
608 1082 0.014507999999999998
1082 1083 1
1083 1084 0.101216
1084 1085 0.293643
1085 1086 5.658675
1085 1087 5.613542
1084 1088 6.160988
1083 1089 6.084034
1082 1090 0.166022
1090 1091 5.809092
1090 1092 5.884079
605 1093 0.0031269999999999996
1093 1094 6.459833
1093 1095 6.4026559999999995
604 1096 0.044775
1096 1097 6.1489910000000005
1096 1098 6.386087999999999
603 1099 6.579396999999999
602 1100 7.202848
601 1101 0.177644
1101 1102 6.094532
1101 1103 6.253456
600 1104 0.075029
1104 1105 6.548457000000001
1104 1106 6.314031000000001
599 1107 1
1107 1108 0.281656
1108 1109 6.181563000000001
1108 1110 5.932562
1107 1111 6.757633
598 1112 1
1112 1113 0.303399
1113 1114 0.04397
1114 1115 6.261424
1114 1116 6.18011
1113 1117 6.200184
1112 1118 7.142187
597 1119 0.29187599999999997
1119 1120 6.433142
1119 1121 6.663209
592 1122 0.17660900000000002
1122 1123 6.694820999999999
1122 1124 6.541848999999999
591 1125 0.068859
1125 1126 0.057881
1126 1127 6.526291
1126 1128 0.18559
1128 1129 6.261213000000001
1128 1130 6.180320999999999
1125 1131 0.114119
1131 1132 6.5825759999999995
1131 1133 6.607320999999999
576 1134 0.00998
1134 1135 0.047908
1135 1136 0.16354
1136 1137 6.610040000000001
1136 1138 6.252449
1135 1139 6.54834
1134 1140 6.79655
575 1141 7.797389000000001
574 1142 0.12503799999999998
1142 1143 6.670637999999999
1142 1144 7.174077
567 1145 7.095071
554 1146 7.0714760000000005
553 1147 7.15055
546 1148 0.302331
1148 1149 7.0183159999999996
1148 1150 6.68608
545 1151 0.09634100000000001
1151 1152 7.260603000000001
1151 1153 0.106095
1153 1154 7.033150000000001
1153 1155 6.858338
538 1156 0.11767100000000001
1156 1157 0.095856
1157 1158 6.862532000000001
1157 1159 7.1225
1156 1160 7.013592
537 1161 0.074933
1161 1162 0.189554
1162 1163 6.677293
1162 1164 6.886786000000001
1161 1165 7.060212000000001
536 1166 0.045477000000000004
1166 1167 0.083201
1167 1168 7.745144
1167 1169 6.988252
1166 1170 7.33027
535 1171 0.20401400000000003
1171 1172 6.925568
1171 1173 6.919147000000001
534 1174 0.049401999999999995
1174 1175 7.872389
1174 1176 0.195899
1176 1177 7.147855
1176 1178 6.69686
527 1179 0.23107000000000003
1179 1180 6.980588999999999
1179 1181 6.957671
526 1182 0.26187699999999997
1182 1183 6.931262
1182 1184 7.100542999999999
523 1185 0.288075
1185 1186 7.24597
1185 1187 6.9261539999999995
522 1188 0.15240399999999998
1188 1189 0.082556
1189 1190 7.373564000000001
1189 1191 6.892105
1188 1192 7.518005
521 1193 0.209356
1193 1194 7.055083
1193 1195 7.304131
520 1196 7.7896279999999996
515 1197 1
1197 1198 0.418726
1198 1199 7.218553
1198 1200 7.000343000000001
1197 1201 7.696335
514 1202 7.878561
513 1203 0.163527
1203 1204 0.07646900000000001
1204 1205 7.494784
1204 1206 7.285385
1203 1207 7.570865
508 1208 0.041416
1208 1209 0.085093
1209 1210 7.30146
1209 1211 7.338391
1208 1212 0.01604
1212 1213 0.052172
1213 1214 7.358265
1213 1215 0.031819
1215 1216 7.306498
1215 1217 7.193034
1212 1218 7.6858960000000005
505 1219 0.050044
1219 1220 0.0796
1220 1221 7.349334000000001
1220 1222 7.430834999999999
1219 1223 7.637893
504 1224 7.589161
501 1225 8.06151
500 1226 0.035925
1226 1227 7.703246
1226 1228 7.6849680000000005
499 1229 7.801743999999999
498 1230 0.097937
1230 1231 0.025578
1231 1232 0.05745499999999999
1232 1233 0.084419
1233 1234 0.10545000000000002
1234 1235 6.946517000000001
1234 1236 6.9449700000000005
1233 1237 7.050771
1232 1238 7.114605999999999
1231 1239 7.463833
1230 1240 0.20108499999999999
1240 1241 7.1688279999999995
1240 1242 7.0968409999999995
497 1243 0.056380000000000006
1243 1244 8.024234
1243 1245 7.5042979999999995
484 1246 0.083241
1246 1247 0.162448
1247 1248 0.107526
1248 1249 7.807758
1248 1250 7.486909999999999
1247 1251 7.890604
1246 1252 0.090141
1252 1253 7.799814
1252 1254 7.7754900000000005
483 1255 0.048024
1255 1256 0.295241
1256 1257 7.908661
1256 1258 7.760187999999999
1255 1259 5.504572
1259 1260 3.1689670000000003
1259 1261 3.1453460000000004
482 1262 8.284779
481 1263 8.387587
480 1264 0.00968
1264 1265 0.147116
1265 1266 7.697925999999999
1265 1267 7.924150000000001
1264 1268 0.133521
1268 1269 7.6165899999999995
1268 1270 8.426441
479 1271 0.065923
1271 1272 8.394593
1271 1273 0.132754
1273 1274 8.930966999999999
1273 1275 0.072774
1275 1276 8.465833
1275 1277 7.811062000000001
478 1278 8.468293000000001
477 1279 0.38242
1279 1280 8.049237
1279 1281 8.180885
476 1282 0.24566800000000003
1282 1283 7.640257
1282 1284 8.309228000000001
475 1285 0.19535899999999998
1285 1286 8.249122
1285 1287 8.448725999999999
474 1288 0.179522
1288 1289 8.514246
1288 1290 8.043285000000001
473 1291 0.162212
1291 1292 7.9479820000000005
1291 1293 7.907958
472 1294 0.14954499999999998
1294 1295 8.330053
1294 1296 0.20596199999999998
1296 1297 7.870488000000001
1296 1298 7.798361
471 1299 0.036321
1299 1300 8.111757
1299 1301 8.305456
470 1302 0.050650999999999995
1302 1303 8.920424
1302 1304 0.176864
1304 1305 8.253973
1304 1306 8.443876
469 1307 0.109145
1307 1308 8.378333
1307 1309 8.319516
468 1310 0.056510000000000005
1310 1311 8.331402
1310 1312 0.017522
1312 1313 8.251817
1312 1314 8.399259
467 1315 8.698459999999999
466 1316 8.493692
465 1317 0.23099599999999998
1317 1318 8.678419
1317 1319 8.112975
464 1320 0.066924
1320 1321 0.112409
1321 1322 0.031995
1322 1323 8.316211
1322 1324 8.007456
1321 1325 8.223384
1320 1326 0.134176
1326 1327 8.567978
1326 1328 8.316961000000001
463 1329 0.344766
1329 1330 8.135448
1329 1331 8.281765
462 1332 0.18674500000000002
1332 1333 8.569407
1332 1334 8.315532000000001
461 1335 0.09101899999999999
1335 1336 0.044531
1336 1337 0.059546
1337 1338 8.642028
1337 1339 0.081078
1339 1340 8.322140000000001
1339 1341 8.983753
1336 1342 8.371489
1335 1343 0.05133600000000001
1343 1344 8.590986000000001
1343 1345 0.365983
1345 1346 8.202256
1345 1347 8.308501999999999
454 1348 0.14296999999999999
1348 1349 8.378263
1348 1350 8.506677
453 1351 0.11158299999999999
1351 1352 0.083834
1352 1353 8.587849
1352 1354 8.250317
1351 1355 8.639270999999999
452 1356 0.152752
1356 1357 8.521768
1356 1358 8.363172
451 1359 0.265927
1359 1360 8.738759
1359 1361 8.239725
450 1362 0.217968
1362 1363 9.243721
1362 1364 8.670217
449 1365 0.055492
1365 1366 8.445914
1365 1367 8.906752
448 1368 0.005828
1368 1369 0.093751
1369 1370 0.183525
1370 1371 8.787875
1370 1372 8.705109
1369 1373 8.469421
1368 1374 0.266028
1374 1375 8.526665
1374 1376 8.311501
447 1377 8.730854
446 1378 8.83404
445 1379 9.165732
444 1380 9.342970000000001
443 1381 0.002072
1381 1382 0.25534799999999996
1382 1383 8.825462
1382 1384 8.761068
1381 1385 0.063503
1385 1386 0.155728
1386 1387 0.059637
1387 1388 9.538253
1387 1389 8.749866
1386 1390 0.112785
1390 1391 8.468624
1390 1392 0.441573
1392 1393 9.103474
1392 1394 9.558828
1385 1395 9.15461
442 1396 0.09765499999999999
1396 1397 0.020959000000000002
1397 1398 8.405843
1397 1399 8.759732000000001
1396 1400 9.099715
435 1401 0.154884
1401 1402 8.812082
1401 1403 8.634129999999999
434 1404 0.017294
1404 1405 0.049248
1405 1406 0.36623300000000003
1406 1407 8.562284
1406 1408 8.322656
1405 1409 0.01839
1409 1410 0.202537
1410 1411 8.745531
1410 1412 8.840997999999999
1409 1413 8.777818
1404 1414 0.045046
1414 1415 0.247071
1415 1416 8.571914999999999
1415 1417 8.733979
1414 1418 0.244042
1418 1419 8.371678000000001
1418 1420 8.793897000000001
433 1421 0.085703
1421 1422 8.937918
1421 1423 8.78893
432 1424 0.15483
1424 1425 0.252031
1425 1426 8.471878
1425 1427 8.366287999999999
1424 1428 9.102506
431 1429 0.008129
1429 1430 0.050494
1430 1431 9.099724
1430 1432 9.094850000000001
1429 1433 0.183369
1433 1434 8.821689000000001
1433 1435 8.951931
430 1436 9.11129
429 1437 0.266993
1437 1438 8.730744999999999
1437 1439 8.855785
428 1440 0.174829
1440 1441 8.977262
1440 1442 9.264085
427 1443 9.140893
426 1444 2.613942
1444 1445 6.922404
1444 1446 7.202947
421 1447 9.765245
420 1448 0.041561
1448 1449 9.05781
1448 1450 1.115249
1450 1451 8.531188
1450 1452 8.494069999999999
419 1453 0.14865099999999998
1453 1454 8.74361
1453 1455 9.918691
418 1456 0.231357
1456 1457 9.076455
1456 1458 9.118119
417 1459 0.096851
1459 1460 0.062486
1460 1461 9.538542999999999
1460 1462 0.09663000000000001
1462 1463 9.593954
1462 1464 9.021574000000001
1459 1465 9.181887
416 1466 0.163343
1466 1467 0.218007
1467 1468 9.068136
1467 1469 9.079665
1466 1470 8.855894000000001
413 1471 0.052777
1471 1472 0.096429
1472 1473 0.266961
1473 1474 9.530005
1473 1475 9.600023
1472 1476 9.906098
1471 1477 9.597871
402 1478 0.016648999999999997
1478 1479 0.075912
1479 1480 0.54911
1480 1481 9.553367999999999
1480 1482 10.044387
1479 1483 10.044903
1478 1484 9.586701999999999
401 1485 0.18767
1485 1486 10.284572
1485 1487 0.239282
1487 1488 9.60082
1487 1489 9.856617
398 1490 0.005806
1490 1491 2.131969
1491 1492 8.015353
1491 1493 7.934133
1490 1494 0.22420500000000002
1494 1495 0.29087399999999997
1495 1496 9.438029
1495 1497 10.206498
1494 1498 0.211933
1498 1499 11.129345
1498 1500 10.853817000000001
395 1501 0.210215
1501 1502 9.80565
1501 1503 9.651787
392 1504 0.022324
1504 1505 0.110059
1505 1506 9.719908
1505 1507 9.690757
1504 1508 9.80575
391 1509 0.06250900000000001
1509 1510 9.402999
1509 1511 0.32572
1511 1512 9.550954
1511 1513 9.906483000000001
390 1514 0.201837
1514 1515 10.438134999999999
1514 1516 9.627346000000001
389 1517 0.06805
1517 1518 0.21915300000000001
1518 1519 10.019923
1518 1520 9.764923
1517 1521 0.061483
1521 1522 11.065677
1521 1523 9.794941
388 1524 0.077254
1524 1525 0.081276
1525 1526 9.836136
1525 1527 9.901937
1524 1528 0.06488899999999999
1528 1529 0.020427999999999998
1529 1530 10.091066
1529 1531 10.255052000000001
1528 1532 0.271901
1532 1533 9.654927
1532 1534 10.083146
377 1535 0.313114
1535 1536 9.801385
1535 1537 9.79637
376 1538 10.794317000000001
369 1539 0.025669
1539 1540 10.506654
1539 1541 10.634599
368 1542 0.274825
1542 1543 10.234571
1542 1544 10.392183000000001
367 1545 1.060211
1545 1546 9.341625
1545 1547 10.817402
364 1548 0.106003
1548 1549 0.11057499999999999
1549 1550 10.176385999999999
1549 1551 10.403595000000001
1548 1552 10.834233
363 1553 0.190394
1553 1554 10.128347999999999
1553 1555 10.124224
362 1556 0.143224
1556 1557 0.052649
1557 1558 10.52983
1557 1559 10.424332999999999
1556 1560 10.260728
353 1561 1.554992
1561 1562 11.419026
1561 1563 12.060862
352 1564 10.400834
351 1565 0.470153
1565 1566 9.839183
1565 1567 10.553708
350 1568 0.082553
1568 1569 0.152748
1569 1570 0.278255
1570 1571 10.849599
1570 1572 11.273881
1569 1573 11.485075
1568 1574 0.21053399999999997
1574 1575 0.069748
1575 1576 10.607861999999999
1575 1577 10.8608
1574 1578 0.140729
1578 1579 10.97813
1578 1580 10.396987000000001
349 1581 0.089083
1581 1582 10.536719
1581 1583 10.931943
348 1584 10.722900000000001
343 1585 0.239044
1585 1586 10.711132
1585 1587 10.430121
334 1588 11.636421
333 1589 0.11830099999999999
1589 1590 0.073159
1590 1591 0.054467
1591 1592 0.154934
1592 1593 11.071512
1592 1594 11.660013
1591 1595 0.079626
1595 1596 0.23177599999999998
1596 1597 11.000486
1596 1598 10.748813
1595 1599 11.017055000000001
1590 1600 0.49569599999999997
1600 1601 10.557129
1600 1602 11.472805
1589 1603 0.02068
1603 1604 0.37569600000000003
1604 1605 11.41291
1604 1606 11.41216
1603 1607 0.279122
1607 1608 10.695127
1607 1609 10.259034999999999
332 1610 0.074283
1610 1611 0.16114799999999999
1611 1612 11.545776
1611 1613 10.718022000000001
1610 1614 10.479638
331 1615 0.110779
1615 1616 11.126656
1615 1617 0.285879
1617 1618 10.71064
1617 1619 11.553158
330 1620 0.081055
1620 1621 10.870876
1620 1622 11.580012
329 1623 0.211984
1623 1624 0.312488
1624 1625 10.530954
1624 1626 11.265117
1623 1627 0.052542
1627 1628 0.097615
1628 1629 10.457843
1628 1630 10.543093
1627 1631 10.309306999999999
316 1632 0.021432
1632 1633 0.09195400000000001
1633 1634 0.142308
1634 1635 0.224865
1635 1636 0.077536
1636 1637 0.124121
1637 1638 11.520398
1637 1639 12.380444
1636 1640 11.709368000000001
1635 1641 0.177317
1641 1642 11.052812
1641 1643 11.585168
1634 1644 11.288616
1633 1645 0.008101
1645 1646 1.413501
1646 1647 11.484288
1646 1648 11.761737
1645 1649 10.957873999999999
1632 1650 0.22714800000000002
1650 1651 11.435839
1650 1652 0.210559
1652 1653 11.659779
1652 1654 11.399155
313 1655 0.036237
1655 1656 0.11383599999999999
1656 1657 11.119584
1656 1658 0.386496
1658 1659 11.897743
1658 1660 11.114417999999999
1655 1661 10.920412
312 1662 0.180887
1662 1663 11.264225999999999
1662 1664 10.906026
311 1665 1
1665 1666 0.048344000000000005
1666 1667 10.964089000000001
1666 1668 0.16781000000000001
1668 1669 0.43212
1669 1670 0.041131
1670 1671 11.550393
1670 1672 12.163359
1669 1673 11.768972
1668 1674 0.083521
1674 1675 0.095762
1675 1676 11.084961999999999
1675 1677 11.412699
1674 1678 11.667568000000001
1665 1679 0.3797
1679 1680 10.877883
1679 1681 10.964960999999999
300 1682 0.25882700000000003
1682 1683 11.66873
1682 1684 11.109567
299 1685 0.402544
1685 1686 11.571881000000001
1685 1687 10.972553
298 1688 0.272617
1688 1689 0.184475
1689 1690 10.912353
1689 1691 12.333671
1688 1692 11.906264
297 1693 0.125675
1693 1694 11.828258
1693 1695 0.098776
1695 1696 11.963825
1695 1697 12.077335
288 1698 12.042921
287 1699 0.227147
1699 1700 1
1700 1701 0.257215
1701 1702 1
1702 1703 0.30015200000000003
1703 1704 12.04295
1703 1705 0.11794799999999998
1705 1706 0.040492
1706 1707 12.674577000000001
1706 1708 12.489127
1705 1709 0.240144
1709 1710 12.762054000000001
1709 1711 12.822605000000001
1702 1712 12.332540999999999
1701 1713 1
1713 1714 0.11725800000000001
1714 1715 0.18281599999999998
1715 1716 0.240936
1716 1717 13.655351
1716 1718 12.771215999999999
1715 1719 11.990121
1714 1720 12.404474
1713 1721 12.106963
1700 1722 11.533366000000001
1699 1723 1
1723 1724 0.22127599999999997
1724 1725 0.06721099999999999
1725 1726 0.190293
1726 1727 11.758339
1726 1728 12.236048
1725 1729 12.414946
1724 1730 0.188971
1730 1731 11.672691
1730 1732 12.368469
1723 1733 11.893226
286 1734 0.21426900000000002
1734 1735 0.225349
1735 1736 11.555009
1735 1737 11.831332999999999
1734 1738 11.982322
285 1739 0.028374
1739 1740 12.006005
1739 1741 11.894836999999999
282 1742 0.235721
1742 1743 12.60552
1742 1744 11.388868
281 1745 11.83168
280 1746 0.024095000000000002
1746 1747 12.158695
1746 1748 12.116328
279 1749 1
1749 1750 11.437868
1749 1751 0.114985
1751 1752 12.236634
1751 1753 12.552889
278 1754 0.149058
1754 1755 13.208011
1754 1756 11.955693
263 1757 0.139311
1757 1758 0.37063399999999996
1758 1759 0.034714
1759 1760 0.23203400000000002
1760 1761 14.069673
1760 1762 13.432665
1759 1763 14.407817000000001
1758 1764 0.28550899999999996
1764 1765 14.004764
1764 1766 13.310484
1757 1767 13.142968999999999
262 1768 1
1768 1769 0.25396199999999997
1769 1770 0.013109999999999998
1770 1771 12.434874
1770 1772 0.084165
1772 1773 0.5860070000000001
1773 1774 12.927844
1773 1775 12.376179
1772 1776 13.796592999999998
1769 1777 0.655917
1777 1778 13.022091999999999
1777 1779 13.357702
1768 1780 11.614973
259 1781 0.125719
1781 1782 0.240384
1782 1783 13.777368000000001
1782 1784 12.83629
1781 1785 13.043057999999998
258 1786 0.015467000000000002
1786 1787 0.063245
1787 1788 0.266363
1788 1789 12.419343
1788 1790 13.165315999999999
1787 1791 12.876762
1786 1792 0.124706
1792 1793 0.08423499999999999
1793 1794 12.616204999999999
1793 1795 13.155543999999999
1792 1796 0.243173
1796 1797 13.063896999999999
1796 1798 13.128807
257 1799 0.082873
1799 1800 0.574748
1800 1801 13.041916
1800 1802 13.571741000000001
1799 1803 13.597375
256 1804 1
1804 1805 13.374396999999998
1804 1806 0.20345200000000002
1806 1807 1.225405
1807 1808 0.032942
1808 1809 1.540032
1809 1810 28.414687999999998
1809 1811 0.90693
1811 1812 3.405586
1812 1813 22.229585
1812 1814 23.560872999999997
1811 1815 21.875049999999998
1808 1816 14.748697
1807 1817 0.9371809999999999
1817 1818 1.159287
1818 1819 3.3196290000000004
1819 1820 25.950615
1819 1821 21.710751000000002
1818 1822 23.434347
1817 1823 16.599153
1806 1824 0.39856800000000003
1824 1825 6.885049
1825 1826 5.814177
1825 1827 5.785448
1824 1828 13.788476999999999
245 1829 1
1829 1830 0.823712
1830 1831 0.577144
1831 1832 0.43883300000000003
1832 1833 0.019143
1833 1834 2.2313199999999997
1834 1835 13.118098
1834 1836 13.355242
1833 1837 16.407595
1832 1838 0.406401
1838 1839 15.351118999999999
1838 1840 17.155897
1831 1841 16.990437
1830 1842 0.020023
1842 1843 0.440952
1843 1844 9.109496
1844 1845 6.693204
1844 1846 6.824102
1843 1847 15.188913000000001
1842 1848 3.912633
1848 1849 10.155531
1848 1850 10.237359999999999
1829 1851 4.9335700000000005
1851 1852 8.864595
1851 1853 9.51707
244 1854 0.354024
1854 1855 14.703214000000001
1854 1856 12.799125
243 1857 0.055278
1857 1858 0.119477
1858 1859 13.729962
1858 1860 12.79015
1857 1861 13.421215
236 1862 0.076684
1862 1863 14.221474
1862 1864 13.374410000000001
235 1865 0.134104
1865 1866 0.370112
1866 1867 13.589972
1866 1868 14.193002
1865 1869 13.100421
234 1870 0.189926
1870 1871 0.068728
1871 1872 12.819370999999999
1871 1873 13.466878
1870 1874 14.009849999999998
233 1875 0.002922
1875 1876 0.403045
1876 1877 14.225434
1876 1878 15.521993
1875 1879 13.394897
232 1880 0.18226399999999998
1880 1881 0.33428199999999997
1881 1882 0.021685000000000003
1882 1883 0.26005300000000003
1883 1884 14.488636
1883 1885 14.697519
1882 1886 14.005616000000002
1881 1887 15.685207000000002
1880 1888 0.246862
1888 1889 13.348681000000001
1888 1890 15.603611
223 1891 14.044147
222 1892 14.13895
221 1893 14.249585000000002
220 1894 13.897457999999999
219 1895 2.07842
1895 1896 11.960052000000001
1895 1897 13.718152
218 1898 0.179062
1898 1899 0.337495
1899 1900 15.485367
1899 1901 16.086195
1898 1902 14.278969
217 1903 0.361736
1903 1904 14.359706
1903 1905 13.750677
216 1906 14.774275000000001
43 1907 0.00549
1907 1908 0.211181
1908 1909 15.138134
1908 1910 15.731838000000002
1907 1911 15.527828
42 1912 1
1912 1913 15.321357999999998
1912 1914 0.46553799999999995
1914 1915 0.044662
1915 1916 0.31318999999999997
1916 1917 0.34533400000000003
1917 1918 16.411953
1917 1919 0.136674
1919 1920 0.184579
1920 1921 0.926247
1921 1922 17.504958000000002
1921 1923 17.434237
1920 1924 16.426419
1919 1925 16.142156999999997
1916 1926 15.881632000000002
1915 1927 15.980832
1914 1928 0.09437999999999999
1928 1929 0.39172699999999994
1929 1930 15.061226
1929 1931 14.686200999999999
1928 1932 15.41744
41 1933 0.199051
1933 1934 0.10652199999999999
1934 1935 0.290317
1935 1936 15.169490999999999
1935 1937 0.26549500000000004
1937 1938 15.379379000000002
1937 1939 16.005093000000002
1934 1940 15.21208
1933 1941 14.936374999999998
40 1942 0.068814
1942 1943 15.53146
1942 1944 15.198192999999998
35 1945 0.393612
1945 1946 15.927213000000002
1945 1947 14.732282
1947 1948 1.221081
1947 1949 1.211099
34 1950 15.543873999999999
33 1951 1
1951 1952 15.303379
1951 1953 0.410777
1953 1954 0.168103
1954 1955 16.033494
1954 1956 17.596067
1953 1957 16.786996000000002
32 1958 0.14946399999999999
1958 1959 14.978670999999999
1958 1960 16.4058
31 1961 17.901849
30 1962 16.107112
29 1963 16.524607
28 1964 0.211641
1964 1965 15.788874
1964 1966 17.747141
27 1967 0.57997
1967 1968 17.479908
1967 1969 17.272196
26 1970 16.665867000000002
25 1971 17.018273999999998
6 1972 0.246266
1972 1973 0.906484
1973 1974 0.06555699999999999
1974 1975 21.610478999999998
1974 1976 0.536388
1976 1977 0.11898600000000001
1977 1978 20.351414000000002
1977 1979 21.276276
1976 1980 0.582604
1980 1981 22.478844000000002
1980 1982 21.440706000000002
1973 1983 0.09292700000000001
1983 1984 0.40480000000000005
1984 1985 1.076757
1985 1986 20.745231999999998
1985 1987 23.408182
1984 1988 21.631382
1983 1989 20.198239
1972 1990 18.201808
1 1991 0.682392
1991 1992 20.333023999999998
1991 1993 0.7911690000000001
1993 1994 22.212615
1993 1995 0.495523
1995 1996 21.418047
1995 1997 20.583824
1 1998 18.967281
