19139 3
23780 5
28344 10
31184 11
15438 13
30025 15
31 16
28727 19
17459 21
20973 22
1690 24
28978 38
28102 39
23556 47
11398 48
26736 52
31456 53
19665 54
19030 59
7965 60
28789 63
17934 64
15896 68
20271 69
9314 72
12220 73
4986 78
21890 80
14349 81
9999 82
12223 83
18824 84
19327 86
24128 91
4848 93
30259 94
23143 97
30668 99
15742 100
16518 105
29386 109
13943 111
29062 112
8975 114
4160 117
17688 118
7799 121
3000 125
6775 126
15887 128
19102 130
29675 131
4802 132
4804 133
26558 136
23108 141
19378 142
16623 143
29170 144
6060 148
717 149
10211 155
5307 156
18563 164
11540 165
28920 168
9728 169
23788 170
13817 171
13504 175
14739 177
20146 178
13015 179
11158 180
618 181
14726 182
6902 183
21637 184
2842 185
9927 188
16982 190
17189 191
18256 192
16039 193
30580 195
9897 196
13924 197
27194 199
29991 200
321 201
27653 203
17935 204
6919 206
28696 207
24485 208
1560 212
29117 213
29763 214
2977 215
13911 227
12730 228
13945 230
8970 231
27415 240
17437 241
15659 242
15175 248
31349 250
25573 251
28050 254
26259 255
16814 261
9976 269
21880 270
14946 272
6681 274
2850 275
3148 276
29816 277
30735 284
16532 292
24906 294
789 295
28126 296
28643 303
30670 304
18441 308
4349 309
5828 310
16843 315
23105 319
21949 321
31025 323
24579 324
27148 327
20124 328
6439 338
5049 339
20615 341
2357 342
16316 346
23318 347
5472 356
23593 358
24535 360
10970 361
25464 366
16933 372
15536 374
21064 375
18327 382
7583 383
15417 384
24293 386
9526 387
22820 394
518 397
7886 400
21962 405
23686 406
26697 410
4552 411
13267 412
22163 415
8600 424
29527 425
10066 438
7710 440
20485 441
5201 456
24797 459
944 460
5631 487
18913 488
26966 491
4484 492
11291 495
12429 496
27886 503
15670 507
29788 511
16282 512
14172 517
20885 519
10861 525
25609 531
26852 532
25733 533
27405 541
3844 542
26809 544
9658 549
13757 550
30465 552
23212 559
64 560
1044 562
8176 563
31063 565
20393 566
1329 571
20544 572
11339 573
17365 582
14119 583
6413 584
31024 585
27509 586
19316 589
16854 590
28451 595
6504 596
28951 607
25518 618
2369 619
5326 621
1454 622
10513 631
30729 633
9454 634
16099 637
2043 638
31246 640
11923 641
6048 660
3358 663
18377 664
21258 665
4094 667
23168 668
7904 669
28940 675
30605 676
2386 678
25109 679
31516 683
14138 687
11029 689
29488 690
20678 691
15291 695
14747 696
17425 697
22584 699
11171 700
3012 701
12873 706
15582 707
25460 708
284 709
9628 711
23812 713
24966 716
22375 717
798 719
24586 720
26798 731
21181 732
22454 733
12925 735
27693 736
10329 738
25338 739
1170 741
6873 742
16127 747
4035 751
27904 752
25066 753
9594 754
24397 759
17001 760
24498 762
11962 763
30417 764
8959 771
3617 772
23235 778
1021 779
13266 780
13847 781
15154 782
15419 783
27083 787
18063 788
10815 790
27240 791
31414 793
14047 794
302 795
7441 796
13929 798
17773 799
26696 802
12600 803
31450 813
25256 814
19225 817
11201 819
28280 820
8908 824
19850 825
29231 826
26844 827
26646 831
25892 833
5168 834
3234 838
10022 839
24104 844
26192 845
25932 846
6129 847
30208 850
17676 852
13597 853
19218 854
750 857
20390 858
9777 862
17295 863
28700 865
11105 867
10321 868
20736 872
14513 874
14612 875
29169 876
12309 878
30394 879
5542 881
20842 883
8849 898
10508 899
27938 900
26436 901
5178 902
27565 903
12822 905
16131 906
21684 908
5339 909
19787 910
15735 911
17903 912
24220 916
5516 917
24456 920
21873 921
25719 922
13120 923
6511 924
25467 925
13000 926
10769 931
22221 932
24511 933
14376 934
15547 935
20199 937
14878 938
29510 939
17586 940
4809 942
29336 943
6696 944
29398 945
31098 950
25099 952
6215 953
28846 956
10601 957
900 958
14316 960
6470 961
25443 962
5715 963
11232 965
25577 968
5788 970
1098 971
2261 972
6662 976
27142 977
22764 978
27828 979
17444 981
25447 982
26057 984
26822 986
23799 987
21914 989
11729 990
24646 991
6771 993
5694 994
26176 996
3612 997
30526 998
20158 1000
24136 1001
1680 1004
26788 1005
27716 1006
27171 1007
22926 1010
28481 1011
26913 1013
3490 1014
28308 1016
10537 1019
30807 1020
4536 1023
22492 1025
15043 1026
6111 1028
10303 1029
2380 1030
15100 1031
19353 1033
30519 1034
14530 1035
10421 1036
8503 1038
9605 1039
2986 1042
20287 1043
11081 1045
6106 1047
20749 1048
21031 1051
11533 1052
24068 1053
19243 1055
21920 1056
28343 1060
18241 1061
18992 1062
3034 1065
20423 1066
22781 1067
14199 1068
18295 1070
31164 1071
24821 1074
31383 1076
20748 1077
1897 1078
20904 1080
27983 1081
28132 1086
21376 1087
28645 1088
13100 1089
23285 1091
13395 1092
26652 1094
12000 1095
14480 1097
1285 1098
2504 1099
10335 1100
15016 1102
28725 1103
30218 1105
14754 1106
6383 1109
483 1110
22664 1111
18382 1115
22488 1116
735 1117
10361 1118
25357 1120
12936 1121
5658 1123
436 1124
11341 1127
9933 1129
710 1130
9184 1132
26427 1133
2436 1137
28382 1138
22118 1139
14224 1140
794 1141
3646 1143
4926 1144
10251 1145
31523 1146
14492 1147
13458 1149
21130 1150
9060 1152
26965 1154
17572 1155
23896 1158
12106 1159
18612 1160
22736 1163
14916 1164
13933 1165
7263 1168
2364 1169
10393 1170
23091 1172
12589 1173
10868 1175
15880 1177
8593 1178
21739 1180
7842 1181
30225 1183
22442 1184
21166 1186
14753 1187
1741 1190
22290 1191
23904 1192
18932 1194
11319 1195
8964 1196
13671 1199
3015 1200
6390 1201
28891 1202
6479 1205
7642 1206
5561 1207
2316 1210
15533 1211
8606 1214
24492 1216
17474 1217
19387 1218
2002 1221
2247 1222
11419 1223
11823 1224
20221 1225
15005 1227
21822 1228
26330 1229
30442 1235
17038 1236
29900 1237
7372 1238
21240 1239
11246 1241
445 1242
25571 1244
26086 1245
19771 1249
9129 1250
2880 1251
8069 1253
5286 1254
12167 1257
11510 1258
11283 1260
6749 1261
24529 1262
29694 1263
28016 1266
11269 1267
28106 1269
8000 1270
21382 1272
28161 1274
28860 1276
21974 1277
12538 1278
14438 1280
16662 1281
871 1283
13269 1284
8185 1286
24209 1287
17173 1289
22961 1290
7506 1292
1708 1293
3949 1295
11164 1297
15049 1298
1570 1300
13906 1301
29927 1303
29259 1305
13450 1306
30578 1308
23209 1309
2950 1311
3998 1313
6620 1314
11969 1315
15334 1316
22698 1318
18236 1319
9163 1323
17832 1324
19369 1325
23298 1327
5777 1328
5083 1330
6381 1331
6560 1333
28309 1334
5969 1338
8306 1340
28584 1341
22632 1342
28518 1344
3155 1346
24421 1347
27244 1349
25992 1350
7122 1353
17397 1354
297 1355
18710 1357
8274 1358
10134 1360
1721 1361
20682 1363
21768 1364
23656 1366
30773 1367
30990 1371
28625 1372
4899 1373
17878 1375
7537 1376
2485 1377
31254 1378
1795 1379
18902 1380
22007 1383
12421 1384
1424 1388
5635 1389
17421 1391
12999 1393
18739 1394
12082 1395
7123 1398
29082 1399
14188 1400
5354 1402
19193 1403
30172 1407
1977 1408
15382 1411
1518 1412
3306 1413
29165 1416
5464 1417
24962 1419
22404 1420
26811 1422
21038 1423
18995 1426
21270 1427
7474 1428
28444 1431
27859 1432
12913 1434
5485 1435
28750 1436
5610 1438
22498 1439
30039 1441
15343 1442
22220 1443
10263 1445
14024 1446
14956 1447
3711 1449
5960 1451
3483 1452
3721 1454
11631 1455
19032 1457
15045 1458
26038 1461
29250 1463
19016 1464
22274 1465
13792 1468
17350 1469
6813 1470
8442 1474
1826 1475
18043 1476
3481 1477
6248 1481
13162 1482
16488 1483
18508 1484
29187 1486
19569 1488
2057 1489
5182 1492
2363 1493
17989 1496
9618 1497
27498 1499
14952 1500
3549 1502
2980 1503
28541 1506
1547 1507
14071 1508
25887 1510
23354 1512
8546 1513
29741 1515
7345 1516
10972 1519
27039 1520
30071 1522
10452 1523
3388 1526
1946 1527
26527 1530
10399 1531
29867 1533
10353 1534
20397 1536
9593 1537
16237 1538
7543 1540
27167 1541
11020 1543
8354 1544
6258 1546
4157 1547
8943 1550
22074 1551
31076 1552
9003 1554
17604 1555
4782 1558
14748 1559
5716 1560
20813 1562
31278 1563
19165 1564
8385 1566
26549 1567
25472 1571
1377 1572
20819 1573
15519 1576
1907 1577
14243 1579
6597 1580
19257 1582
9473 1583
9565 1584
25810 1586
16084 1587
12290 1588
6778 1593
15457 1594
28468 1597
6831 1598
29218 1599
24507 1601
1752 1602
7384 1605
15847 1606
15074 1608
21172 1609
6968 1612
6472 1613
30265 1614
23795 1616
10008 1618
23090 1619
3855 1621
14448 1622
26132 1625
11770 1626
4183 1629
14023 1630
23401 1631
5778 1638
18053 1639
22199 1640
7787 1642
21213 1643
10708 1644
9538 1647
16848 1648
14832 1649
17667 1651
24023 1653
8096 1654
22360 1657
3228 1659
4009 1660
27676 1661
29560 1663
6316 1664
20174 1667
22208 1671
21969 1672
28407 1673
1325 1676
10418 1677
3851 1678
989 1680
1342 1681
9036 1683
25727 1684
2774 1686
21381 1687
17243 1690
15787 1691
15962 1692
22665 1694
29739 1696
3373 1697
28431 1698
10187 1704
10247 1707
6313 1708
12336 1710
26254 1711
7693 1712
5731 1717
30266 1718
20732 1719
13605 1720
4821 1721
9260 1722
11300 1727
8985 1728
28592 1729
3492 1731
17786 1732
22604 1733
325 1736
787 1737
20071 1738
7429 1740
11625 1741
15990 1743
12305 1744
31417 1745
3237 1747
28073 1748
13519 1750
11321 1752
3318 1753
13719 1755
26694 1756
30880 1761
26151 1762
20219 1763
9713 1765
7225 1766
2259 1767
29220 1771
7330 1774
24409 1775
14167 1776
28697 1778
28990 1779
20384 1780
12700 1783
7226 1784
15879 1785
31177 1789
187 1790
2592 1791
2089 1794
20946 1795
16641 1797
2174 1798
22792 1801
20681 1802
3493 1803
19664 1805
26866 1810
24067 1813
22716 1814
30354 1815
3943 1816
7550 1820
10402 1821
9041 1822
24984 1823
25137 1826
31420 1827
17717 1828
11271 1835
17664 1836
20629 1837
3177 1839
13174 1840
7052 1841
22346 1845
7106 1846
29149 1847
10907 1849
2125 1850
26198 1852
25106 1853
17433 1855
12887 1856
31342 1859
5585 1860
18779 1861
9296 1863
235 1864
15361 1867
29789 1868
15933 1869
23705 1872
27376 1873
25882 1874
31324 1877
14989 1878
23232 1879
25560 1884
30500 1885
20677 1886
21471 1887
10378 1889
29831 1890
16594 1891
29462 1892
10727 1893
15945 1894
16801 1896
30887 1897
27746 1900
20337 1901
20231 1902
6577 1904
6804 1905
10597 1906
27974 1909
8745 1910
22958 1911
6305 1913
18740 1918
8711 1922
29948 1923
11357 1924
12442 1925
23161 1926
10888 1927
21226 1930
3567 1931
10568 1932
1055 1936
6113 1938
25519 1939
20754 1940
16791 1941
23597 1943
5713 1944
30704 1946
3992 1948
18915 1949
18825 1950
5274 1952
7155 1955
21259 1956
13416 1957
20724 1959
21799 1960
26127 1961
24193 1962
12189 1963
21164 1965
19002 1966
26288 1968
18067 1969
14118 1970
16020 1971
21720 1975
30494 1978
7022 1979
5270 1981
8768 1982
3047 1986
18723 1987
10265 1988
27375 1989
16135 1990
242 1992
15271 1994
28512 1996
23851 1997
8432 1998
