1 2 81.982398
2 3 224.545671
3 4 173.885324
4 5 43.559072
5 6 301.463816
5 7 415.38746
4 8 227.64550799999998
8 9 301.231905
8 10 455.325299
3 11 407.13623400000006
2 12 785.8707039999999
1 13 132.040063
13 14 86.883342
14 15 154.197496
15 16 591.157077
15 17 850.8011809999999
14 18 434.77414699999997
18 19 357.589077
19 20 238.284103
19 21 119.41788499999998
21 22 1
21 23 27.20613
23 24 1
23 25 394.193531
18 26 229.31591
26 27 18.657266
27 28 19.344924
27 29 21.057423
26 30 32.569595
30 31 63.434988999999995
31 32 2.466765
31 33 6.843425
30 34 4.407223
34 35 38.133846
34 36 22.453381
36 37 46.990879
37 38 42.790068999999995
38 39 53.175251
38 40 102.76884
37 41 29.667897999999997
36 42 56.352233
13 43 25.53991
43 44 14.823118
44 45 970.651599
44 46 523.845705
46 47 361.18913
47 48 82.19918
48 49 1
48 50 304.353271
47 51 1
46 52 261.932822
52 53 216.33243900000002
52 54 226.820231
43 55 4.811909
55 56 2.4817039999999997
56 57 20.174671999999997
57 58 29.407201
58 59 393.682171
59 60 274.147506
60 61 183.041227
60 62 81.268526
62 63 24.807457
63 64 57.495163000000005
64 65 113.353182
65 66 94.019899
66 67 22.813344
67 68 71.973673
67 69 24.520191999999998
66 70 73.462316
65 71 90.53067
64 72 46.973527999999995
72 73 501.22303700000003
72 74 378.335282
63 75 64.325513
75 76 70.552577
75 77 69.10422
77 78 0.5033540000000001
77 79 28.92262
62 80 82.307633
80 81 29.068794999999998
80 82 71.444204
59 83 634.141212
58 84 107.75378099999999
84 85 85.746538
85 86 92.410223
86 87 48.945260000000005
87 88 667.826716
87 89 118.53271000000001
89 90 284.754997
90 91 108.36587300000001
90 92 132.490779
89 93 137.962036
93 94 39.014719
94 95 362.29296899999997
94 96 79.0347
96 97 247.30515
97 98 138.32283700000002
97 99 65.76668
99 100 84.927804
100 101 8.059189
100 102 2.9493869999999998
99 103 8.810712
96 104 193.862493
104 105 148.946325
104 106 32.587539
93 107 287.120985
86 108 115.92641800000001
108 109 466.37528499999996
109 110 14.269184
110 111 20.656166000000002
110 112 32.223454000000004
109 113 137.23725
108 114 122.671069
114 115 150.151181
114 116 115.13411099999999
116 117 232.389614
116 118 79.763329
85 119 60.389937
119 120 352.308002
120 121 174.774021
121 122 25.822379
122 123 31.488568
122 124 40.205636
124 125 81.016008
125 126 122.15580299999999
125 127 176.22951700000002
127 128 81.26712900000001
127 129 52.715846
124 130 79.953966
121 131 2.82886
120 132 138.425896
132 133 311.365226
132 134 23.174861
134 135 41.377157
134 136 162.71168600000001
119 137 403.34179900000004
137 138 292.139065
137 139 202.84054500000002
84 140 397.73193299999997
140 141 85.741997
141 142 97.263568
142 143 40.976924
143 144 86.367627
143 145 12.301857
142 146 127.348993
141 147 310.126841
147 148 49.971578
148 149 95.56321100000001
148 150 1
147 151 102.39898199999999
140 152 48.680051
152 153 172.522965
153 154 384.02842599999997
153 155 43.025597999999995
155 156 173.53800900000002
155 157 81.79786
152 158 198.334406
158 159 123.00766899999999
159 160 154.767404
159 161 1
158 162 117.891449
57 163 104.755743
163 164 550.440254
164 165 443.660647
164 166 160.32107499999998
163 167 897.640453
56 168 125.06302899999999
168 169 869.5914180000001
168 170 876.016343
55 171 0.807105
171 172 0.15517
172 173 0.100523
173 174 1.834245
174 175 2.0447900000000003
175 176 9.366346
176 177 10.061733
177 178 991.8178899999999
177 179 50.338888999999995
179 180 949.615834
179 181 96.723532
181 182 199.93429700000002
182 183 800.0660160000001
182 184 51.078322
181 185 903.297154
176 186 57.36449
186 187 291.874465
187 188 586.14206
187 189 723.768159
186 190 915.610889
175 191 5.797502000000001
191 192 12.811151
192 193 984.4914490000001
192 194 42.858559
194 195 90.59526799999999
195 196 909.367264
195 197 124.063586
197 198 176.72086000000002
197 199 875.955152
194 200 958.862847
191 201 906.7731269999999
201 202 75.376088
201 203 99.056944
174 204 907.2077569999999
204 205 75.459306
205 206 16.197916
205 207 16.213314
204 208 89.890939
173 209 0.197831
209 210 0.889301
210 211 296.848953
211 212 703.093846
211 213 612.8765470000001
213 214 1
213 215 384.195876
210 216 1.5404309999999999
216 217 5.974265
217 218 19.695579
218 219 99.220748
219 220 661.700733
220 221 341.588228
220 222 6.613357000000001
219 223 904.671877
218 224 101.349961
224 225 141.458979
225 226 618.00942
225 227 811.302995
224 228 518.457629
228 229 180.43897900000002
228 230 505.722516
217 231 19.886515
231 232 288.530781
232 233 723.79907
232 234 668.955256
231 235 27.33408
235 236 81.99292700000001
236 237 733.693816
236 238 423.577188
238 239 308.479116
238 240 659.8437620000001
235 241 963.1139620000001
216 242 23.393289
242 243 94.799728
243 244 899.286378
243 245 115.66214599999999
245 246 512.1386669999999
246 247 1
246 248 248.103332
248 249 51.648963
249 250 49.847224000000004
249 251 239.79779799999997
248 252 54.527906
245 253 887.2945420000001
242 254 978.779798
209 255 0.6557430000000001
255 256 2.230003
256 257 161.511177
257 258 840.087209
257 259 832.6970210000001
256 260 2.402971
260 261 16.433103
261 262 23.016629
262 263 78.646467
263 264 222.575453
264 265 777.401562
264 266 190.236786
263 267 921.321607
262 268 976.9848939999999
261 269 983.681393
260 270 102.885706
270 271 747.46177
271 272 48.978182999999994
271 273 133.645796
273 274 162.305104
273 275 88.76153
270 276 887.455303
255 277 6.275605
277 278 47.921949000000005
278 279 743.518671
279 280 52.661024999999995
280 281 75.92532
280 282 117.336886
279 283 180.327643
283 284 41.131566
283 285 83.68476299999999
278 286 953.287546
277 287 683.018785
287 288 303.120176
287 289 314.690115
172 290 0.053695
290 291 0.008112
291 292 0.060439
292 293 1.0106
293 294 423.105406
294 295 126.52525800000001
295 296 335.182462
295 297 296.723695
297 298 311.705415
297 299 217.36754399999998
294 300 577.143316
293 301 7.492375
301 302 11.660154
302 303 551.926626
303 304 356.799612
304 305 349.597942
304 306 1
303 307 413.980557
302 308 34.280235
308 309 43.655009
309 310 65.91749
310 311 259.396496
311 312 467.719312
311 313 663.829194
313 314 1
313 315 493.439422
310 316 453.308339
309 317 956.3510689999999
308 318 965.877356
301 319 552.610117
319 320 441.98547799999994
319 321 437.75761600000004
292 322 0.300213
322 323 17.109717999999997
323 324 72.787914
324 325 927.6413979999999
324 326 80.35631
326 327 761.904115
326 328 786.347397
328 329 1
328 330 264.319584
323 331 53.83918
331 332 616.238977
332 333 382.655409
332 334 213.23136499999998
331 335 81.95256400000001
335 336 790.78066
335 337 930.4264
322 338 1.492607
338 339 587.639145
339 340 344.010782
340 341 72.571814
340 342 65.393022
339 343 408.78461000000004
338 344 4.93307
344 345 890.263715
345 346 112.462062
345 347 52.88275
347 348 21.753474
347 349 66.750189
344 350 16.419905
350 351 983.5819409999999
350 352 19.691889
352 353 54.777734
353 354 284.431509
354 355 715.566306
354 356 229.74111700000003
353 357 945.22155
352 358 980.309321
291 359 0.016007
359 360 0.022018
360 361 0.014804999999999999
361 362 0.033988
362 363 0.073948
363 364 0.147459
364 365 1.7991679999999999
365 366 1.851757
366 367 5.800811
367 368 5.83832
368 369 7.702789999999999
369 370 41.460635
370 371 46.776883000000005
371 372 953.2224940000001
371 373 92.54443500000001
373 374 907.4557520000001
373 375 30.224535000000003
370 376 958.538672
369 377 992.2969889999999
368 378 889.693144
378 379 99.434185
378 380 109.502257
367 381 996.0043750000001
366 382 331.379686
382 383 667.42674
382 384 659.652559
365 385 12.671577000000001
385 386 59.235232
386 387 60.740016
387 388 939.4226570000001
387 389 709.9551660000001
389 390 1
389 391 225.909863
386 392 940.8944869999999
385 393 73.200377
393 394 898.999139
393 395 692.753449
395 396 148.697952
395 397 322.295424
364 398 0.603774
398 399 3.470662
399 400 12.868361
400 401 89.753045
401 402 910.2239279999999
401 403 868.1580730000001
400 404 399.125891
404 405 419.37321399999996
405 406 580.625738
405 407 1
404 408 605.682595
399 409 11.431996
409 410 51.546761
410 411 919.30584
411 412 1.044664
411 413 1
410 414 308.620567
414 415 250.928202
415 416 61.514914
416 417 131.112775
417 418 534.0100279999999
417 419 95.997122
416 420 59.640530999999996
415 421 71.104803
421 422 122.525464
422 423 1
422 424 335.222621
421 425 222.253985
425 426 1
425 427 319.465912
414 428 570.081315
428 429 15.117215999999999
428 430 262.394452
409 431 15.411062000000001
431 432 85.693612
432 433 128.453383
433 434 871.1948789999999
433 435 450.312057
432 436 914.3162110000001
431 437 984.5787939999999
398 438 3.183395
438 439 68.07716
439 440 921.1899430000001
439 441 274.042894
441 442 584.469475
441 443 615.0076300000001
443 444 1
443 445 458.435982
438 446 9.434391999999999
446 447 11.098265999999999
447 448 119.633835
448 449 841.672708
448 450 896.948445
447 451 69.854371
451 452 759.1411400000001
452 453 52.74065999999999
452 454 272.618319
451 455 850.0248879999999
446 456 49.556893
456 457 954.639733
456 458 929.805577
363 459 0.223749
459 460 0.287801
460 461 1.511289
461 462 22.452973
462 463 973.4545280000001
462 464 832.7946430000001
464 465 117.736898
464 466 169.280482
461 467 8.062854
467 468 10.331589
468 469 935.0446249999999
469 470 49.193569
469 471 64.343113
468 472 34.186626
472 473 97.147153
473 474 111.667533
474 475 888.324863
474 476 336.38554100000005
473 477 902.8487050000001
472 478 839.287247
478 479 78.86031799999999
478 480 174.207774
467 481 44.255604999999996
481 482 936.5767460000001
481 483 951.526613
460 484 11.53311
484 485 120.37233499999999
485 486 246.96151999999998
486 487 561.853436
486 488 336.20061
488 489 94.44534
488 490 542.1628850000001
485 491 323.907997
491 492 420.929704
491 493 688.337683
484 494 86.493768
494 495 500.62964900000003
495 496 307.535506
496 497 22.398860000000003
496 498 301.910438
495 499 309.53364
494 500 92.167693
500 501 145.473278
501 502 326.083037
501 503 608.227406
503 504 390.929339
503 505 78.599122
500 506 247.046267
506 507 637.15867
506 508 697.161015
459 509 1.21886
509 510 2.248842
510 511 6.003506
511 512 32.379188
512 513 142.028493
513 514 752.7641970000001
513 515 837.26141
512 516 966.173163
511 517 72.901307
517 518 651.37559
518 519 348.24485599999997
518 520 167.593817
517 521 697.327631
521 522 184.307276
521 523 285.21405500000003
510 524 998.412321
509 525 2.618842
525 526 5.050719
526 527 35.347482
527 528 606.244722
528 529 410.21016899999995
528 530 306.95936700000004
527 531 53.751223
531 532 135.927402
532 533 484.364272
532 534 864.101359
531 535 946.192995
526 536 147.873536
536 537 837.7201469999999
536 538 490.44311799999997
538 539 215.23388699999998
538 540 519.791688
525 541 34.063588
541 542 194.773458
542 543 715.384564
542 544 804.984999
541 545 142.960818
545 546 519.139887
546 547 336.913044
546 548 67.450462
548 549 34.25248
549 550 33.758705
549 551 93.398689
548 552 17.135246000000002
552 553 43.70375
552 554 237.97576399999997
545 555 247.613747
555 556 396.268375
556 557 660.767414
556 558 1
555 559 425.117292
559 560 87.425065
560 561 149.049408
560 562 25.859368999999997
559 563 188.591707
362 564 0.082606
564 565 0.368198
565 566 0.766034
566 567 35.151970999999996
567 568 48.544789
568 569 951.7367820000001
568 570 176.05478699999998
570 571 824.2057179999999
570 572 575.435561
567 573 963.299719
566 574 3.2847800000000005
574 575 650.483097
575 576 180.143123
576 577 87.213569
576 578 233.98596700000002
575 579 350.310493
574 580 161.252835
580 581 211.35560500000003
581 582 468.39995200000004
582 583 160.711025
582 584 1
581 585 92.284356
585 586 54.312408999999995
586 587 511.302548
586 588 210.989337
588 589 565.416795
588 590 264.272625
585 591 375.283969
591 592 333.434817
592 593 213.018364
593 594 76.792585
593 595 17.121356
592 596 1
591 597 239.47336199999998
580 598 839.4454700000001
565 599 0.21986599999999998
599 600 0.738225
600 601 4.728539
601 602 17.004440000000002
602 603 29.915681
603 604 52.707678
604 605 132.03951700000002
605 606 867.963438
605 607 370.151072
604 608 947.405569
603 609 30.792154999999998
609 610 924.1743140000001
609 611 953.98239
602 612 983.7273180000001
601 613 458.34613199999995
613 614 528.870895
613 615 541.8705659999999
600 616 285.722125
616 617 715.379013
616 618 370.490604
618 619 54.418506
618 620 629.4919669999999
599 621 3.8928740000000004
621 622 6.608707
622 623 8.589126
623 624 15.972592999999998
624 625 984.0083979999999
624 626 33.324284999999996
626 627 966.685107
626 628 65.713097
628 629 934.286995
628 630 148.12111
630 631 851.871233
630 632 1
623 633 843.498372
633 634 147.427222
633 635 148.452559
622 636 993.331152
621 637 996.445553
564 638 0.380993
638 639 0.8060879999999999
639 640 999.236826
639 641 3.452421
641 642 8.244174
642 643 9.091564
643 644 17.532267
644 645 45.261911
645 646 954.7376270000001
645 647 80.93585800000001
647 648 919.064364
647 649 162.7194
649 650 1
649 651 173.477429
651 652 785.554214
651 653 541.973248
653 654 1
653 655 1
644 656 982.467951
643 657 990.909016
642 658 968.893536
658 659 22.860469
658 660 17.575666000000002
660 661 3.898322
660 662 6.665505
641 663 996.54858
638 664 1.328803
664 665 997.8405829999999
664 666 3.134913
666 667 14.760713
667 668 18.871004
668 669 55.527483
669 670 944.435897
669 671 65.93031
671 672 934.0856390000001
671 673 533.640242
668 674 981.130624
667 675 985.2622
666 676 887.5921699999999
676 677 105.49782
676 678 114.05683200000001
361 679 0.083944
679 680 0.152743
680 681 5.126742
681 682 170.844146
682 683 829.1395749999999
682 684 305.628394
684 685 214.27242999999999
685 686 107.784931
686 687 555.872801
686 688 1
685 689 1
684 690 694.402142
681 691 28.295259
691 692 234.30350299999998
692 693 769.2114690000001
692 694 697.7849199999999
691 695 191.111219
695 696 737.021272
695 697 810.7401669999999
680 698 0.46275
698 699 1.8564730000000003
699 700 3.245696
700 701 5.655576
701 702 47.352652
702 703 953.006255
702 704 61.404665
704 705 231.107628
705 706 240.45480700000002
706 707 1
706 708 21.690401
708 709 1
708 710 12.425386
710 711 17.261146
711 712 4.117463
712 713 1.8050199999999998
712 714 1.7400630000000001
714 715 198.426692
715 716 1
715 717 1.828055
717 718 56.758959
718 719 29.152411999999998
718 720 16.003693
720 721 0.373185
720 722 0.807573
717 723 1
714 724 23.79287
724 725 2.7182709999999997
725 726 0.718237
726 727 6.806787
726 728 2.576917
725 729 5.7212369999999995
729 730 0.072757
729 731 0.191827
724 732 2.998652
732 733 1.7812189999999999
733 734 0.8709899999999999
734 735 3.091021
735 736 2.410474
735 737 3.543298
737 738 0.199052
738 739 1
738 740 1
737 741 0.33214699999999997
741 742 0.002712
742 743 0.002712
743 744 0.26587099999999997
743 745 1
742 746 1
741 747 1
734 748 2.135762
748 749 4.086554
749 750 0.74562
750 751 3.548146
750 752 2.23157
752 753 0.768061
752 754 5.241777
754 755 2.572445
755 756 1.826945
756 757 3.346634
757 758 2.40423
757 759 1.9945210000000002
756 760 7.8144160000000005
760 761 13.148834
761 762 16.138916000000002
761 763 17.972187
760 764 118.083027
764 765 41.645194000000004
765 766 35.911935
765 767 121.489415
764 768 42.172148
768 769 42.121748
768 770 39.262589
770 771 6.997686
770 772 52.295348
755 773 4.022704
754 774 3.401293
774 775 10.06735
774 776 0.685655
776 777 12.78021
776 778 10.156263000000001
749 779 0.766872
748 780 1.306304
733 781 1.212976
781 782 0.590908
782 783 0.568956
783 784 1
784 785 1
784 786 1
783 787 1
782 788 0.494795
788 789 0.0020440000000000002
789 790 0.0020440000000000002
790 791 0.0020440000000000002
791 792 0.0020440000000000002
792 793 1
792 794 0.26717199999999997
791 795 1
790 796 1
789 797 1
788 798 1
781 799 1.035463
799 800 0.037704999999999995
799 801 0.49233000000000005
732 802 2.655046
802 803 0.607432
802 804 0.456035
804 805 0.246531
804 806 0.018050999999999998
711 807 1
710 808 1
705 809 765.954475
704 810 938.5959550000001
701 811 148.536442
811 812 793.972503
812 813 215.13375
812 814 1
811 815 833.7447149999999
700 816 144.864642
816 817 249.246949
817 818 524.782144
818 819 1
818 820 569.018956
817 821 514.49075
816 822 528.8188739999999
822 823 109.80760300000001
823 824 13.010079
823 825 305.705156
822 826 369.317129
699 827 0.446662
827 828 6.058583
828 829 993.691274
828 830 6.595661999999999
830 831 9.704127999999999
831 832 990.779719
831 833 33.284378
833 834 59.836014000000006
834 835 196.383921
835 836 695.130201
835 837 792.4275620000001
834 838 133.155322
838 839 866.760994
838 840 1
833 841 966.715532
830 842 850.5850110000001
842 843 149.50935700000002
842 844 135.90451
827 845 997.430464
698 846 427.450663
846 847 571.740948
846 848 572.6902319999999
679 849 0.562299
849 850 2.311178
850 851 3.184873
851 852 3.9502500000000005
852 853 13.049251
853 854 64.20360699999999
854 855 110.89970899999999
855 856 889.0973640000001
855 857 503.852036
854 858 935.797844
853 859 986.9417390000001
852 860 305.130133
860 861 676.149354
860 862 705.682228
851 863 996.80837
850 864 997.741228
849 865 640.489042
865 866 357.874705
866 867 10.921688
866 868 1
865 869 358.27070399999997
360 870 0.014166999999999999
870 871 0.016245
871 872 0.185162
872 873 0.27002200000000004
873 874 1.485729
874 875 8.272845
875 876 18.519734
876 877 48.821392
877 878 115.19456
878 879 618.061093
879 880 118.881343
879 881 486.75767299999995
878 882 711.24251
877 883 412.891127
883 884 342.724311
883 885 589.553715
876 886 981.483283
875 887 34.694396
887 888 731.463126
888 889 194.567647
889 890 114.75520999999999
889 891 55.037884999999996
888 892 193.892156
887 893 946.287568
874 894 174.766941
894 895 141.144096
895 896 169.462309
896 897 557.0642799999999
896 898 516.50228
895 899 26.936691000000003
899 900 560.763197
900 901 127.274869
901 902 27.861583
901 903 14.600693000000001
900 904 14.391785000000002
899 905 201.32088000000002
905 906 410.88853800000004
905 907 410.154787
894 908 237.142835
908 909 237.932878
909 910 128.54527099999999
910 911 46.310476
910 912 87.144519
909 913 136.42246600000001
913 914 216.294232
913 915 30.034367
915 916 139.236598
915 917 138.00405899999998
908 918 676.530986
873 919 999.7662399999999
872 920 1.1302070000000002
920 921 1.424827
921 922 788.295679
922 923 157.442339
923 924 34.245479
923 925 77.500286
922 926 121.996188
926 927 77.325953
926 928 93.107865
921 929 2.7920130000000003
929 930 4.352595
930 931 35.732517
931 932 964.2663969999999
931 933 83.173779
933 934 735.942683
933 935 320.162783
935 936 770.279255
935 937 362.452598
937 938 74.990032
937 939 27.113438000000002
930 940 995.657069
929 941 723.787555
941 942 280.848015
941 943 92.264692
943 944 162.917494
943 945 33.996588
945 946 80.821847
945 947 57.71182700000001
947 948 76.811402
947 949 197.550455
949 950 1
949 951 65.425532
951 952 63.553068999999994
952 953 1
952 954 427.676735
951 955 1
920 956 998.914316
871 957 0.00359
957 958 0.015949
958 959 0.180715
959 960 0.379228
960 961 0.48926400000000003
961 962 999.480866
961 963 1.623401
963 964 998.3890819999999
963 965 4.922416999999999
965 966 10.929457
966 967 11.78143
967 968 73.745519
968 969 926.25748
968 970 90.97231099999999
970 971 340.893545
971 972 1
971 973 259.61402599999997
970 974 909.0239710000001
967 975 988.220916
966 976 989.042822
965 977 995.0692
960 978 640.915263
978 979 127.06784
979 980 307.817038
979 981 155.34870899999999
978 982 358.79116500000003
959 983 0.463927
983 984 0.665258
984 985 1.240753
985 986 1.87119
986 987 998.1398770000001
986 988 3.703868
988 989 4.618855
989 990 13.895175000000002
990 991 24.989538
991 992 199.325684
992 993 758.687727
993 994 7.196172000000001
993 995 4.426033
992 996 786.869949
991 997 25.869257
997 998 161.154373
998 999 1
998 1000 838.844875
997 1001 974.131571
990 1002 986.1098139999999
989 1003 727.676241
1003 1004 237.559936
1004 1005 4.019714
1004 1006 79.608673
1003 1007 256.005631
988 1008 996.295627
985 1009 998.7370970000001
984 1010 999.5351919999999
983 1011 999.20143
958 1012 0.164772
1012 1013 999.8675370000001
1012 1014 0.6010749999999999
1014 1015 999.3989250000001
1014 1016 0.8438930000000001
1016 1017 101.532099
1017 1018 899.59425
1017 1019 895.599492
1016 1020 1.555057
1020 1021 3.098364
1021 1022 16.802444
1022 1023 983.198861
1022 1024 29.175792
1024 1025 74.02367100000001
1025 1026 925.974828
1025 1027 74.031906
1027 1028 193.002396
1028 1029 177.82185900000002
1029 1030 39.537767
1029 1031 40.231705
1028 1032 1
1027 1033 925.968735
1024 1034 970.8240209999999
1021 1035 692.680311
1035 1036 213.030579
1036 1037 67.950305
1036 1038 18.311992999999998
1038 1039 62.541448
1038 1040 86.364176
1035 1041 213.954252
1041 1042 72.827163
1041 1043 129.405919
1020 1044 998.43642
957 1045 0.016742999999999997
1045 1046 0.073865
1046 1047 999.9289449999999
1046 1048 0.271946
1048 1049 0.440427
1049 1050 2.8383499999999997
1050 1051 997.172427
1050 1052 8.754977
1052 1053 10.469949
1053 1054 27.309956000000003
1054 1055 972.6911319999999
1054 1056 45.741163
1056 1057 954.258566
1056 1058 427.01474700000006
1058 1059 1
1058 1060 572.9852679999999
1053 1061 989.864322
1052 1062 990.5699759999999
1049 1063 0.845305
1063 1064 1.543733
1064 1065 2.068942
1065 1066 7.960533
1066 1067 17.657028
1067 1068 982.343034
1067 1069 22.981918
1069 1070 977.018073
1069 1071 40.897993
1071 1072 86.040368
1072 1073 913.988458
1072 1074 124.24174500000001
1071 1075 86.499237
1075 1076 785.958339
1076 1077 53.922791000000004
1077 1078 18.175664
1078 1079 1
1078 1080 6.137894
1080 1081 2.668794
1081 1082 2.816666
1081 1083 1.602275
1083 1084 4.3358870000000005
1083 1085 4.211091
1085 1086 6.209201999999999
1085 1087 72.867027
1080 1088 5.703871
1077 1089 62.221097
1089 1090 5.966176
1090 1091 1.75628
1091 1092 8.710328
1091 1093 2.6910179999999997
1090 1094 3.5535700000000006
1094 1095 4.992472
1094 1096 4.621481
1089 1097 77.050635
1097 1098 10.689675
1097 1099 27.198754
1076 1100 1
1075 1101 904.9014830000001
1066 1102 992.040669
1065 1103 997.930134
1064 1104 999.011818
1063 1105 260.91661
1105 1106 431.93805999999995
1106 1107 352.33265
1106 1108 255.293362
1105 1109 566.354762
1109 1110 221.40635699999999
1109 1111 124.83762700000001
1048 1112 999.728054
1045 1113 0.019936
1113 1114 0.001044
1114 1115 0.003197
1115 1116 0.004901
1116 1117 0.029050000000000003
1117 1118 999.970978
1117 1119 0.036071
1119 1120 999.9639289999999
1119 1121 0.320443
1121 1122 0.481525
1122 1123 0.653069
1123 1124 4.266153
1124 1125 7.811236000000001
1125 1126 11.818569
1126 1127 606.511584
1127 1128 426.142591
1127 1129 337.196974
1126 1130 62.794108
1130 1131 97.595415
1131 1132 273.878382
1132 1133 408.151403
1133 1134 1
1133 1135 82.301335
1135 1136 1
1135 1137 101.184783
1137 1138 115.49631600000001
1137 1139 44.75494
1132 1140 1
1131 1141 902.4046370000001
1130 1142 937.2057829999999
1125 1143 959.775999
1143 1144 32.256778000000004
1143 1145 32.568753
1124 1146 995.7338849999999
1123 1147 999.3467880000001
1122 1148 999.518483
1121 1149 999.679542
1116 1150 999.995043
1115 1151 999.9970559999999
1114 1152 0.00039299999999999996
1152 1153 0.00019800000000000002
1153 1154 2.8000000000000003e-05
1154 1155 989.748266
1155 1156 10.251733999999999
1155 1157 10.251733999999999
1154 1158 1
1158 1159 1
1159 1160 1000.0
1159 1161 1
1161 1162 1000.0
1161 1163 1000.0
1158 1164 1
1164 1165 1000.0
1164 1166 1000.0
1153 1167 999.999972
1152 1168 999.9998019999999
1113 1169 999.9989559999999
870 1170 0.06644599999999999
1170 1171 0.05012900000000001
1171 1172 0.372606
1172 1173 1.5436429999999999
1173 1174 2.8852860000000002
1174 1175 14.247962
1175 1176 16.8398
1176 1177 51.728834
1177 1178 948.289226
1177 1179 59.46429
1179 1180 148.32061299999998
1180 1181 1
1180 1182 851.678482
1179 1183 940.536181
1176 1184 983.123958
1175 1185 985.774148
1174 1186 775.286861
1186 1187 218.32387799999998
1186 1188 226.884904
1173 1189 258.230652
1189 1190 709.839468
1190 1191 1
1190 1192 56.987252
1189 1193 740.3909
1172 1194 0.5858140000000001
1194 1195 1.3090620000000002
1195 1196 205.982253
1196 1197 789.316294
1196 1198 795.86475
1195 1199 4.415197
1199 1200 7.083346
1200 1201 10.629589000000001
1201 1202 13.667586000000002
1202 1203 25.94996
1203 1204 48.812886
1204 1205 102.779595
1205 1206 1
1205 1207 269.917332
1207 1208 743.569521
1207 1209 510.909181
1204 1210 951.1893190000001
1203 1211 974.052937
1202 1212 986.3175869999999
1201 1213 989.7695410000001
1200 1214 321.715353
1214 1215 676.939702
1214 1216 663.9848029999999
1199 1217 995.763515
1194 1218 1.426801
1218 1219 725.9319869999999
1219 1220 238.964804
1220 1221 62.864325
1220 1222 7.079886
1219 1223 269.693916
1218 1224 6.699097
1224 1225 9.668147000000001
1225 1226 739.631894
1226 1227 274.34525
1226 1228 227.647891
1225 1229 41.570555999999996
1229 1230 52.239227
1230 1231 63.386476
1231 1232 368.442893
1231 1233 440.02760299999994
1233 1234 290.526616
1233 1235 332.70977
1235 1236 132.81811199999999
1236 1237 127.64638399999998
1236 1238 94.327437
1235 1239 248.998009
1239 1240 412.05314599999997
1239 1241 85.026263
1230 1242 947.0230859999999
1229 1243 958.405566
1224 1244 36.526723
1244 1245 747.3352239999999
1245 1246 262.90272200000004
1245 1247 176.330638
1244 1248 946.8474970000001
1171 1249 1.5249199999999998
1249 1250 2.444659
1250 1251 2.969058
1251 1252 4.024536
1252 1253 33.467743999999996
1253 1254 77.332367
1254 1255 149.14052
1255 1256 850.858157
1255 1257 276.911713
1257 1258 1
1257 1259 6.043052
1259 1260 5.91716
1260 1261 4.982502
1261 1262 0.8209569999999999
1261 1263 3.5675480000000004
1263 1264 0.865055
1263 1265 3.447095
1265 1266 0.7732260000000001
1266 1267 4.599212
1266 1268 2.777539
1265 1269 0.377325
1269 1270 2.153242
1270 1271 4.633228000000001
1271 1272 0.504224
1272 1273 1.5059529999999999
1272 1274 1.351839
1271 1275 2.5285729999999997
1270 1276 1.313182
1276 1277 2.24168
1277 1278 4.563178
1277 1279 4.7853270000000006
1276 1280 9.200058
1280 1281 4.263927
1281 1282 0.782913
1282 1283 0.844816
1282 1284 0.621621
1284 1285 1
1284 1286 1.7478589999999998
1281 1287 0.819131
1287 1288 1.733907
1288 1289 4.937537
1288 1290 7.214852
1290 1291 3.967146
1291 1292 5.4300370000000004
1291 1293 5.560627
1290 1294 0.6063
1294 1295 0.263723
1295 1296 0.054425
1296 1297 0.272533
1297 1298 0.7163649999999999
1298 1299 1.992566
1298 1300 1.579357
1297 1301 0.32869000000000004
1301 1302 0.587005
1302 1303 2.646803
1302 1304 3.0521260000000003
1301 1305 0.43336800000000003
1305 1306 0.729229
1305 1307 5.628042
1296 1308 1.936366
1295 1309 1.5400530000000001
1294 1310 2.614219
1287 1311 0.962861
1311 1312 0.81102
1312 1313 0.540558
1313 1314 2.000876
1313 1315 0.622733
1315 1316 0.351321
1316 1317 1.239722
1317 1318 1.714775
1317 1319 3.4364190000000003
1316 1320 1.088562
1315 1321 1.370587
1312 1322 0.250235
1322 1323 1.173613
1323 1324 1.85616
1323 1325 2.6554439999999997
1325 1326 9.778829
1326 1327 2.343497
1327 1328 0.108475
1328 1329 3.004093
1329 1330 2.438825
1329 1331 3.600062
1328 1332 1.078639
1332 1333 1.249914
1333 1334 0.363825
1333 1335 1.9841890000000002
1332 1336 1.393663
1327 1337 1.424363
1337 1338 1.027752
1338 1339 0.7916660000000001
1339 1340 1.488506
1339 1341 6.073944
1341 1342 8.24795
1341 1343 13.883873
1343 1344 2.1253770000000003
1343 1345 0.209259
1338 1346 1.144009
1346 1347 1.1854989999999999
1347 1348 5.20416
1348 1349 1.902696
1348 1350 1.639166
1347 1351 4.449156
1346 1352 10.19263
1352 1353 1.7609409999999999
1353 1354 4.993007
1353 1355 2.519557
1352 1356 1.6548239999999999
1356 1357 1.542412
1357 1358 3.4401340000000005
1357 1359 1.4628459999999999
1359 1360 4.600763
1359 1361 2.999802
1356 1362 0.815282
1362 1363 2.59251
1362 1364 3.1561980000000003
1337 1365 1.32551
1326 1366 0.399212
1325 1367 1.374443
1322 1368 0.463251
1368 1369 0.473903
1369 1370 0.9505929999999999
1370 1371 2.01281
1370 1372 0.200526
1372 1373 3.899295
1372 1374 2.113336
1369 1375 0.5248499999999999
1375 1376 2.5788930000000003
1375 1377 2.7962919999999998
1368 1378 1.063955
1378 1379 1.3736119999999998
1378 1380 1.094381
1380 1381 1.156015
1381 1382 1.511684
1381 1383 2.16986
1380 1384 1.1138109999999999
1311 1385 0.988034
1385 1386 1.927897
1385 1387 0.506601
1387 1388 0.582986
1387 1389 0.278796
1280 1390 16.517524
1269 1391 0.741535
1391 1392 2.1768389999999997
1391 1393 0.739165
1260 1394 1
1259 1395 1
1254 1396 922.697259
1253 1397 966.472509
1252 1398 995.9752970000001
1251 1399 997.0355989999999
1250 1400 207.83399
1400 1401 785.3957409999999
1400 1402 794.175385
1249 1403 22.052564999999998
1403 1404 152.612164
1404 1405 844.442411
1404 1406 672.247536
1406 1407 1
1406 1408 288.271927
1403 1409 159.41150399999998
1409 1410 842.170722
1409 1411 386.661605
1411 1412 255.14852100000002
1412 1413 436.14526
1412 1414 185.176034
1411 1415 250.145046
1170 1416 0.389617
1416 1417 999.7220860000001
1416 1418 15.027431
1418 1419 984.969568
1418 1420 38.285745
1420 1421 156.028445
1421 1422 811.783087
1421 1423 734.793274
1420 1424 922.944872
1424 1425 93.221784
1424 1426 1
359 1427 0.012844000000000001
1427 1428 0.14941100000000002
1428 1429 0.304883
1429 1430 0.946191
1430 1431 0.962027
1431 1432 2.8283519999999998
1432 1433 5.719817
1433 1434 8.657483000000001
1434 1435 43.864739
1435 1436 64.658884
1436 1437 103.52456299999999
1437 1438 896.475974
1437 1439 16.960662000000003
1436 1440 935.3436240000001
1435 1441 956.139466
1434 1442 991.3198080000001
1433 1443 994.281243
1432 1444 19.438066000000003
1444 1445 612.000436
1445 1446 293.627153
1446 1447 1
1446 1448 186.58509899999999
1448 1449 1
1448 1450 266.359699
1450 1451 37.808524
1451 1452 3.2955239999999995
1451 1453 0.21342499999999998
1450 1454 106.89669699999999
1445 1455 392.894186
1444 1456 971.842817
1431 1457 384.4687
1457 1458 611.6298760000001
1457 1459 617.605237
1430 1460 521.43616
1460 1461 479.165297
1460 1462 284.805496
1462 1463 115.35964299999999
1462 1464 49.847321
1464 1465 159.42976
1464 1466 196.36040500000001
1466 1467 1
1466 1468 54.038739
1468 1469 79.139006
1469 1470 109.67764900000002
1470 1471 146.857077
1470 1472 226.29055400000001
1472 1473 321.447046
1472 1474 257.721849
1474 1475 1
1474 1476 26.318053000000003
1469 1477 87.225988
1468 1478 1
1429 1479 69.335778
1479 1480 24.840643
1480 1481 224.34624799999997
1481 1482 156.122749
1482 1483 310.036124
1483 1484 156.212596
1483 1485 39.716588
1485 1486 50.812172
1486 1487 48.734401
1487 1488 21.179683999999998
1488 1489 39.821473000000005
1489 1490 74.378595
1489 1491 127.983241
1491 1492 315.742286
1491 1493 109.36896899999999
1493 1494 95.383583
1493 1495 118.466172
1488 1496 28.220858
1496 1497 4.220966000000001
1497 1498 88.705327
1497 1499 50.401979
1496 1500 74.184388
1487 1501 30.376876000000003
1501 1502 122.71590400000001
1502 1503 67.675382
1503 1504 2.675649
1503 1505 85.897937
1502 1506 76.044111
1506 1507 54.149041
1506 1508 86.01931499999999
1501 1509 12.673285
1509 1510 84.31272
1510 1511 39.698614
1510 1512 19.079487
1512 1513 1
1512 1514 5.198483
1514 1515 29.646729999999998
1514 1516 27.840346
1509 1517 20.349218999999998
1517 1518 27.039596999999997
1518 1519 65.82577400000001
1519 1520 17.978250000000003
1520 1521 9.279314
1521 1522 36.625980000000006
1521 1523 13.446091
1520 1524 38.164786
1524 1525 1
1524 1526 88.906464
1519 1527 9.615545000000001
1527 1528 59.020320999999996
1527 1529 52.258081999999995
1518 1530 71.365424
1530 1531 130.939718
1531 1532 19.679779
1532 1533 78.113297
1532 1534 1
1531 1535 45.077552
1530 1536 63.858474
1536 1537 133.212763
1537 1538 23.786890999999997
1538 1539 4.447481
1538 1540 25.251552999999998
1537 1541 1
1536 1542 32.845561000000004
1542 1543 54.443369
1543 1544 40.287061
1544 1545 15.816404
1544 1546 8.810941999999999
1543 1547 51.29152500000001
1542 1548 68.819265
1548 1549 40.988808999999996
1549 1550 13.439005000000002
1549 1551 0.174063
1548 1552 52.23707399999999
1517 1553 25.061038000000003
1553 1554 19.78376
1554 1555 12.397205
1555 1556 25.692467
1556 1557 64.85307300000001
1556 1558 28.763056
1555 1559 115.91951300000001
1559 1560 42.787491
1559 1561 57.075072000000006
1554 1562 24.623935
1562 1563 51.056884999999994
1563 1564 17.606751000000003
1564 1565 39.955952
1565 1566 63.215675000000005
1566 1567 28.090536999999998
1567 1568 70.515593
1568 1569 25.185153
1568 1570 76.151371
1567 1571 115.776678
1566 1572 1
1565 1573 60.672667999999994
1564 1574 254.465181
1563 1575 127.239823
1562 1576 45.996623
1553 1577 14.872981
1577 1578 39.690668
1578 1579 61.043409000000004
1579 1580 23.327517
1579 1581 16.493645
1578 1582 63.194061999999995
1577 1583 47.020468
1583 1584 43.667144
1583 1585 26.678622
1585 1586 1.257383
1585 1587 27.042985
1486 1588 136.823401
1588 1589 1
1588 1590 51.310855
1590 1591 45.900639
1590 1592 18.362822
1592 1593 12.813846000000002
1592 1594 7.871685
1485 1595 93.109146
1482 1596 99.548509
1596 1597 72.163241
1597 1598 26.373077000000002
1597 1599 76.119704
1599 1600 505.090191
1599 1601 109.786509
1601 1602 139.641368
1601 1603 215.364298
1596 1604 24.823691
1481 1605 785.587934
1480 1606 524.042355
1606 1607 507.799351
1606 1608 289.394382
1479 1609 337.273268
1609 1610 617.9321319999999
1609 1611 567.804846
1428 1612 0.164323
1612 1613 0.531566
1613 1614 1.782796
1614 1615 6.497647
1615 1616 206.337271
1616 1617 796.896287
1616 1618 459.198634
1618 1619 48.397425999999996
1619 1620 107.953181
1620 1621 1
1620 1622 3.82945
1619 1623 5.671212
1623 1624 3.0538030000000003
1623 1625 1
1618 1626 456.10405099999997
1626 1627 88.066173
1626 1628 67.474486
1615 1629 8.539844
1629 1630 563.005259
1630 1631 263.677712
1631 1632 235.536773
1631 1633 51.663585999999995
1630 1634 448.668407
1629 1635 51.586064
1635 1636 948.510634
1635 1637 148.026861
1637 1638 620.183348
1637 1639 852.05404
1614 1640 300.46866
1640 1641 698.305648
1640 1642 694.36226
1613 1643 2.508671
1643 1644 5.2130980000000005
1644 1645 10.916115999999999
1645 1646 989.2025930000001
1645 1647 32.04225
1647 1648 40.293647
1648 1649 957.179836
1648 1650 430.17238100000003
1650 1651 262.139138
1650 1652 352.687904
1647 1653 966.057535
1644 1654 264.872278
1654 1655 739.914396
1654 1656 719.928805
1643 1657 69.280244
1657 1658 195.293611
1658 1659 481.42815900000005
1659 1660 305.093282
1660 1661 158.296205
1660 1662 137.628897
1659 1663 193.607496
1658 1664 463.67777300000006
1664 1665 384.440715
1664 1666 1
1657 1667 931.936733
1612 1668 1.231578
1668 1669 3.9014569999999997
1669 1670 6.686401
1670 1671 20.722738
1671 1672 30.333327999999998
1672 1673 969.707114
1672 1674 61.01845
1674 1675 129.04891899999998
1675 1676 870.950904
1675 1677 76.12384899999999
1674 1678 938.981489
1671 1679 979.38235
1670 1680 73.265837
1680 1681 935.411021
1680 1682 759.731441
1682 1683 70.4914
1682 1684 217.917935
1669 1685 996.1800099999999
1668 1686 934.512081
1686 1687 62.446403
1686 1688 66.211321
1427 1689 0.31910499999999997
1689 1690 0.667508
1690 1691 2.491811
1691 1692 5.8300659999999995
1692 1693 176.286064
1693 1694 806.071009
1693 1695 829.591525
1692 1696 8.675381
1696 1697 157.206577
1697 1698 808.845118
1697 1699 846.3745100000001
1699 1700 1
1699 1701 15.500053
1701 1702 20.58181
1702 1703 3.697877
1702 1704 5.159176
1704 1705 64.885365
1705 1706 20.906658
1705 1707 9.475967
1707 1708 18.14013
1707 1709 23.226468
1709 1710 13.248911999999999
1709 1711 4.1289180000000005
1704 1712 17.279818
1712 1713 0.41786999999999996
1713 1714 13.905048
1714 1715 1.427132
1714 1716 1.5890080000000002
1713 1717 1.104336
1717 1718 0.319594
1717 1719 0.46435699999999996
1712 1720 0.9818560000000001
1701 1721 1
1696 1722 13.231782
1722 1723 197.571083
1723 1724 477.105611
1724 1725 1
1724 1726 148.135662
1726 1727 6.592950999999999
1726 1728 113.11521200000001
1728 1729 203.00491699999998
1728 1730 109.05558500000001
1723 1731 802.7449560000001
1722 1732 98.3467
1732 1733 830.3908260000001
1732 1734 223.985245
1734 1735 609.021829
1734 1736 575.145427
1736 1737 104.892142
1736 1738 411.66886
1691 1739 997.5678849999999
1690 1740 3.6388579999999995
1740 1741 83.213068
1741 1742 205.048341
1742 1743 672.296175
1742 1744 748.640806
1741 1745 166.812869
1745 1746 291.209824
1746 1747 396.720573
1746 1748 228.52900200000002
1748 1749 146.555224
1748 1750 148.348285
1750 1751 1
1750 1752 66.15841300000001
1745 1753 344.254488
1753 1754 270.305011
1754 1755 596.363058
1754 1756 201.238183
1753 1757 235.66377300000002
1740 1758 227.033846
1758 1759 145.683463
1759 1760 385.891909
1760 1761 438.962099
1761 1762 31.893536
1761 1763 13.363990000000001
1760 1764 72.55162899999999
1759 1765 260.82984
1765 1766 1
1765 1767 799.2288679999999
1758 1768 773.908733
1689 1769 999.779809
290 1770 0.038939
1770 1771 0.615768
1771 1772 133.738612
1772 1773 864.884429
1772 1774 244.942304
1774 1775 755.827904
1774 1776 139.12581500000002
1776 1777 599.1890989999999
1776 1778 96.774128
1771 1779 1.184952
1779 1780 2.2771820000000003
1780 1781 2.670949
1781 1782 750.026797
1782 1783 258.691909
1782 1784 235.880003
1781 1785 7.870095000000001
1785 1786 33.130117
1786 1787 105.752497
1787 1788 215.41484899999998
1788 1789 88.285506
1788 1790 751.912253
1787 1791 716.1686569999999
1791 1792 31.192746999999997
1792 1793 48.220394999999996
1792 1794 72.55149800000001
1794 1795 44.10581
1795 1796 20.840157
1796 1797 34.172465
1796 1798 9.109768
1798 1799 6.740137
1799 1800 31.74631
1799 1801 25.538888
1801 1802 6.333729000000001
1802 1803 27.298619000000002
1802 1804 10.789100999999999
1801 1805 3.90108
1805 1806 24.665581
1806 1807 25.661453
1806 1808 34.474574000000004
1808 1809 1
1808 1810 26.476792999999997
1810 1811 1
1810 1812 291.90286
1805 1813 8.151150999999999
1813 1814 17.199545999999998
1814 1815 8.946622
1814 1816 40.662399
1813 1817 61.707303
1817 1818 21.188280000000002
1818 1819 8.444094
1819 1820 1
1819 1821 43.37903
1821 1822 14.332745
1822 1823 11.785124
1822 1824 29.708658
1824 1825 1
1824 1826 18.067997
1826 1827 1
1826 1828 90.003487
1828 1829 49.663514
1829 1830 1
1829 1831 1
1828 1832 1
1821 1833 59.62471299999999
1818 1834 1
1817 1835 7.1705179999999995
1835 1836 0.87811
1835 1837 0.713708
1798 1838 17.620373
1795 1839 3.4587220000000003
1839 1840 9.671001
1839 1841 11.752371
1841 1842 5.912882
1841 1843 14.225036
1794 1844 63.205663
1844 1845 9.019413
1844 1846 18.330373
1791 1847 107.18349300000001
1847 1848 144.72922
1848 1849 141.94728
1849 1850 102.24064200000001
1849 1851 1
1848 1852 1
1847 1853 7.56816
1786 1854 966.885917
1785 1855 717.5501810000001
1855 1856 229.711423
1856 1857 132.581217
1856 1858 13.095023
1855 1859 246.56395199999997
1780 1860 997.746355
1779 1861 998.8141430000001
1770 1862 0.07356
1862 1863 0.38027500000000003
1863 1864 0.767346
1864 1865 0.983907
1865 1866 999.1102189999999
1865 1867 2.850698
1867 1868 264.928331
1868 1869 295.409719
1869 1870 344.18714
1869 1871 527.067642
1868 1872 692.051285
1872 1873 65.917517
1872 1874 16.792265
1867 1875 9.263304
1875 1876 12.611713
1876 1877 15.745545
1877 1878 104.237311
1878 1879 895.7564749999999
1878 1880 126.90155299999999
1880 1881 1
1880 1882 873.102465
1877 1883 984.2633810000001
1876 1884 276.81237
1884 1885 673.27031
1884 1886 298.621909
1886 1887 158.88494
1886 1888 393.213741
1888 1889 135.37061699999998
1888 1890 269.997204
1890 1891 279.079396
1890 1892 296.647711
1875 1893 142.317081
1893 1894 862.2867510000001
1893 1895 834.258363
1864 1896 8.097264
1896 1897 834.606022
1897 1898 162.386436
1897 1899 149.286047
1896 1900 27.112526999999996
1900 1901 117.343243
1901 1902 864.847369
1901 1903 811.096334
1900 1904 973.944403
1863 1905 4.046538
1905 1906 5.176023
1906 1907 995.286307
1906 1908 4.923954
1908 1909 16.582807
1909 1910 983.4178899999999
1909 1911 48.311043999999995
1911 1912 76.16651
1912 1913 488.91758300000004
1912 1914 923.8125439999999
1911 1915 951.688003
1908 1916 995.074832
1905 1917 876.547424
1917 1918 122.828997
1917 1919 114.520804
1862 1920 0.925198
1920 1921 190.02156100000002
1921 1922 810.202917
1921 1923 355.718011
1923 1924 330.46288000000004
1923 1925 539.724983
1925 1926 48.489791
1926 1927 1.175735
1926 1928 47.799686
1928 1929 12.991495
1928 1930 9.065898
1930 1931 37.663281999999995
1931 1932 48.918272
1932 1933 14.410252000000002
1933 1934 63.68198
1933 1935 37.329428
1932 1936 83.015899
1931 1937 27.073946
1930 1938 14.775507
1938 1939 18.849014
1938 1940 43.672792
1925 1941 1
1920 1942 2.026126
1942 1943 21.811117
1943 1944 214.084934
1944 1945 724.428104
1944 1946 785.853045
1943 1947 977.981484
1942 1948 7.131798
1948 1949 572.148615
1949 1950 431.10961799999995
1949 1951 413.000578
1948 1952 68.917063
1952 1953 906.464709
1952 1954 504.05116000000004
1954 1955 508.25070700000003
1954 1956 345.798265
171 1957 0.225654
1957 1958 9.983497
1958 1959 340.654206
1959 1960 251.371447
1960 1961 176.666668
1960 1962 136.139536
1962 1963 241.487594
1963 1964 69.91995399999999
1963 1965 341.290619
1962 1966 217.530687
1966 1967 311.531922
1966 1968 198.51478600000002
1959 1969 658.0874630000001
1958 1970 324.317953
1970 1971 129.194758
1971 1972 463.068038
1971 1973 94.966035
1973 1974 427.951211
1973 1975 428.03172399999994
1975 1976 1
1975 1977 332.932209
1970 1978 674.8378309999999
1957 1979 1.895589
1979 1980 4.007165
1980 1981 7.730629
1981 1982 992.289095
1981 1983 42.397081
1983 1984 957.602436
1983 1985 45.467777
1985 1986 954.5320240000001
1985 1987 54.622386
1987 1988 465.476071
1987 1989 945.3779380000001
1980 1990 748.3839350000001
1990 1991 245.39424300000002
1990 1992 201.212085
1992 1993 43.50403
1992 1994 53.555374
1979 1995 288.950472
1995 1996 707.180338
1995 1997 711.7165789999999
1 1998 828.2112639999999
