1 2 7.212309
1 3 0.8584970000000001
3 4 0.175094
4 5 0.171826
5 6 0.16683900000000002
6 7 0.134974
7 8 0.21192
8 9 1.08154
9 10 3.7399080000000002
9 11 3.231886
8 12 0.315479
12 13 4.531258
12 14 4.782206
7 15 0.167018
15 16 0.078234
16 17 0.275268
17 18 4.008105
17 19 0.9413360000000001
19 20 3.5297929999999997
19 21 3.388781
16 22 4.328244
15 23 0.038396
23 24 0.27932
24 25 0.216525
25 26 0.069668
26 27 0.21213500000000002
27 28 0.185508
28 29 0.308477
29 30 4.5694680000000005
29 31 0.43319300000000005
31 32 3.819714
31 33 4.1632549999999995
28 34 0.275277
34 35 0.530181
35 36 0.842335
36 37 2.506817
36 38 4.039218
35 39 6.794706000000001
34 40 4.818408
27 41 0.16412
41 42 0.22147400000000003
42 43 3.454976
42 44 4.4215539999999995
41 45 0.135616
45 46 0.09836400000000001
46 47 0.11798600000000001
47 48 0.166864
48 49 2.055434
48 50 0.140585
50 51 2.115635
50 52 0.025474999999999998
52 53 0.331061
53 54 0.127982
54 55 0.16829
55 56 0.10351500000000001
56 57 0.056603999999999995
57 58 0.17315
57 59 0.048045
59 60 0.068436
60 61 0.072119
61 62 0.11662199999999999
62 63 2.1164240000000003
62 64 0.49134599999999995
64 65 7.333942
64 66 7.514381
61 67 2.118609
60 68 0.14076
68 69 1.107875
68 70 0.967697
59 71 1.208839
56 72 0.9487509999999999
55 73 0.596242
54 74 0.807337
53 75 1.703839
52 76 2.16949
47 77 2.29717
46 78 0.08706799999999999
78 79 0.610077
79 80 0.173737
80 81 2.6270849999999997
80 82 2.2159169999999997
79 83 2.833182
78 84 0.17491500000000001
84 85 0.23388599999999998
85 86 2.54267
86 87 0.080589
86 88 0.07907
85 89 0.277979
89 90 2.012002
89 91 3.416418
84 92 0.205177
92 93 2.7181569999999997
92 94 0.075882
94 95 3.829015
94 96 3.568537
45 97 0.27439600000000003
97 98 0.250219
98 99 0.48641200000000007
99 100 1.484753
99 101 1.176237
98 102 1.908479
97 103 0.255369
103 104 2.0854600000000003
103 105 0.5223099999999999
105 106 1.642656
105 107 1.603752
26 108 0.062144000000000005
108 109 0.24544900000000003
109 110 3.903606
109 111 0.101184
111 112 0.38353200000000004
112 113 3.376302
112 114 4.127688999999999
111 115 0.281716
115 116 2.681835
115 117 2.533705
108 118 3.686163
25 119 0.583823
119 120 3.341981
119 121 3.8426910000000003
24 122 0.247386
122 123 0.210525
123 124 4.679824
123 125 0.243007
125 126 0.267624
126 127 3.2567480000000004
126 128 4.885881
125 129 3.7238599999999997
122 130 0.04892199999999999
130 131 0.22276200000000002
131 132 0.20742299999999997
132 133 2.419781
132 134 0.321038
134 135 2.501288
134 136 2.714252
131 137 0.31147
137 138 2.604131
137 139 3.888684
130 140 0.289479
140 141 0.046997
141 142 3.383325
141 143 4.599644
140 144 3.838048
23 145 0.14706
145 146 0.042331999999999995
146 147 0.13284600000000002
147 148 0.426353
148 149 5.812202
148 150 6.109033
147 151 0.04722
151 152 0.30748
152 153 0.302852
153 154 5.617148
153 155 0.29025
155 156 5.9190890000000005
155 157 5.257069
152 158 0.186105
158 159 5.32689
158 160 0.128139
160 161 5.903033
160 162 5.911762
151 163 0.107468
163 164 6.282036000000001
163 165 0.796197
165 166 0.586071
166 167 3.5793190000000004
166 168 3.5521339999999997
165 169 3.7779519999999995
146 170 0.348626
170 171 4.454442
170 172 4.805803
145 173 4.955339
6 174 5.633102
5 175 0.18501399999999998
175 176 6.719738
175 177 0.11271899999999999
177 178 0.216462
178 179 0.19556099999999998
179 180 0.32132499999999997
180 181 0.409667
181 182 5.501277
181 183 5.408782
180 184 5.7372190000000005
179 185 5.772342
178 186 5.858191
177 187 0.168775
187 188 0.136394
188 189 0.194269
189 190 0.076781
190 191 5.810145
190 192 6.164308999999999
189 193 0.215928
193 194 5.77867
193 195 1.512442
195 196 4.665521
195 197 5.6059
188 198 6.358418
187 199 0.062745
199 200 0.299411
200 201 6.2490120000000005
200 202 6.4705200000000005
199 203 0.148671
203 204 0.13980399999999998
204 205 0.147292
205 206 0.145896
206 207 6.087759
206 208 0.40505599999999997
208 209 5.361964
208 210 6.346391
205 211 6.772678
204 212 6.298956
203 213 0.229632
213 214 0.145985
214 215 0.097513
215 216 7.4550980000000004
215 217 7.8189839999999995
214 218 0.174331
218 219 0.12756099999999998
219 220 0.099011
220 221 0.19234300000000001
221 222 0.459472
222 223 0.826858
223 224 5.694101
224 225 4.5890889999999995
224 226 2.382704
226 227 2.16643
226 228 2.516913
223 229 9.87269
222 230 2.8985279999999998
230 231 8.172298
230 232 8.05974
221 233 0.330509
233 234 9.559634
233 235 9.546274
220 236 0.06047999999999999
236 237 0.207347
237 238 0.20357399999999998
238 239 0.165642
239 240 0.319331
240 241 8.727925
240 242 1.0911270000000002
242 243 8.779978
242 244 7.61172
239 245 9.712601
238 246 9.387312
237 247 9.309464
236 248 0.160392
248 249 0.06283699999999999
249 250 0.238641
250 251 0.172549
251 252 0.188591
252 253 0.39668400000000004
253 254 1.105627
254 255 10.757729000000001
254 256 9.412574
253 257 0.145038
257 258 0.547383
258 259 8.619169
258 260 9.209464
257 261 10.176406
252 262 0.14418
262 263 0.345771
263 264 9.647893
263 265 0.09133000000000001
265 266 9.224585000000001
265 267 9.295905
262 268 0.24265100000000003
268 269 0.082207
269 270 0.252976
270 271 0.21870399999999998
271 272 0.10719499999999998
272 273 0.150067
273 274 0.24872000000000002
274 275 0.02137
275 276 0.105415
276 277 0.481507
277 278 7.04675
278 279 4.288318
278 280 1.9117889999999997
280 281 1.089845
280 282 1.730804
277 283 10.382733
276 284 10.834351999999999
275 285 0.133668
285 286 0.13439700000000002
286 287 0.032344
287 288 0.131967
288 289 11.046635
288 290 11.252460000000001
287 291 0.1225
291 292 0.151195
292 293 11.302478
292 294 0.091587
294 295 0.08208700000000001
295 296 0.034916
296 297 11.572763
296 298 12.961564000000001
295 299 0.282769
299 300 0.06181999999999999
300 301 12.964575
300 302 11.676191
299 303 0.095416
303 304 0.151847
304 305 0.094817
305 306 0.48192
306 307 12.711729
306 308 11.39684
305 309 0.128564
309 310 0.127469
310 311 0.29979500000000003
311 312 0.235003
312 313 13.924937000000002
312 314 12.578522
311 315 12.724018000000001
310 316 0.526775
316 317 0.155666
317 318 15.121841
317 319 0.47155900000000006
319 320 16.265214
319 321 15.453785
316 322 0.127064
322 323 14.318729
322 324 0.316716
324 325 12.661026999999999
324 326 14.214971000000002
309 327 0.14338199999999998
327 328 0.169144
328 329 13.972799
328 330 0.12276399999999998
330 331 0.42994799999999994
331 332 14.391535
331 333 0.22894199999999998
333 334 2.010917
334 335 11.785375
334 336 1.8455450000000002
336 337 6.438091
337 338 2.559552
337 339 2.602768
336 340 6.041951999999999
340 341 0.685698
341 342 2.3483609999999997
341 343 3.080059
340 344 2.268001
333 345 3.979637
345 346 9.447137999999999
345 347 9.286231
330 348 0.051276
348 349 0.272744
349 350 0.171399
350 351 0.067344
351 352 0.130707
352 353 0.15360300000000002
353 354 0.143586
354 355 0.188244
355 356 12.442514000000001
355 357 0.117358
357 358 11.286253
357 359 0.23583300000000001
359 360 11.066832999999999
359 361 11.92412
354 362 0.10903899999999998
362 363 1.7687169999999999
363 364 0.49365600000000004
364 365 2.337811
365 366 8.594463
365 367 8.755191
364 368 11.153407
363 369 10.988515
362 370 0.190437
370 371 12.94164
370 372 0.23026000000000002
372 373 12.663951
372 374 12.562233
353 375 13.119993999999998
352 376 0.225275
376 377 0.199294
377 378 0.048498
378 379 0.09307
379 380 0.04186
380 381 0.191934
381 382 0.155249
382 383 15.641857
382 384 15.970703
381 385 14.267316
380 386 0.089964
386 387 0.364774
387 388 1.6663839999999999
388 389 0.570734
389 390 11.919436999999999
389 391 13.253527000000002
388 392 14.22437
387 393 15.363952
386 394 0.33041
394 395 16.162541
394 396 16.088657
379 397 14.840974000000001
378 398 0.11333599999999999
398 399 0.344342
399 400 0.113947
400 401 0.228151
401 402 0.373919
402 403 0.093046
403 404 0.074555
404 405 0.21455300000000002
405 406 0.21287799999999998
406 407 0.49543
407 408 17.115934
407 409 0.10067100000000001
409 410 15.386611
409 411 19.472357000000002
406 412 0.21638500000000002
412 413 0.158247
413 414 0.066532
414 415 16.112763
414 416 17.043170999999997
413 417 0.29270199999999996
417 418 15.119825
417 419 15.907317
412 420 15.055962000000001
405 421 0.254349
421 422 0.283437
422 423 0.461798
423 424 17.922387
423 425 0.438444
425 426 16.672904
425 427 0.224382
427 428 18.011648
427 429 16.90054
422 430 20.187484
421 431 0.085266
431 432 0.214012
432 433 0.087557
433 434 19.690558
433 435 16.977883
432 436 18.885301
431 437 0.190201
437 438 0.232539
438 439 0.287888
439 440 0.131606
440 441 0.26000799999999996
441 442 0.140084
442 443 0.082468
443 444 1.1580679999999999
444 445 20.576175
444 446 18.221058
443 447 0.465136
447 448 0.157284
448 449 0.30598000000000003
449 450 20.131657999999998
449 451 20.208949
448 452 23.563099
447 453 20.372253
442 454 0.245456
454 455 24.813881
454 456 0.450025
456 457 0.688867
457 458 0.340413
458 459 0.213802
459 460 0.259117
460 461 1.696394
461 462 21.239139
461 463 17.504874
460 464 23.370131
459 465 22.066589
458 466 21.293649000000002
457 467 22.667171
456 468 0.563273
468 469 0.749644
469 470 22.041065
469 471 21.38629
468 472 0.089763
472 473 0.423257
473 474 0.108541
474 475 0.5187309999999999
475 476 23.89143
475 477 26.241619
474 478 0.474151
478 479 25.962665
478 480 0.7204109999999999
480 481 0.279619
481 482 23.482425000000003
481 483 0.732583
483 484 25.551831000000004
483 485 27.774406000000003
480 486 0.585203
486 487 27.822387999999997
486 488 26.408586
473 489 1.080589
489 490 0.535683
490 491 24.055973
490 492 24.640142
489 493 25.595238
472 494 0.654964
494 495 0.759796
495 496 21.525933
495 497 0.719942
497 498 19.535480999999997
497 499 18.516674
494 500 0.291295
500 501 22.966117
500 502 20.674117
441 503 0.5566180000000001
503 504 20.29481
503 505 0.83345
505 506 19.327003
505 507 19.949208
440 508 0.462247
508 509 21.506831000000002
508 510 19.898172
439 511 0.377546
511 512 19.994766
511 513 17.68485
438 514 0.40703900000000004
514 515 20.771012
514 516 18.558419
437 517 0.388355
517 518 18.735933
517 519 1.993178
519 520 18.497282000000002
519 521 16.255246
404 522 0.41018299999999996
522 523 15.917154
522 524 18.196735999999998
403 525 0.483166
525 526 16.605707
525 527 16.656666
402 528 0.10577399999999999
528 529 0.149529
529 530 0.283863
530 531 0.09241400000000001
531 532 0.194639
532 533 0.195436
533 534 0.179531
534 535 0.045734
535 536 0.302799
536 537 0.13902
537 538 1.41521
538 539 16.445709
538 540 4.3100119999999995
540 541 13.326394
540 542 15.571956
537 543 0.36521000000000003
543 544 0.30641399999999996
544 545 0.23088000000000003
545 546 0.559539
546 547 0.20201300000000003
547 548 0.067371
548 549 0.243889
549 550 1.888277
550 551 7.627888
551 552 9.633812
551 553 10.057513
550 554 15.815433
549 555 0.120771
555 556 17.691596
555 557 18.072108
548 558 18.848713
547 559 0.12735
559 560 0.2329
560 561 0.133652
561 562 0.362682
562 563 0.339023
563 564 22.687932
563 565 0.5691200000000001
565 566 22.430491999999997
565 567 23.977171
562 568 21.361349
561 569 0.5660649999999999
569 570 0.21206200000000003
570 571 0.217156
571 572 0.380434
572 573 2.192964
573 574 22.803956
573 575 24.668104
572 576 1.9781380000000002
576 577 25.380492999999998
576 578 14.773844
578 579 10.411436
578 580 10.450725
571 581 1.7417060000000002
581 582 20.852287
581 583 23.160486
570 584 0.114117
584 585 1.783463
585 586 2.633737
586 587 18.880368
586 588 0.544859
588 589 1.8714979999999999
589 590 16.673600999999998
589 591 22.815489
588 592 22.609609
585 593 1.111399
593 594 0.576827
594 595 10.88847
595 596 11.671524
595 597 13.235341
594 598 0.636942
598 599 3.909417
599 600 19.097797
599 601 21.987887
598 602 5.703409000000001
602 603 16.084936
602 604 7.837363
604 605 6.839269000000001
604 606 13.384254
593 607 0.929127
607 608 20.404132999999998
607 609 5.221199
609 610 18.32277
609 611 13.928427
584 612 3.729255
612 613 20.475305
612 614 20.34428
569 615 24.777179
560 616 1.331764
616 617 26.314707999999996
616 618 21.902429
559 619 0.24123999999999998
619 620 0.48472699999999996
620 621 3.962098
621 622 16.043455
621 623 16.101303
620 624 0.182394
624 625 0.521046
625 626 0.042402999999999996
626 627 0.211138
627 628 0.312153
628 629 21.041272
628 630 18.873577
627 631 20.736277
626 632 3.3978300000000004
632 633 5.256671
633 634 14.547484999999998
633 635 14.936283
632 636 6.584734
636 637 11.529889
636 638 10.982086
625 639 6.362267000000001
639 640 15.592295
639 641 16.073485
624 642 3.638414
642 643 18.430368
642 644 18.078414000000002
619 645 19.530491
546 646 4.01307
646 647 14.820384
646 648 2.023682
648 649 12.748235999999999
648 650 12.158629
545 651 18.617919999999998
544 652 0.13688699999999998
652 653 0.92924
653 654 1.606211
654 655 17.947491
654 656 2.036543
656 657 3.1620719999999998
657 658 1.03615
658 659 13.845587
658 660 11.806356
657 661 14.637080999999998
656 662 20.228029
653 663 9.12922
663 664 10.219082
663 665 11.122057
652 666 0.71995
666 667 19.959948999999998
666 668 2.046437
668 669 19.045948
668 670 11.076458
670 671 7.470562999999999
670 672 9.506552
543 673 3.6707330000000002
673 674 2.520375
674 675 20.757551
674 676 15.804450000000001
673 677 1.9101730000000001
677 678 12.380742
677 679 4.596373
679 680 9.073245
679 681 9.287585
536 682 0.126181
682 683 0.380196
683 684 18.284039999999997
683 685 2.139058
685 686 16.963749
685 687 9.034123
687 688 8.449608
687 689 8.953266
682 690 1.843394
690 691 6.553628
691 692 13.212087
691 693 10.470723
690 694 17.368671
694 695 0.6048450000000001
694 696 0.619211
535 697 1.019999
697 698 17.486651000000002
697 699 17.691635
534 700 0.14421799999999999
700 701 0.250227
701 702 0.24568900000000002
702 703 20.317421
702 704 20.182845
701 705 7.524401
705 706 13.094847000000001
705 707 13.089294
700 708 14.159034
708 709 5.270625
708 710 5.532994
533 711 0.41687199999999996
711 712 2.252731
712 713 0.8115229999999999
713 714 15.176215000000001
713 715 15.584828
712 716 16.351862
711 717 18.649345
532 718 0.055729
718 719 0.054750999999999994
719 720 0.079277
720 721 0.192382
721 722 0.8615740000000001
722 723 17.815853
722 724 5.135185
724 725 13.704854999999998
724 726 6.412228000000001
726 727 4.222798
726 728 4.398809
721 729 17.512560999999998
720 730 1.125639
730 731 2.180886
731 732 16.012576
731 733 12.460016
730 734 15.381647000000001
719 735 0.47526900000000005
735 736 18.403868000000003
735 737 5.6315230000000005
737 738 1.017853
738 739 4.065808
739 740 8.035407
739 741 9.314247
738 742 9.345581
742 743 2.230476
742 744 2.186768
737 745 12.5665
718 746 0.34477399999999997
746 747 0.348084
747 748 0.942772
748 749 1.154478
749 750 16.88775
749 751 1.127151
751 752 15.937296
751 753 16.207462
748 754 1.912313
754 755 15.870709
754 756 15.95473
747 757 0.323693
757 758 0.356736
758 759 4.971951
759 760 13.792105
759 761 5.473462
761 762 6.052085
761 763 9.062338
758 764 0.363334
764 765 1.129129
765 766 15.214644999999999
765 767 15.812497
764 768 17.630850000000002
757 769 1.525914
769 770 6.165133
770 771 12.105115
770 772 10.513299
769 773 15.548544999999999
746 774 3.065052
774 775 15.07572
774 776 3.5512090000000005
776 777 8.116537
776 778 13.863239
531 779 0.501069
779 780 0.834684
780 781 2.992279
781 782 16.980362
781 783 16.228792
780 784 17.337684
779 785 19.242485000000002
530 786 0.39766799999999997
786 787 18.059434999999997
786 788 2.510017
788 789 20.489973
788 790 14.635093
529 791 0.199819
791 792 0.159484
792 793 0.951771
793 794 16.485252
793 795 17.628639
792 796 15.413317000000001
791 797 0.139566
797 798 0.077266
798 799 15.959575000000001
798 800 16.877041000000002
797 801 0.095646
801 802 16.07068
801 803 0.147794
803 804 0.356398
804 805 16.982149
804 806 15.801246999999998
803 807 1.799524
807 808 0.6686179999999999
808 809 0.652818
809 810 1.264313
810 811 2.135613
811 812 8.569191
811 813 0.5180889999999999
813 814 2.506157
814 815 4.918259
815 816 5.029043
815 817 4.656961
814 818 5.991798999999999
813 819 9.295333
810 820 4.019589
820 821 9.4068
820 822 12.040779
809 823 11.514259000000001
808 824 13.245033000000001
807 825 15.22165
528 826 0.5705680000000001
826 827 17.443749
826 828 17.149119
401 829 0.814103
829 830 5.501112
830 831 9.195999
830 832 8.792292999999999
829 833 15.760197000000002
400 834 0.233678
834 835 0.059988
835 836 0.218995
836 837 2.177038
837 838 12.090237
837 839 2.225889
839 840 13.984251
839 841 9.911438
836 842 0.202885
842 843 2.687557
843 844 12.444584
843 845 11.823644
842 846 4.384024
846 847 8.612142
847 848 2.9787939999999997
847 849 6.920088000000001
846 850 14.112712
835 851 0.47785199999999994
851 852 14.094495000000002
851 853 2.510082
853 854 11.951792999999999
853 855 12.050334999999999
834 856 0.11007700000000001
856 857 0.217717
857 858 0.22188199999999997
858 859 2.372448
859 860 12.534103
859 861 2.926248
861 862 8.563216
861 863 10.702351
858 864 0.28189000000000003
864 865 14.545231
864 866 16.162592
857 867 0.095916
867 868 0.236189
868 869 0.172525
869 870 0.148829
870 871 8.473118
871 872 6.503366
871 873 7.546659999999999
870 874 0.23933700000000002
874 875 0.227036
875 876 0.368183
876 877 15.996227
876 878 14.445497
875 879 0.194367
879 880 0.153064
880 881 0.48979
881 882 17.010929
881 883 16.198225
880 884 0.867315
884 885 13.763912000000001
884 886 12.845987000000001
879 887 0.300967
887 888 0.35225399999999996
888 889 9.715997
889 890 5.253158
890 891 0.35972
890 892 0.278918
889 893 5.78995
893 894 0.20733700000000002
893 895 0.165201
888 896 13.940203
887 897 1.279266
897 898 12.852575
897 899 5.9074040000000005
899 900 6.978650999999999
899 901 7.284254
874 902 0.30640900000000004
902 903 16.858297999999998
902 904 0.464746
904 905 14.517334000000002
904 906 14.966434000000001
869 907 0.165273
907 908 0.189079
908 909 8.103633
909 910 9.211022
909 911 9.469127
908 912 0.11882500000000001
912 913 5.2659009999999995
913 914 10.345246
913 915 5.594084
915 916 4.422136
915 917 6.115384
912 918 16.421166
907 919 3.448162
919 920 12.459670000000001
919 921 9.466885999999999
921 922 2.905176
921 923 3.906958
868 924 0.043976
924 925 3.3440320000000003
925 926 13.724427
925 927 8.548058
927 928 4.148349
927 929 6.442391
924 930 0.161823
930 931 7.259309
931 932 8.421508
931 933 9.300685
930 934 16.74282
867 935 3.978297
935 936 12.253546
935 937 12.44044
856 938 5.119815
938 939 9.156525
938 940 3.163858
940 941 6.100478
940 942 7.47057
399 943 0.070956
943 944 0.282966
944 945 15.849753
944 946 12.862328000000002
946 947 3.2352060000000002
946 948 3.09795
943 949 0.09788799999999999
949 950 14.935884999999999
949 951 0.524467
951 952 18.682188
951 953 0.423719
953 954 16.946789000000003
953 955 13.920694000000001
398 956 0.12276999999999999
956 957 0.46575
957 958 0.459394
958 959 12.187190000000001
958 960 14.209829
957 961 0.558435
961 962 0.6233609999999999
962 963 14.441255
962 964 0.684809
964 965 1.9649159999999999
965 966 0.405094
966 967 8.450074
966 968 9.857536
965 969 10.531575
964 970 1.058634
970 971 12.659518
970 972 0.538992
972 973 11.671849
972 974 11.053005
961 975 13.985474
956 976 1.453073
976 977 2.292397
977 978 11.556265999999999
977 979 13.457039000000002
976 980 14.764548
377 981 0.08629
981 982 0.272668
982 983 0.25467100000000004
983 984 13.179708000000002
983 985 13.430190999999999
982 986 14.912971
981 987 0.149764
987 988 0.307237
988 989 14.186793
988 990 14.871216
987 991 13.982279
376 992 0.141155
992 993 0.03858
993 994 0.080475
994 995 12.703173000000001
994 996 0.242543
996 997 0.181699
997 998 13.425717
997 999 14.408238
996 1000 0.323889
1000 1001 13.485976999999998
1000 1002 14.933394999999999
993 1003 13.197864000000001
992 1004 0.067028
1004 1005 0.36579
1005 1006 14.476431000000002
1005 1007 13.942941000000001
1004 1008 0.169734
1008 1009 0.179491
1009 1010 0.074017
1010 1011 12.444875
1010 1012 0.43431600000000004
1012 1013 12.784919
1012 1014 12.920244
1009 1015 13.071273
1008 1016 13.145415999999999
351 1017 0.08625100000000001
1017 1018 0.241687
1018 1019 0.19308
1019 1020 12.891482000000002
1019 1021 1.610913
1021 1022 11.083857
1021 1023 11.534557
1018 1024 1.057585
1024 1025 11.512863
1024 1026 12.329607
1017 1027 0.376654
1027 1028 12.09487
1027 1029 0.22239799999999998
1029 1030 6.300438
1030 1031 5.784742
1030 1032 5.231756
1029 1033 0.19574700000000003
1033 1034 7.015372
1034 1035 5.037912
1034 1036 4.648091
1033 1037 0.449325
1037 1038 0.9516939999999999
1038 1039 1.223614
1039 1040 1.3746319999999999
1040 1041 0.163995
1041 1042 0.689355
1042 1043 0.565731
1043 1044 0.6475
1044 1045 2.815695
1045 1046 1.6923839999999999
1046 1047 4.549807
1046 1048 6.67957
1045 1049 7.78074
1044 1050 10.662218
1043 1051 0.7985819999999999
1051 1052 1.02936
1052 1053 2.303703
1053 1054 6.398484
1053 1055 8.769158000000001
1052 1056 7.941109
1051 1057 8.483678999999999
1042 1058 1.8470380000000002
1058 1059 5.22142
1059 1060 2.532584
1059 1061 5.9293640000000005
1058 1062 7.764211
1041 1063 0.944035
1063 1064 0.9361579999999999
1064 1065 0.8756510000000001
1065 1066 10.002846
1065 1067 10.593215
1064 1068 9.582039
1063 1069 9.987206
1040 1070 0.24873299999999998
1070 1071 0.299881
1071 1072 0.35530599999999996
1072 1073 0.226182
1073 1074 1.120997
1074 1075 0.6623180000000001
1075 1076 1.10674
1076 1077 2.615619
1077 1078 8.503928
1077 1079 6.716933999999999
1076 1080 10.024083000000001
1075 1081 1.178385
1081 1082 9.846812
1081 1083 7.396402
1083 1084 2.975841
1083 1085 3.304095
1074 1086 2.169973
1086 1087 9.313944000000001
1086 1088 6.5455559999999995
1088 1089 2.6050839999999997
1088 1090 2.6636759999999997
1073 1091 0.6934659999999999
1091 1092 4.942481
1092 1093 5.364180999999999
1092 1094 6.9295919999999995
1091 1095 2.588121
1095 1096 7.796145999999999
1096 1097 1.194656
1096 1098 1.200235
1095 1099 1.650368
1099 1100 4.787736
1099 1101 6.81418
1072 1102 0.46202400000000005
1102 1103 1.361133
1103 1104 1.5701619999999998
1104 1105 1.0114750000000001
1105 1106 1.2698589999999998
1106 1107 7.586690999999999
1106 1108 2.76456
1108 1109 3.482244
1108 1110 6.469859
1105 1111 0.35667099999999996
1111 1112 1.037461
1112 1113 2.674967
1113 1114 6.153278
1113 1115 5.980836
1112 1116 9.193048
1111 1117 10.205221
1104 1118 9.264935000000001
1103 1119 3.7052509999999996
1119 1120 12.180259
1119 1121 5.808033
1121 1122 5.0597959999999995
1121 1123 7.287196999999999
1102 1124 6.934503
1124 1125 11.113626
1124 1126 10.86615
1071 1127 0.334824
1127 1128 0.592295
1128 1129 0.52933
1129 1130 0.41927800000000004
1130 1131 0.60292
1131 1132 8.375091
1131 1133 10.943696
1130 1134 11.983562000000001
1129 1135 10.224680999999999
1128 1136 1.120484
1136 1137 2.515378
1137 1138 8.87513
1137 1139 9.964678000000001
1136 1140 1.9018650000000001
1140 1141 7.274714
1140 1142 7.733269
1127 1143 12.679392
1070 1144 1.062184
1144 1145 5.960084999999999
1145 1146 3.113755
1146 1147 2.4220289999999998
1146 1148 3.05961
1145 1149 5.907001
1144 1150 10.418308
1039 1151 0.42171400000000003
1151 1152 1.222419
1152 1153 0.9489
1153 1154 11.092404
1153 1155 11.41957
1152 1156 9.828109
1151 1157 2.5628390000000003
1157 1158 7.641687
1157 1159 9.335428
1038 1160 11.625878
1037 1161 1.406979
1161 1162 10.485566
1161 1163 10.216935000000001
350 1164 0.274367
1164 1165 0.11879499999999998
1165 1166 0.535238
1166 1167 0.133873
1167 1168 12.179449
1167 1169 13.312834
1166 1170 0.48480700000000004
1170 1171 0.183661
1171 1172 1.147433
1172 1173 12.031625
1172 1174 2.763479
1174 1175 6.747122999999999
1174 1176 7.941541000000001
1171 1177 3.515952
1177 1178 8.599342
1177 1179 8.909971
1170 1180 0.474934
1180 1181 0.30878300000000003
1181 1182 12.260795
1181 1183 11.315576
1180 1184 3.855666
1184 1185 7.709494
1184 1186 7.3517079999999995
1165 1187 1.3141500000000002
1187 1188 0.7921279999999999
1188 1189 3.4465139999999996
1189 1190 9.457235
1189 1191 9.595453
1188 1192 4.54976
1192 1193 3.44564
1193 1194 7.715884000000001
1193 1195 7.07922
1192 1196 10.471337
1187 1197 0.10845099999999999
1197 1198 0.9910709999999999
1198 1199 15.677937
1198 1200 15.189544999999999
1197 1201 0.40262300000000006
1201 1202 1.6364839999999998
1202 1203 9.68519
1203 1204 0.113978
1203 1205 0.152121
1202 1206 10.006134999999999
1201 1207 0.379216
1207 1208 1.902233
1208 1209 9.913687
1208 1210 8.979341
1207 1211 2.036032
1211 1212 10.393853
1211 1213 10.574748
1164 1214 2.887292
1214 1215 2.024103
1215 1216 9.458058
1215 1217 8.157695
1214 1218 0.7566309999999999
1218 1219 10.754933999999999
1218 1220 9.787908
349 1221 1.3012519999999999
1221 1222 0.32735400000000003
1222 1223 1.6925940000000002
1223 1224 5.705161
1224 1225 5.510377
1225 1226 0.8730140000000001
1225 1227 0.8832390000000001
1224 1228 6.410857
1223 1229 2.750135
1229 1230 8.272934999999999
1229 1231 9.183159
1222 1232 0.687848
1232 1233 1.302523
1233 1234 9.410178
1233 1235 2.5376659999999998
1235 1236 7.610849
1235 1237 7.556794
1232 1238 0.395522
1238 1239 0.677235
1239 1240 1.22875
1240 1241 3.248003
1241 1242 4.807024
1242 1243 1.29633
1242 1244 1.630759
1241 1245 7.087599999999999
1240 1246 8.327303
1239 1247 10.512867
1238 1248 13.652196
1221 1249 2.871811
1249 1250 9.722108
1249 1251 10.022437
348 1252 1.750385
1252 1253 0.506275
1253 1254 1.281752
1254 1255 3.7019080000000004
1255 1256 6.3154650000000006
1255 1257 4.701033000000001
1254 1258 5.132579000000001
1258 1259 5.118868
1258 1260 4.141377
1253 1261 10.825752
1252 1262 1.60256
1262 1263 10.274047
1262 1264 0.582792
1264 1265 7.394644
1264 1266 10.11467
327 1267 0.221052
1267 1268 0.582941
1268 1269 11.760595
1268 1270 11.709335999999999
1267 1271 12.855058
304 1272 0.097969
1272 1273 0.29738299999999995
1273 1274 11.398302000000001
1273 1275 11.432991000000001
1272 1276 0.24811999999999998
1276 1277 11.642888999999998
1276 1278 12.30602
303 1279 11.579907
294 1280 0.31727700000000003
1280 1281 0.249271
1281 1282 1.0697079999999999
1282 1283 1.220054
1283 1284 4.249967000000001
1284 1285 4.513871
1285 1286 0.028011
1286 1287 0.616609
1286 1288 0.6074470000000001
1285 1289 0.6638459999999999
1284 1290 6.0502590000000005
1283 1291 1.531033
1291 1292 10.884113
1291 1293 10.457025999999999
1282 1294 0.53225
1294 1295 10.171712
1294 1296 1.290502
1296 1297 8.117866
1296 1298 6.983251999999999
1298 1299 0.9670420000000001
1299 1300 1.38452
1299 1301 1.32969
1298 1302 2.1995359999999997
1281 1303 11.467191999999999
1280 1304 0.547987
1304 1305 3.640472
1305 1306 9.092021
1305 1307 1.033045
1307 1308 8.304216
1307 1309 0.23090900000000003
1309 1310 0.522255
1310 1311 11.507828
1310 1312 9.673651
1309 1313 0.661885
1313 1314 12.288692
1313 1315 9.478206
1304 1316 12.471821
291 1317 1.556514
1317 1318 0.6355000000000001
1318 1319 0.440196
1319 1320 9.132304
1319 1321 0.660139
1321 1322 1.09785
1322 1323 9.094897
1322 1324 8.946615
1321 1325 11.701511
1318 1326 1.550557
1326 1327 1.7674390000000002
1327 1328 8.201101
1327 1329 7.818059
1326 1330 12.921225999999999
1317 1331 11.191769
286 1332 0.179993
1332 1333 0.203185
1333 1334 0.047971
1334 1335 0.226486
1335 1336 0.182829
1336 1337 0.37271600000000005
1337 1338 0.37315299999999996
1338 1339 0.235563
1339 1340 0.21337399999999998
1340 1341 0.382307
1341 1342 5.565277
1342 1343 10.534779
1342 1344 1.439676
1344 1345 9.005371
1344 1346 8.184623
1341 1347 0.481823
1347 1348 13.159549
1347 1349 4.216715
1349 1350 9.578346999999999
1349 1351 11.656353
1340 1352 15.181157
1339 1353 13.696950999999999
1338 1354 12.741752
1337 1355 13.012457999999999
1336 1356 0.148879
1356 1357 4.658116000000001
1357 1358 7.062172
1357 1359 9.169867
1356 1360 12.26578
1335 1361 0.042421
1361 1362 0.263382
1362 1363 0.095011
1363 1364 0.332143
1364 1365 0.351442
1365 1366 0.227796
1366 1367 0.288651
1367 1368 12.229364
1367 1369 0.5699970000000001
1369 1370 11.651724
1369 1371 11.711767
1366 1372 11.579364
1365 1373 0.34431700000000004
1373 1374 11.837502
1373 1375 0.296612
1375 1376 12.803591
1375 1377 12.795131000000001
1364 1378 0.079274
1378 1379 0.158299
1379 1380 0.212342
1380 1381 10.499158999999999
1380 1382 0.24231399999999997
1382 1383 0.208866
1383 1384 0.30763399999999996
1384 1385 0.089609
1385 1386 9.984817
1385 1387 8.908211000000001
1384 1388 9.170636
1383 1389 0.18464899999999998
1389 1390 9.38464
1389 1391 0.181619
1391 1392 9.237771
1391 1393 0.501452
1393 1394 10.161151
1393 1395 11.818625
1382 1396 0.20486100000000002
1396 1397 0.091765
1397 1398 0.156593
1398 1399 0.415586
1399 1400 0.714299
1400 1401 1.916164
1401 1402 7.7461
1401 1403 6.782905
1400 1404 9.97846
1399 1405 10.209065
1398 1406 0.144469
1406 1407 0.420597
1407 1408 8.543421
1407 1409 1.1758440000000001
1409 1410 2.842977
1410 1411 2.517848
1410 1412 4.347506
1409 1413 5.738716
1413 1414 0.97882
1413 1415 0.830653
1406 1416 0.520728
1416 1417 7.844938999999999
1416 1418 9.132177
1397 1419 0.24109999999999998
1419 1420 8.984911
1419 1421 0.38177300000000003
1421 1422 7.9138589999999995
1421 1423 8.903597000000001
1396 1424 0.21164999999999998
1424 1425 0.074256
1425 1426 0.260785
1426 1427 7.942825000000001
1426 1428 9.832588000000001
1425 1429 0.058533999999999996
1429 1430 9.463194
1429 1431 8.897636
1424 1432 0.46459500000000004
1432 1433 7.909457000000001
1432 1434 7.630724
1379 1435 1.243978
1435 1436 11.711438000000001
1435 1437 10.640877
1378 1438 0.11436
1438 1439 0.8786419999999999
1439 1440 1.308449
1440 1441 2.976908
1441 1442 6.6097790000000005
1441 1443 5.151796
1440 1444 1.796242
1444 1445 3.351797
1445 1446 3.110623
1445 1447 1.040521
1447 1448 1.8105220000000002
1447 1449 2.074523
1444 1450 7.012758
1439 1451 10.241911
1438 1452 0.240845
1452 1453 0.193202
1453 1454 9.134972
1453 1455 9.598397
1452 1456 0.275798
1456 1457 0.800896
1457 1458 0.7985269999999999
1458 1459 11.529565999999999
1458 1460 8.640738
1457 1461 8.142399000000001
1456 1462 1.687129
1462 1463 9.997715
1462 1464 10.279028
1363 1465 0.220701
1465 1466 0.171575
1466 1467 0.18037
1467 1468 0.166112
1468 1469 11.335599
1468 1470 0.392714
1470 1471 0.634748
1471 1472 11.734696999999999
1471 1473 10.910327
1473 1474 1.344281
1473 1475 1.529588
1470 1476 11.605805
1467 1477 0.262972
1477 1478 11.826998
1478 1479 0.026634
1478 1480 0.026586
1477 1481 14.277313
1466 1482 11.732549
1465 1483 3.3051749999999998
1483 1484 9.291297
1483 1485 8.696995000000001
1362 1486 0.163276
1486 1487 0.766954
1487 1488 1.165081
1488 1489 1.112933
1489 1490 7.839276000000001
1489 1491 8.020223999999999
1488 1492 3.537147
1492 1493 6.051982000000001
1492 1494 3.82029
1494 1495 1.218035
1494 1496 1.389735
1487 1497 1.26141
1497 1498 10.780277
1497 1499 2.378318
1499 1500 5.002265
1500 1501 2.380117
1500 1502 2.196786
1499 1503 7.9567559999999995
1486 1504 0.191834
1504 1505 10.725521
1504 1506 10.988156
1361 1507 1.827646
1507 1508 10.632962
1507 1509 9.590562
1334 1510 2.699399
1510 1511 0.8959280000000001
1511 1512 3.277025
1512 1513 0.885908
1513 1514 5.323721
1513 1515 3.351106
1512 1516 4.569122
1511 1517 10.826221
1510 1518 0.757212
1518 1519 9.597742
1518 1520 2.323493
1520 1521 1.77947
1521 1522 4.85048
1521 1523 3.505029
1520 1524 4.021488
1524 1525 4.798071
1524 1526 4.0896349999999995
1333 1527 2.192614
1527 1528 11.375978
1527 1529 11.135995999999999
1332 1530 1.493778
1530 1531 10.298549999999999
1530 1532 9.818534
285 1533 6.661968
1533 1534 4.604157
1533 1535 4.5496490000000005
274 1536 0.191181
1536 1537 0.197014
1537 1538 10.442473
1537 1539 0.068437
1539 1540 10.931689
1539 1541 10.24979
1536 1542 10.167542000000001
273 1543 0.043228
1543 1544 0.173134
1544 1545 9.992803
1544 1546 0.092348
1546 1547 0.568253
1547 1548 9.112729
1547 1549 8.503024
1546 1550 9.463678999999999
1543 1551 0.111976
1551 1552 0.045492
1552 1553 0.183763
1553 1554 0.08081100000000001
1554 1555 10.352031
1554 1556 0.089859
1556 1557 11.128588
1556 1558 0.245065
1558 1559 0.21844299999999997
1559 1560 11.040422
1559 1561 11.577992
1558 1562 0.105034
1562 1563 0.163781
1563 1564 11.746695
1563 1565 0.167888
1565 1566 10.851683
1565 1567 0.251297
1567 1568 3.5213609999999997
1568 1569 10.092115999999999
1568 1570 8.321934
1567 1571 1.574435
1571 1572 10.393613
1571 1573 10.415328
1562 1574 10.613228
1553 1575 0.10579000000000001
1575 1576 0.126078
1576 1577 0.145459
1577 1578 0.254113
1578 1579 4.462955
1579 1580 7.959154
1579 1581 6.83595
1578 1582 11.795693
1577 1583 10.469676
1576 1584 12.154967
1575 1585 0.10156200000000001
1585 1586 10.358373
1585 1587 0.584948
1587 1588 9.267161999999999
1587 1589 2.068654
1589 1590 1.3224740000000001
1590 1591 4.652791
1590 1592 9.344016
1589 1593 7.884550999999999
1552 1594 10.267473
1551 1595 0.386407
1595 1596 0.177815
1596 1597 0.066353
1597 1598 0.219
1598 1599 0.121564
1599 1600 11.460516
1599 1601 10.412821
1598 1602 8.766142
1597 1603 0.20882499999999998
1603 1604 0.11426599999999999
1604 1605 0.12891999999999998
1605 1606 1.722156
1606 1607 1.7335219999999998
1607 1608 9.05348
1607 1609 3.5330019999999998
1609 1610 1.879507
1609 1611 1.686219
1606 1612 7.353759
1605 1613 0.21787199999999998
1613 1614 0.173313
1614 1615 0.591385
1615 1616 10.584247
1615 1617 10.437573
1614 1618 3.386795
1618 1619 6.807970000000001
1618 1620 8.253233
1613 1621 0.185921
1621 1622 9.913246000000001
1621 1623 10.363497
1604 1624 0.171831
1624 1625 0.11656699999999999
1625 1626 0.079323
1626 1627 0.153645
1627 1628 0.502367
1628 1629 7.636561
1628 1630 7.4246419999999995
1627 1631 0.144586
1631 1632 0.333906
1632 1633 8.719489
1632 1634 7.24645
1631 1635 0.058589999999999996
1635 1636 7.692222999999999
1635 1637 0.131087
1637 1638 7.714654
1637 1639 0.188486
1639 1640 7.951334999999999
1639 1641 9.18544
1626 1642 0.163595
1642 1643 8.438723
1642 1644 0.369153
1644 1645 9.192469000000001
1644 1646 8.476503000000001
1625 1647 10.132849
1624 1648 0.369687
1648 1649 0.179516
1649 1650 8.480352
1649 1651 8.922521999999999
1648 1652 9.133948
1603 1653 10.462838000000001
1596 1654 8.942456
1595 1655 0.120861
1655 1656 9.105696
1655 1657 0.314208
1657 1658 9.396528
1657 1659 9.390061
272 1660 0.034167
1660 1661 5.870572999999999
1661 1662 4.000781
1661 1663 4.461167
1660 1664 0.515803
1664 1665 10.871662
1664 1666 0.277886
1666 1667 10.488152000000001
1666 1668 10.852986000000001
271 1669 0.424535
1669 1670 9.418064
1669 1671 9.262085
270 1672 1.4461389999999998
1672 1673 8.292003000000001
1672 1674 8.259354
269 1675 0.187799
1675 1676 0.12260800000000001
1676 1677 8.500345
1676 1678 8.47677
1675 1679 0.276541
1679 1680 8.629859
1679 1681 9.198773000000001
268 1682 0.276998
1682 1683 0.62744
1683 1684 0.5193920000000001
1684 1685 9.019256
1684 1686 5.722627999999999
1686 1687 5.322851
1686 1688 5.267889
1683 1689 8.794073
1682 1690 9.890122
251 1691 0.261208
1691 1692 10.450795
1691 1693 11.95474
250 1694 0.43649099999999996
1694 1695 8.999801
1694 1696 9.467469000000001
249 1697 0.612362
1697 1698 10.475919000000001
1697 1699 9.641165
248 1700 0.136593
1700 1701 0.259764
1701 1702 9.453660999999999
1701 1703 0.250636
1703 1704 0.223147
1704 1705 8.646447
1704 1706 0.148124
1706 1707 10.734177
1706 1708 1.173753
1708 1709 7.637428
1709 1710 0.498858
1709 1711 0.45909799999999995
1708 1712 7.982582000000001
1703 1713 9.572622
1700 1714 1.00878
1714 1715 8.908995
1714 1716 8.334219
219 1717 0.2474
1717 1718 0.232396
1718 1719 8.454978
1718 1720 8.202818
1717 1721 0.16675299999999998
1721 1722 7.817851000000001
1721 1723 8.893165999999999
218 1724 0.517693
1724 1725 9.282068
1724 1726 0.48686700000000005
1726 1727 0.839522
1727 1728 1.764576
1728 1729 25.549103000000002
1728 1730 5.757058000000001
1730 1731 4.651209
1731 1732 0.649026
1732 1733 0.22493499999999997
1733 1734 0.322455
1733 1735 0.47584200000000004
1732 1736 0.7330220000000001
1731 1737 1.0074400000000001
1737 1738 0.20779
1738 1739 0.7829910000000001
1738 1740 0.6007239999999999
1737 1741 0.909825
1730 1742 1.505828
1742 1743 0.90923
1743 1744 0.643524
1744 1745 0.123061
1745 1746 0.713324
1746 1747 0.236033
1747 1748 0.153712
1747 1749 0.272047
1746 1750 0.455825
1745 1751 0.18268099999999998
1751 1752 0.037646
1752 1753 0.333837
1752 1754 0.46446
1751 1755 0.028879
1755 1756 0.249555
1755 1757 0.058122
1757 1758 0.046624
1758 1759 0.319745
1758 1760 0.106014
1760 1761 0.487301
1760 1762 0.098117
1757 1763 0.043184
1763 1764 0.11738199999999999
1764 1765 0.28565
1764 1766 0.352988
1763 1767 0.574476
1744 1768 0.9473630000000001
1743 1769 0.171773
1769 1770 1.251603
1769 1771 0.217994
1771 1772 0.413319
1772 1773 0.524742
1773 1774 0.26783
1774 1775 0.081704
1775 1776 0.07471599999999999
1776 1777 0.6047549999999999
1776 1778 0.459641
1775 1779 0.304475
1779 1780 0.188003
1780 1781 0.362876
1780 1782 0.06288300000000001
1779 1783 0.197841
1783 1784 0.048065
1783 1785 0.058374999999999996
1774 1786 0.41057899999999997
1773 1787 0.30428299999999997
1787 1788 0.445776
1787 1789 0.192861
1772 1790 0.252454
1790 1791 0.12254
1791 1792 0.08423900000000001
1792 1793 0.079584
1793 1794 0.154951
1794 1795 0.39457800000000004
1794 1796 0.03118
1796 1797 0.649479
1796 1798 0.361697
1793 1799 0.044622999999999996
1799 1800 0.499436
1799 1801 0.45852000000000004
1792 1802 0.059286
1802 1803 0.121633
1803 1804 0.251326
1804 1805 0.107619
1804 1806 0.31814
1803 1807 0.28087199999999996
1802 1808 0.357345
1791 1809 0.108267
1809 1810 0.091852
1810 1811 0.08509900000000001
1811 1812 0.218586
1811 1813 0.260392
1810 1814 0.367269
1809 1815 0.087764
1815 1816 0.370412
1815 1817 0.161786
1817 1818 0.061268
1818 1819 0.05258
1818 1820 0.10707900000000001
1817 1821 0.36449
1790 1822 0.15436899999999998
1822 1823 0.177709
1823 1824 0.065448
1824 1825 0.18380200000000002
1824 1826 0.188737
1823 1827 0.38692000000000004
1822 1828 0.128304
1828 1829 0.062878
1829 1830 0.0319
1829 1831 0.287419
1828 1832 0.203221
1771 1833 0.989109
1833 1834 0.601326
1834 1835 0.078566
1835 1836 0.583362
1835 1837 0.40120399999999995
1837 1838 0.30412
1837 1839 0.228078
1834 1840 0.666511
1833 1841 0.195204
1841 1842 0.123023
1842 1843 0.261079
1843 1844 0.412781
1843 1845 0.27907600000000005
1842 1846 0.144722
1846 1847 0.30655499999999997
1847 1848 0.062370999999999996
1848 1849 0.086507
1848 1850 0.07315200000000001
1850 1851 0.015736
1850 1852 0.197143
1847 1853 0.256948
1846 1854 0.192381
1854 1855 0.42315499999999995
1854 1856 0.10904300000000001
1856 1857 0.238657
1856 1858 0.293541
1841 1859 0.06677999999999999
1859 1860 0.120671
1860 1861 0.18440900000000002
1861 1862 0.17977500000000002
1861 1863 0.35242300000000004
1860 1864 0.121604
1864 1865 0.489671
1864 1866 0.7876040000000001
1859 1867 0.963682
1742 1868 4.015755
1727 1869 10.266554
1726 1870 2.722923
1870 1871 3.7418359999999997
1871 1872 0.068955
1872 1873 0.66089
1873 1874 0.35140000000000005
1873 1875 0.446897
1872 1876 0.48832499999999995
1876 1877 0.6189939999999999
1877 1878 0.080591
1878 1879 0.504092
1878 1880 0.666744
1877 1881 0.770926
1876 1882 0.408813
1882 1883 0.220811
1882 1884 0.071897
1884 1885 0.307554
1884 1886 0.27786299999999997
1871 1887 0.363456
1887 1888 0.817321
1887 1889 1.471131
1870 1890 4.10559
1890 1891 1.039048
1890 1892 1.994481
213 1893 0.151175
1893 1894 0.327249
1894 1895 0.620069
1895 1896 6.762897
1895 1897 1.113633
1897 1898 6.099343
1897 1899 6.620188000000001
1894 1900 8.280943
1893 1901 0.268563
1901 1902 0.04193
1902 1903 7.956235
1902 1904 0.086607
1904 1905 0.29323499999999997
1905 1906 7.301735
1905 1907 6.8015110000000005
1904 1908 0.678026
1908 1909 9.178457
1908 1910 8.969494000000001
1901 1911 8.320231
4 1912 6.172231
3 1913 0.214861
1913 1914 0.180731
1914 1915 0.985253
1915 1916 5.432192000000001
1915 1917 6.542262999999999
1914 1918 0.41176700000000005
1918 1919 1.608662
1919 1920 4.589576
1919 1921 5.256087
1918 1922 0.44029999999999997
1922 1923 6.087315
1922 1924 5.674259999999999
1913 1925 0.374081
1925 1926 1.327168
1926 1927 6.328278
1926 1928 6.444474
1925 1929 1.0491169999999999
1929 1930 0.5285909999999999
1930 1931 0.23675
1931 1932 2.405844
1932 1933 1.086831
1933 1934 1.979955
1933 1935 2.490508
1935 1936 1.453571
1935 1937 2.165375
1932 1938 4.953616
1931 1939 1.0831709999999999
1939 1940 1.004988
1940 1941 2.661749
1940 1942 0.275319
1942 1943 0.39068899999999995
1943 1944 3.836331
1943 1945 1.3526
1945 1946 1.8050320000000002
1945 1947 1.813915
1942 1948 1.0795080000000001
1948 1949 2.0746890000000002
1948 1950 3.1940709999999997
1950 1951 1
1950 1952 1
1939 1953 2.026877
1953 1954 1.858315
1953 1955 0.696235
1955 1956 2.9212510000000003
1956 1957 1
1956 1958 1
1955 1959 2.347509
1930 1960 0.77659
1960 1961 0.9600920000000001
1961 1962 3.9141710000000005
1961 1963 3.376942
1960 1964 0.771007
1964 1965 0.48775499999999994
1965 1966 0.372423
1966 1967 0.679802
1967 1968 0.189044
1968 1969 0.868965
1969 1970 0.15784
1969 1971 0.055039
1968 1972 0.780849
1967 1973 1.181365
1973 1974 0.027636
1973 1975 0.025584000000000003
1966 1976 1.974535
1965 1977 3.2631550000000002
1964 1978 0.702622
1978 1979 3.3731120000000003
1978 1980 0.759738
1980 1981 0.38824
1981 1982 1.3725960000000001
1982 1983 0.046435
1983 1984 2.111722
1983 1985 2.0394229999999998
1982 1986 2.401676
1981 1987 0.237303
1987 1988 2.919221
1987 1989 5.116968
1980 1990 0.43334100000000003
1990 1991 3.105657
1990 1992 4.185455
1929 1993 1.009595
1993 1994 5.724946
1994 1995 0.013285
1994 1996 0.039935
1993 1997 5.078673
1 1998 7.369915000000001
