31977 2
8198 10
1721 11
20303 13
37899 14
16899 18
28280 20
17814 21
29806 22
34873 30
24 32
17131 33
22280 37
41905 38
29180 39
43080 40
8156 43
19818 44
4904 49
31291 51
19938 58
31683 63
36135 65
43928 66
23698 67
1165 69
18288 70
26216 71
30205 72
39529 73
16356 74
44507 75
11907 76
45063 77
4407 81
21233 82
16745 83
654 87
33017 88
17677 90
5047 91
5321 93
17195 95
7188 96
9134 100
11693 101
22246 102
7408 104
20674 106
11332 107
18992 110
25704 113
16847 114
26506 116
43787 117
4908 118
41672 120
26683 121
10028 124
42057 127
15040 128
18742 129
31875 133
38220 135
12714 136
194 138
12402 139
40814 142
25767 143
41474 144
12270 149
35216 150
20751 154
9470 156
22624 157
19545 159
17655 161
2728 162
34861 164
2581 167
43907 168
25521 169
21828 171
42503 172
44503 173
33919 174
25131 176
11539 182
1872 183
16846 184
19774 185
17156 186
41981 191
9807 192
12846 194
6465 196
19456 197
31706 198
13864 201
24488 202
4923 207
32372 209
12501 210
17065 211
19209 212
2530 216
37221 217
3392 225
26348 227
42622 228
35508 229
26656 231
28966 232
27217 234
3749 235
27393 241
29381 243
30101 244
36381 245
1218 246
27163 247
33693 255
5160 256
11068 259
29530 260
13171 261
7038 264
43492 266
10762 267
19434 279
26124 281
8643 282
31264 283
6785 284
2107 289
27582 290
22608 293
18521 297
5757 298
40101 301
18579 302
45470 307
39302 308
32182 313
13503 314
43296 315
25753 318
41554 320
25469 321
24575 323
13003 325
41046 326
28097 329
41880 332
14085 335
8122 338
32462 339
44572 342
43561 343
39080 344
6682 346
7053 347
22105 356
27820 358
19543 360
21783 361
8328 366
5996 367
10291 368
16444 369
30329 371
4068 373
8706 374
7460 375
36846 383
23009 384
26940 385
12851 390
28243 391
14553 392
2748 393
34025 395
43793 396
262 397
24469 408
41843 410
24842 411
5745 415
32531 416
33164 418
33999 419
39635 420
28702 424
15152 426
34107 428
40258 429
22841 430
19363 434
5551 435
12616 436
6347 445
31956 446
22112 450
3719 451
7811 452
31499 453
24442 455
17019 462
2567 463
29680 464
14499 465
29886 466
5233 467
38912 470
1416 471
22062 476
20287 477
42169 479
37293 482
9145 484
31642 485
27422 487
26498 488
6318 491
45015 492
29673 493
10371 496
3645 498
11536 499
20031 501
19515 502
13052 504
29101 506
42824 507
32426 509
23172 510
21258 512
2619 513
44997 515
35583 516
2616 518
13753 520
271 521
44647 523
20228 524
5663 526
41403 527
23456 539
31352 541
40122 542
10029 552
2931 553
4819 554
44935 556
29266 557
33092 558
18570 564
30007 566
15089 567
21270 568
8380 574
13311 575
21616 577
38881 579
44217 580
33694 582
9666 583
32919 587
36452 590
9406 591
45055 592
3775 596
40056 597
24005 600
18611 601
17916 603
19284 605
33110 606
17440 608
31206 610
20353 611
42899 613
36790 614
41277 615
5211 617
25060 618
30216 622
29607 623
43071 629
38951 630
20959 631
6582 634
9239 635
36094 637
9460 638
30530 640
19932 641
42187 643
22522 644
17220 645
31796 647
22390 649
3853 650
40277 651
25275 655
25734 659
29282 660
23713 661
26428 662
42629 664
20762 665
3190 667
1506 669
39867 671
11334 672
20425 675
28890 676
1480 678
13904 680
10062 681
25981 684
18828 686
2486 688
24144 689
5036 692
34325 693
4131 695
30443 696
14180 698
23598 699
36510 703
4082 704
10450 706
44348 707
16731 709
42878 710
39993 714
15530 715
42287 716
7347 717
5389 723
6643 725
21521 727
31057 728
15623 729
4202 732
21995 733
31286 734
27198 736
21480 740
16102 741
15327 743
13664 744
13635 745
4079 750
20442 752
3030 753
30084 755
40484 756
42904 760
16382 762
43943 763
19210 766
570 767
3474 768
8482 771
13469 772
43454 773
8813 775
3076 777
32422 778
20418 782
27564 783
45026 784
39866 785
37053 787
10908 789
18646 790
22741 794
16935 795
829 796
8707 799
33211 800
18832 802
4891 805
1665 806
5752 812
34067 816
18213 817
18923 818
12099 819
683 821
9602 822
10470 823
25079 824
15834 825
659 827
26204 828
23351 831
11596 832
9739 833
23042 838
10799 840
7634 841
30180 844
27855 845
27054 848
27537 849
38756 850
36416 852
13542 854
2251 855
25666 860
40750 862
26382 863
3383 865
28471 866
21579 872
30211 873
11378 877
31679 878
14201 882
415 883
24537 885
7529 886
27247 891
37087 892
14914 894
25340 895
42950 896
12085 898
503 900
16912 901
8541 903
36635 905
23051 906
31287 910
31228 911
40844 914
13049 916
30681 917
2980 918
7072 920
11592 922
24189 923
24149 926
10719 928
43160 929
20248 932
14789 933
9736 934
14945 936
45234 937
41782 939
12700 941
29056 942
15305 945
36091 947
31425 948
19894 950
16313 952
8124 954
8484 955
40850 959
34667 960
11658 963
36685 967
2154 968
6540 969
5882 971
14700 973
26326 974
35898 975
25016 978
29645 979
7064 980
9519 984
12181 985
1235 986
41424 989
19717 990
28987 991
13447 995
12661 998
6863 999
32952 1001
40311 1002
15558 1003
32256 1006
20239 1007
20656 1011
44164 1013
19272 1014
36393 1015
2377 1016
6528 1020
20136 1022
33492 1023
27419 1025
41525 1026
43667 1028
19857 1031
794 1032
16181 1035
899 1036
9075 1047
11512 1048
22658 1049
29052 1050
18921 1054
6557 1055
28398 1056
10821 1057
3157 1060
16406 1061
30858 1062
37862 1066
20285 1067
28225 1068
15990 1069
19388 1078
44494 1079
3737 1080
3347 1082
38997 1084
23079 1085
29678 1087
43400 1089
25523 1090
43415 1093
7895 1094
2672 1097
18726 1098
2374 1100
21789 1101
31185 1107
151 1109
27335 1110
2379 1114
28290 1115
37931 1116
27624 1117
14524 1118
26583 1120
39692 1122
17711 1123
8864 1125
42262 1126
9836 1132
44960 1133
37029 1134
42359 1135
39961 1138
28355 1139
3286 1141
40043 1142
26538 1143
43612 1147
7110 1148
40519 1149
16515 1150
12513 1154
6912 1155
14190 1156
16645 1158
23238 1159
13019 1160
14901 1162
33856 1163
39786 1168
15677 1169
42395 1173
16611 1175
41953 1176
15448 1178
5062 1179
44950 1182
26606 1183
4937 1185
17960 1186
4066 1190
3038 1191
1814 1194
21337 1195
2177 1196
3503 1199
19364 1200
7502 1204
17444 1205
24867 1206
4178 1209
7030 1210
17331 1212
3723 1213
21613 1216
4246 1217
33526 1219
10290 1220
19477 1226
25829 1227
25098 1228
26182 1230
1369 1231
11202 1234
43520 1236
14861 1237
34041 1243
40661 1244
20836 1245
32992 1246
22125 1247
18569 1248
25276 1250
18997 1251
39717 1256
40471 1257
38105 1259
31111 1260
9069 1261
29582 1263
6804 1265
23410 1266
28741 1269
2714 1270
31680 1271
31525 1274
33932 1275
36838 1277
28945 1278
30851 1279
39661 1287
35807 1288
5111 1289
13692 1290
37183 1292
26573 1293
37499 1295
34374 1297
26426 1300
27664 1301
7676 1302
14743 1303
32388 1306
35010 1308
27278 1311
26180 1312
11579 1314
26319 1315
134 1316
14693 1320
32295 1323
25250 1324
30938 1325
24927 1328
31298 1329
21748 1330
3997 1331
16437 1343
15342 1345
17272 1346
24807 1348
8644 1350
32323 1351
11158 1352
6504 1353
44994 1354
10789 1355
34335 1358
43597 1359
3011 1360
15312 1368
43637 1370
5268 1371
4139 1372
42631 1374
9533 1376
23658 1377
20038 1381
39719 1386
406 1387
23222 1388
40104 1390
14918 1392
31169 1394
34657 1395
7458 1402
44943 1403
6020 1404
40917 1405
23188 1408
26963 1411
19645 1412
3432 1414
25140 1415
9547 1417
84 1418
45112 1420
12886 1422
12255 1423
29443 1427
40342 1428
18684 1430
43712 1431
20763 1433
28500 1434
8636 1436
16737 1437
3772 1442
16989 1443
2383 1446
28147 1448
35432 1449
43541 1450
35836 1451
40337 1454
14665 1455
27225 1459
10393 1460
23039 1461
15644 1463
17628 1464
20140 1469
6665 1472
11773 1474
44894 1475
7121 1476
917 1479
15252 1480
10755 1481
31283 1482
27909 1484
4691 1485
39727 1490
36791 1491
12761 1493
10831 1495
24326 1496
39654 1498
41258 1501
34083 1502
41676 1503
40815 1505
23028 1506
19606 1508
24058 1509
35608 1514
5145 1515
38822 1516
24724 1517
8951 1519
5610 1522
29460 1523
24870 1525
24182 1526
12906 1528
37025 1529
39576 1531
16544 1532
10242 1534
17259 1535
28046 1538
8163 1540
42219 1541
34628 1542
41456 1545
3977 1548
39127 1549
40638 1550
6144 1555
31638 1557
3814 1560
41182 1561
27727 1564
29312 1566
35253 1569
34471 1570
9867 1572
3929 1573
23160 1574
41506 1580
11229 1581
7645 1582
30262 1583
30486 1584
11607 1586
42727 1588
23548 1591
28390 1592
7817 1593
16568 1594
28589 1600
23796 1601
35100 1602
16487 1608
36725 1610
26085 1611
7950 1612
8366 1616
44111 1617
1990 1619
15872 1620
29026 1622
44169 1623
38056 1629
6173 1630
16943 1633
29983 1634
27173 1636
11283 1638
2293 1640
15157 1641
8184 1643
43232 1645
19370 1646
4665 1647
29314 1650
24973 1651
31372 1652
16265 1653
18962 1654
4752 1656
2642 1658
33408 1659
13103 1662
36290 1663
2337 1665
34458 1667
13399 1668
19179 1670
34857 1671
40616 1673
954 1674
7025 1677
40495 1678
38241 1680
23948 1681
27913 1685
19510 1687
39996 1688
43099 1689
42134 1690
10652 1692
31927 1693
19766 1695
1934 1696
18938 1698
19956 1699
3137 1702
37538 1705
24213 1707
32958 1710
4138 1711
27825 1712
17812 1713
27656 1715
1734 1716
5372 1719
19646 1720
37393 1722
7288 1723
8576 1725
27959 1729
37213 1734
35032 1735
17979 1736
26286 1739
9644 1740
38776 1741
31470 1748
30662 1749
34947 1750
15607 1753
6109 1754
9933 1756
44523 1759
21981 1761
30976 1762
11301 1765
39494 1766
12789 1767
26597 1768
11251 1770
16228 1777
11740 1778
35418 1781
27332 1782
22912 1784
18172 1785
34004 1786
12699 1788
37182 1789
3016 1795
5621 1797
31745 1798
28114 1800
31297 1801
32431 1805
34037 1806
15507 1807
32205 1808
22452 1812
19422 1813
25769 1814
39583 1816
4263 1819
13632 1820
4516 1821
36608 1825
3769 1826
3015 1827
7975 1830
11591 1831
43474 1832
3281 1836
7217 1838
21971 1839
8729 1840
27992 1844
19330 1845
12829 1849
3014 1851
44110 1852
31257 1853
28078 1855
36763 1857
12246 1858
5246 1862
156 1863
17330 1865
39506 1866
30823 1867
12004 1868
16925 1869
27772 1874
11110 1875
39216 1879
27480 1880
23356 1881
6155 1883
16402 1885
10195 1886
18006 1888
41749 1889
35213 1891
42893 1892
6492 1896
45067 1898
15848 1899
38886 1900
2794 1903
36224 1906
17564 1907
15948 1909
41689 1910
22838 1911
14735 1912
45164 1916
595 1917
3299 1920
32094 1921
34102 1923
39433 1924
4172 1927
9715 1928
17420 1934
10826 1936
24046 1937
8858 1938
24604 1941
35902 1944
43638 1946
8709 1947
35700 1949
15532 1951
43263 1952
31967 1954
24053 1957
35743 1958
14216 1959
21105 1962
44154 1963
3468 1970
11274 1971
29313 1972
35567 1974
36547 1975
29984 1976
16600 1977
39778 1979
25862 1984
39142 1985
19538 1986
31276 1988
32386 1989
31491 1991
11103 1992
8214 1995
41770 1996
42202 1997
32618 1998
