37744 9
14061 10
14242 17
18575 23
19744 24
10189 26
24134 28
6894 29
43633 30
34866 31
15567 32
30060 33
8313 35
21210 36
40778 39
40676 40
37252 41
15439 42
6943 50
9568 53
19535 54
43674 55
40688 56
39242 57
12593 62
18882 69
27294 70
42476 73
9311 74
33077 76
33110 77
4242 78
43632 79
24221 80
6941 82
4847 83
12304 86
29601 87
42679 88
12551 89
19989 103
10090 104
22365 122
38970 123
15423 124
21799 125
23182 130
36633 132
5095 133
40589 134
1356 136
3589 137
39037 146
27789 149
38828 150
27541 151
1630 152
30595 153
28460 155
15589 156
23370 157
19246 158
23788 160
40122 161
4831 162
5122 168
1431 185
3474 186
17953 187
3864 188
14972 235
23008 247
42103 248
2896 284
26877 285
19323 287
16144 291
25528 292
38103 298
3914 302
43733 303
15839 304
13029 317
37974 318
39653 319
11544 338
11524 339
41146 341
20305 348
36627 349
26109 351
14189 352
13227 358
22128 359
4394 361
11176 362
17345 409
31645 410
16614 412
35294 420
35906 424
39674 425
40047 427
26091 428
6892 432
17250 435
8775 436
15361 441
32149 442
17663 444
42243 446
10683 451
11385 458
39716 461
3772 462
25341 466
13961 467
34565 468
40488 471
32626 500
17857 502
29139 503
16236 506
23948 507
18377 508
11656 516
33907 517
2351 536
4117 537
780 539
31698 547
11062 550
21241 551
39611 586
39411 589
45367 590
28595 594
45067 596
13462 597
23086 598
16126 603
21404 605
25747 606
39098 617
31065 636
29246 648
25369 651
4986 652
8464 660
12115 662
18927 667
39706 669
13215 670
36591 673
9714 674
29687 675
14476 676
11461 693
31099 694
34635 695
40566 696
33320 697
6029 701
7810 704
31963 705
2627 706
28507 708
38527 710
10774 711
34675 713
1259 714
24723 718
21012 719
11978 721
2320 722
44512 723
3925 726
5253 727
29350 729
28416 733
22781 734
42013 737
16284 738
5946 739
28743 740
773 743
3600 746
20074 748
17122 749
39065 750
42499 765
19030 766
7764 767
28953 773
16995 774
30219 788
36682 790
4281 791
37607 802
6225 803
40726 804
24487 806
22544 808
41477 809
27562 810
37353 811
9141 812
37233 813
6390 823
19239 824
36618 826
43536 827
22285 828
6601 837
26300 838
39067 848
18946 858
9336 861
2076 863
6471 865
34638 866
44320 869
12007 871
38700 874
19569 876
10051 877
4384 878
20872 879
27404 880
16067 881
12478 882
40429 883
29481 884
27931 885
33336 888
5600 891
22550 892
18685 893
19931 894
14315 901
31722 902
11831 903
15457 904
4701 905
4511 906
1870 907
14947 908
17367 909
4347 910
36795 911
42331 913
39596 914
43048 917
44976 918
19011 920
11742 921
15436 924
34555 927
19526 928
37271 929
15441 930
18656 932
12561 933
13673 934
38597 935
23515 936
30841 938
30500 939
29694 942
42489 943
15040 944
27059 945
3309 947
26774 950
4156 951
19635 952
16391 953
35355 954
10968 956
26615 957
6991 959
20541 960
21407 964
27815 965
4705 966
1702 967
3654 970
15555 971
9376 973
43341 974
10898 975
33411 977
28330 978
37440 980
20278 981
20814 983
20858 984
31367 985
34385 986
31385 987
41032 988
40264 990
15171 991
40613 994
29365 995
35280 996
41266 997
21766 998
12462 999
39396 1002
25714 1003
38110 1004
27226 1005
43828 1006
3118 1009
1477 1010
35170 1011
24876 1012
40763 1013
35099 1014
1093 1015
11104 1016
33644 1018
43255 1019
31880 1021
29892 1022
25053 1024
36215 1025
36208 1026
38686 1027
45336 1028
16850 1030
22852 1031
23748 1034
6499 1035
16932 1037
21703 1038
25674 1040
33413 1041
24067 1043
12474 1044
22437 1045
26167 1049
17733 1050
42875 1051
8848 1052
933 1053
5544 1054
40695 1055
20934 1056
44562 1057
14967 1058
26473 1060
10943 1061
36137 1062
31831 1064
27960 1065
32680 1067
12030 1069
2111 1070
28672 1072
43263 1073
5560 1076
26829 1077
23197 1078
5165 1079
28338 1082
4166 1083
31486 1086
35012 1087
18691 1088
3731 1090
30817 1091
41081 1092
20698 1093
14282 1094
3169 1096
25943 1097
40220 1099
36511 1101
23261 1102
38557 1103
15503 1105
30517 1106
26178 1109
14071 1110
43993 1111
12178 1112
2830 1113
43067 1115
9195 1116
22469 1118
3659 1119
32644 1120
10500 1121
3176 1122
45025 1124
40905 1125
902 1127
31175 1128
28962 1129
9537 1131
8630 1134
43226 1135
43732 1136
13717 1137
41104 1138
18388 1139
31693 1140
39968 1142
16110 1144
1933 1145
15187 1146
1640 1147
39000 1151
3240 1152
36523 1153
26685 1155
20634 1158
13620 1159
13748 1160
24319 1161
1016 1165
35359 1166
16064 1167
42017 1168
23112 1171
8667 1172
37875 1173
25826 1174
37276 1175
18363 1176
16831 1177
30473 1179
32887 1180
43725 1181
13894 1182
28770 1184
17933 1185
15758 1188
31468 1189
20850 1190
13639 1191
4558 1192
37050 1194
23718 1196
33123 1197
15738 1198
37634 1200
19863 1201
3695 1202
27436 1203
26541 1204
3733 1205
32127 1206
30753 1209
4372 1210
30765 1211
19347 1212
2336 1213
32718 1215
8236 1216
42621 1218
17358 1219
45092 1220
12186 1222
19562 1223
32566 1224
20614 1226
8194 1227
23081 1228
22534 1230
20341 1231
36070 1233
37493 1234
8885 1235
25315 1236
10036 1237
12172 1238
29863 1239
33624 1241
31400 1242
3358 1243
29342 1244
38203 1246
4793 1247
18571 1249
11036 1250
14365 1252
11670 1253
30252 1256
11470 1257
40268 1258
32546 1259
640 1260
4173 1262
18367 1263
21171 1264
7487 1265
13546 1267
18962 1268
32646 1269
33461 1270
18857 1272
38551 1273
21422 1275
30485 1276
20409 1278
11078 1279
28095 1281
33657 1282
38707 1283
18290 1285
35303 1286
41529 1287
27250 1289
29977 1290
38135 1292
45146 1293
42608 1294
20503 1296
36866 1297
31574 1300
33262 1301
223 1303
22662 1304
1349 1306
31813 1307
9482 1308
23567 1309
32976 1310
20038 1312
9001 1313
33696 1315
11243 1316
31257 1319
11740 1320
16660 1321
6957 1323
16487 1324
18497 1325
8946 1327
28134 1328
9859 1329
33740 1331
45239 1332
830 1335
34726 1336
36438 1337
15245 1338
31605 1339
20812 1340
17474 1341
18986 1342
27463 1343
4226 1347
43640 1348
38070 1349
39724 1350
19935 1351
4232 1353
22677 1354
31878 1355
6285 1357
13563 1358
18506 1360
12761 1362
28493 1363
8881 1365
35856 1366
11609 1368
18167 1369
18441 1371
22760 1372
9136 1373
44971 1374
8894 1376
8215 1377
28522 1378
10037 1380
40128 1382
26469 1383
19329 1384
3811 1385
18299 1386
2313 1388
4268 1389
36021 1391
6629 1392
31235 1394
33981 1395
20958 1397
7614 1398
4017 1399
31907 1403
23214 1404
29618 1405
29154 1407
31232 1408
18320 1409
34600 1411
37342 1412
7514 1413
21279 1415
1402 1416
29966 1418
12052 1419
5843 1422
42298 1423
16567 1426
34138 1427
34281 1428
21642 1430
3929 1431
7747 1433
30888 1434
29184 1435
34418 1436
42498 1437
39310 1439
313 1440
33184 1441
38441 1442
24448 1443
12234 1444
23211 1446
35613 1447
39539 1449
35443 1450
15797 1451
13609 1453
18709 1454
35807 1456
22917 1457
9040 1460
7238 1461
11570 1463
40601 1464
7231 1465
11696 1466
22028 1467
17201 1468
2714 1469
3978 1470
26986 1472
40305 1473
11107 1474
8461 1477
15063 1478
6484 1479
22206 1480
38336 1481
26505 1484
10202 1485
3052 1486
13156 1488
20641 1489
27745 1492
39008 1493
927 1494
34403 1496
4644 1497
13504 1500
15943 1501
26296 1504
26212 1505
28433 1506
8071 1508
22035 1509
24141 1512
8335 1513
11497 1514
22886 1515
37842 1517
29477 1518
22919 1519
16856 1522
21907 1525
30648 1526
26843 1527
41809 1529
14706 1530
15909 1531
30974 1532
17234 1534
39395 1535
10454 1538
20267 1539
1297 1540
40477 1541
20384 1542
5909 1543
25834 1545
12492 1546
634 1547
7190 1548
26382 1552
243 1553
45344 1554
6393 1555
45087 1558
38105 1559
34063 1561
39854 1562
6060 1563
7602 1564
14740 1566
17021 1567
29554 1569
1295 1570
18975 1571
19983 1572
12887 1573
7621 1575
40483 1577
41089 1578
16859 1579
38322 1580
6598 1581
39921 1582
24049 1584
34319 1585
13891 1587
24139 1588
25378 1590
32829 1591
24264 1593
18843 1594
4162 1595
16605 1596
9447 1598
34368 1599
31205 1601
4499 1602
39956 1606
24356 1607
41300 1612
14773 1613
37481 1614
17820 1615
3639 1616
5265 1617
3874 1618
15195 1620
40842 1621
28161 1623
11266 1624
26058 1626
25753 1627
1907 1629
4404 1630
31984 1631
28313 1632
32125 1633
19104 1635
25440 1636
9927 1637
35819 1639
1201 1640
31580 1642
11044 1643
44803 1644
39597 1646
9033 1647
5228 1648
26957 1650
11413 1651
1133 1652
26564 1654
20172 1655
43844 1658
44367 1659
29191 1662
37258 1663
40750 1666
10883 1668
38465 1669
8649 1670
17521 1672
11156 1673
27806 1675
31102 1676
45268 1678
22864 1679
2022 1681
43097 1682
29548 1684
43281 1685
39535 1687
33627 1688
22660 1690
43499 1691
8672 1693
4326 1694
8348 1696
16609 1697
3217 1699
16094 1700
1029 1701
11689 1702
32807 1703
16726 1704
29800 1706
25837 1707
34031 1708
24714 1710
5971 1711
26377 1712
2054 1713
31910 1715
35621 1716
23394 1717
4730 1718
24546 1719
39325 1720
1415 1721
2819 1722
19853 1723
1876 1724
2534 1725
30341 1726
39297 1727
9327 1728
35875 1729
1267 1730
232 1732
20521 1733
27668 1734
17285 1735
1882 1736
14945 1737
19600 1738
23143 1743
22523 1744
42316 1746
16385 1747
26150 1748
5608 1750
44974 1751
33620 1752
27201 1753
76 1755
411 1756
38051 1758
23709 1759
2703 1761
4202 1762
15971 1764
41528 1765
15280 1766
40233 1767
2314 1768
12099 1769
23220 1770
6229 1771
22303 1773
17133 1774
37794 1775
4318 1776
7148 1778
9652 1779
34569 1780
32692 1781
17783 1782
16432 1783
8429 1786
21179 1787
9585 1788
6750 1789
41502 1791
10130 1792
32579 1794
5537 1795
44032 1796
12483 1798
11718 1799
21167 1801
23893 1802
18650 1804
22517 1805
21728 1807
41127 1808
18282 1810
40285 1811
15778 1812
15295 1814
17206 1815
6206 1818
33348 1819
5270 1820
11443 1822
21521 1825
38500 1826
40120 1827
14561 1829
41551 1830
16694 1831
22404 1832
9893 1833
45115 1834
34243 1835
7805 1836
17257 1837
22102 1838
34976 1840
30188 1841
36360 1842
8598 1844
24255 1845
7654 1846
41769 1847
28996 1850
7929 1852
12273 1853
9210 1854
7371 1855
16148 1857
3779 1859
17317 1860
21371 1861
25252 1862
261 1868
16200 1873
23052 1874
28598 1876
5799 1877
32414 1878
23915 1879
3852 1885
33460 1886
36268 1887
12861 1890
10616 1896
33960 1897
31623 1898
34208 1899
14662 1900
45028 1902
616 1903
8694 1905
18731 1906
33602 1907
43579 1909
17622 1911
42042 1913
13375 1914
33349 1915
14546 1918
14948 1919
10423 1922
24800 1923
28480 1924
19522 1925
43934 1926
19634 1929
40635 1931
23627 1932
36391 1933
38363 1935
1474 1936
37022 1938
11551 1939
33729 1940
26358 1943
41603 1944
27870 1945
37623 1946
42509 1947
2675 1948
8067 1949
5968 1950
38469 1956
14362 1957
29326 1958
20895 1959
35941 1960
39020 1963
37460 1964
38674 1968
37166 1969
4605 1970
34144 1971
24286 1973
35644 1974
36029 1979
32828 1980
9186 1982
44628 1983
30775 1984
34548 1985
5034 1986
43643 1987
5796 1990
20283 1992
29486 1993
21481 1994
2941 1995
35523 1996
5217 1997
20910 1998
