33747 18
39719 19
42621 20
8261 21
26964 24
15733 25
37209 26
11529 27
18490 29
3749 30
42959 33
22421 36
11813 37
2594 39
38029 40
7277 41
10029 45
24718 48
32125 50
30078 51
7654 52
9034 54
17005 55
8858 59
33805 62
8194 63
28226 64
22011 65
6553 66
35305 79
9945 85
5886 91
19228 92
22846 94
10955 95
16095 100
4013 101
3299 104
6576 106
17482 108
18132 111
39701 112
29119 113
31133 115
38963 117
11413 118
4484 123
35999 125
42357 127
6492 128
37016 130
7083 131
17655 132
659 134
39535 136
17917 138
23829 142
16532 145
40457 146
23995 151
17957 152
12700 153
4467 155
33673 156
14844 158
8124 159
37614 161
36250 163
23235 164
10846 165
14371 168
23042 169
5745 170
13904 173
21410 176
38148 177
3230 178
32962 179
34210 180
23607 181
15075 182
43114 183
19459 184
36245 185
11451 187
40832 189
30952 190
27686 194
35326 195
570 196
33802 199
39303 200
14615 201
36853 202
26685 206
7537 207
3470 209
22549 211
5138 214
34599 215
2657 216
6863 217
41956 222
42526 223
40564 224
34661 226
23367 227
37375 229
20810 230
13473 242
43462 243
40169 244
34230 245
28078 246
24333 247
1604 248
21007 250
26253 251
1694 252
22331 253
9000 254
27114 255
30765 261
2107 262
36677 264
27461 266
8280 267
18656 269
23036 270
28273 273
35855 275
13637 277
35243 278
32490 279
15410 286
17200 288
39276 289
194 291
29676 293
35629 294
39741 296
8156 297
34760 301
26962 302
2793 304
8643 305
25494 307
18428 308
1166 312
31525 313
14973 314
36520 316
21976 317
7224 320
36825 321
5161 322
30603 327
26976 330
10655 331
29738 332
32750 334
22520 336
24448 337
16031 339
43031 342
3850 343
40487 344
32678 350
33561 352
20355 353
7247 354
32429 355
18628 356
7349 357
26339 362
35192 368
42184 369
4819 370
32239 371
28769 372
10826 375
22251 376
23483 377
25826 379
42478 380
7405 387
31532 388
17831 390
38627 391
8096 392
2194 393
38215 397
9844 399
10166 400
10577 403
42015 404
22131 406
41057 407
20809 409
10727 410
34640 413
43835 415
33712 416
7458 418
17098 419
38755 424
43428 425
38137 426
23394 427
36582 431
8748 433
38194 434
39969 438
13919 440
22464 442
17391 443
36916 444
23725 445
7673 447
6155 448
4172 457
9455 458
10077 466
19759 467
37946 468
15946 469
2134 470
954 473
12553 474
8166 476
24420 477
42070 478
5309 479
40588 480
15361 481
16641 490
16981 491
36551 492
7796 494
34279 495
44247 496
271 498
21987 499
35964 501
38735 503
5372 504
41215 506
23714 509
41044 511
40695 512
30055 514
37643 515
39400 520
23296 522
9366 523
36552 524
19622 528
34358 529
32548 531
25434 533
33277 534
18288 535
7999 539
12400 541
2807 542
50 546
21279 547
15069 548
39176 549
39984 551
23084 552
38933 562
19717 564
7187 565
33481 566
43066 567
34108 569
12848 570
11379 573
6085 574
14112 575
15963 580
20030 581
31750 583
7647 584
19535 585
33994 587
15383 588
28917 590
8161 596
12434 597
1721 600
12905 601
13608 602
32186 603
3633 606
6125 607
37668 609
36447 610
43498 613
20033 614
21621 616
21541 617
43293 624
15841 625
35637 626
29034 627
35984 628
13103 631
4620 632
9638 633
36569 635
12444 637
16966 638
33794 649
30333 650
27021 651
4872 653
17819 655
5070 656
3403 657
7935 659
25450 661
20668 662
21642 663
41363 664
14282 665
15334 666
31476 670
43659 672
3395 673
2924 681
14800 682
18242 683
31677 685
41302 687
27912 688
30177 692
34479 696
33299 697
11591 700
39974 702
3372 703
38227 704
27613 705
10470 707
36654 708
31557 709
14953 714
35832 715
17612 716
23008 718
43121 721
16897 724
21453 725
32350 726
11710 727
33983 729
28684 730
16623 734
37415 736
22546 737
11662 739
15656 741
18575 742
41282 746
43248 747
44333 748
20628 750
5996 752
6895 753
23715 758
38566 759
26376 763
28732 764
30871 767
37822 769
33510 770
32789 771
6184 774
29824 775
4947 776
41642 777
26050 778
23573 783
30589 784
22997 790
3014 791
40634 792
3468 794
11707 796
24679 797
34817 800
26734 801
42367 802
28182 806
20456 807
27761 808
4682 809
3745 815
31999 816
34743 818
13945 819
23547 820
34652 821
33328 822
42895 826
5211 827
4833 829
42584 831
29186 832
11726 833
37031 838
4949 841
4056 843
35258 844
29470 847
22996 851
37610 852
35688 853
12985 854
44154 856
16160 857
30067 862
42812 863
42605 864
5348 865
22049 869
27756 870
24651 875
21379 876
43501 877
27145 878
34922 880
24418 882
6740 883
9875 884
30663 889
26508 892
37564 893
30915 896
24664 899
26844 900
15562 901
379 902
43030 904
41863 905
10280 909
14597 910
20506 914
12714 916
34971 917
42743 919
11534 920
5036 924
25357 925
43442 927
5063 928
38146 929
41117 933
2177 934
33161 935
34608 939
6784 940
12300 941
41366 942
7210 946
10250 948
10779 949
40576 954
30541 956
4065 958
30894 959
8090 962
3383 963
14009 964
36432 966
34887 967
18067 968
3155 972
5444 973
11708 974
25516 975
17453 981
17933 982
18622 983
23820 989
34624 991
20542 992
39412 993
32173 996
22756 998
212 999
21047 1000
5551 1002
43111 1003
39628 1005
40841 1007
28605 1008
29983 1012
13578 1016
9389 1017
25847 1019
16489 1020
30028 1022
4102 1023
25955 1024
35951 1034
8602 1041
43019 1044
41542 1045
22761 1046
28556 1047
43115 1048
25706 1049
30853 1051
1842 1053
30838 1054
5047 1055
35770 1056
16381 1057
1145 1058
38711 1059
24577 1060
15028 1061
30717 1062
3881 1063
19637 1070
6061 1071
30112 1077
11112 1080
40295 1083
6202 1090
20241 1092
5443 1096
13818 1097
23003 1098
19863 1101
21304 1102
11272 1105
25896 1107
19776 1109
38960 1110
11266 1111
38533 1112
16275 1114
33787 1115
43790 1117
10009 1118
17712 1121
23311 1122
38358 1123
23345 1125
8018 1126
15531 1127
34302 1128
13394 1130
13623 1132
25870 1133
22084 1134
12190 1135
42858 1136
32022 1138
29301 1139
31615 1141
10581 1143
11078 1144
36171 1148
26366 1149
42691 1153
16810 1156
2330 1158
44071 1160
20217 1162
21346 1165
33382 1166
25692 1167
26261 1168
20557 1169
35228 1171
24469 1175
15280 1177
5599 1178
29148 1179
31177 1180
21438 1185
43455 1187
3730 1188
10279 1189
34512 1190
27509 1191
33323 1198
12763 1199
36900 1201
23219 1202
42688 1204
21176 1205
15802 1209
7229 1210
15634 1211
14006 1213
22233 1214
41456 1224
7838 1225
20173 1226
38470 1227
9377 1228
14521 1229
9196 1230
2574 1233
13435 1234
22883 1235
829 1237
6860 1239
7542 1240
5435 1242
33155 1249
36846 1250
19658 1251
32609 1252
2396 1253
29340 1254
21342 1255
41910 1260
24628 1262
24362 1263
10030 1264
24260 1267
1973 1268
19651 1269
4964 1273
21617 1285
27949 1286
22999 1289
10568 1290
40658 1297
15528 1298
39908 1299
9926 1306
7283 1307
1665 1308
43595 1311
9809 1312
23168 1313
24822 1314
4923 1315
17293 1318
29593 1319
23160 1320
33262 1326
23746 1327
3016 1328
28512 1329
28460 1330
26295 1332
18486 1333
683 1337
2400 1338
40081 1342
17620 1345
1765 1346
43717 1348
34079 1349
27250 1351
30652 1352
15022 1354
18277 1355
35034 1364
25976 1365
23713 1366
22749 1367
39250 1368
26184 1373
42484 1375
24897 1376
28116 1378
24942 1379
29754 1381
17909 1382
24829 1384
12651 1385
43326 1388
5013 1389
32473 1390
35249 1394
9767 1395
30323 1396
16323 1399
41430 1400
17809 1401
18004 1402
33259 1404
27525 1406
18744 1407
36132 1409
38780 1410
1400 1411
3512 1412
11017 1413
27141 1414
12346 1415
8184 1416
37775 1417
43221 1418
40781 1419
14320 1421
43327 1422
39981 1436
44021 1440
42232 1441
18238 1442
3281 1443
5049 1444
39462 1445
8569 1446
34469 1449
10521 1450
41201 1451
12542 1454
14278 1455
1165 1456
38482 1457
41025 1458
32323 1465
11024 1466
18143 1467
33661 1468
322 1469
26715 1471
30782 1472
12457 1473
1235 1479
42731 1480
38932 1482
11551 1483
7038 1485
7670 1488
7167 1489
16566 1490
23061 1495
31346 1496
23517 1499
12429 1500
25607 1502
31712 1503
17196 1504
31907 1510
16203 1516
22995 1517
8153 1519
37787 1520
9940 1521
13054 1525
30157 1526
11829 1527
23319 1528
29236 1529
7623 1530
8599 1531
794 1533
38233 1535
9413 1536
411 1538
29017 1540
14275 1541
33048 1546
23422 1547
14124 1551
13319 1555
5094 1556
25585 1557
44014 1558
36784 1563
1578 1564
1218 1565
27864 1566
1506 1571
26409 1572
22701 1573
15458 1578
7025 1580
27998 1581
27526 1582
7264 1588
39216 1589
22497 1592
31631 1593
3769 1595
16519 1596
40218 1599
7634 1601
1787 1602
2486 1606
2271 1608
30659 1609
187 1611
29261 1613
7791 1614
17967 1616
31379 1618
37125 1619
1668 1623
30282 1624
4700 1625
9342 1628
10665 1630
22732 1633
40157 1635
32404 1637
29732 1639
8437 1640
25262 1641
27623 1644
18455 1645
14684 1648
5816 1649
19975 1652
8362 1653
34733 1654
18980 1657
30741 1658
10746 1660
40720 1661
8792 1663
21099 1666
20999 1667
35009 1668
28308 1670
14486 1671
40047 1672
23268 1674
11003 1675
11664 1676
5805 1684
19183 1690
23779 1691
18755 1693
20660 1694
7981 1696
11833 1697
39356 1698
41665 1699
4991 1700
19362 1701
32090 1702
40783 1703
29472 1706
5446 1707
34988 1717
9770 1718
14091 1719
16549 1720
42888 1721
41185 1722
34143 1723
31146 1731
29614 1732
34993 1733
1566 1734
12108 1735
31009 1736
32430 1738
13653 1739
24478 1741
41086 1743
21200 1744
40749 1745
2337 1746
22166 1750
33018 1752
2379 1753
28745 1760
25273 1761
11735 1764
27302 1765
41809 1766
8787 1768
18994 1769
11609 1770
262 1771
8311 1776
30456 1777
35685 1780
18572 1782
43708 1783
20303 1784
10332 1786
36051 1787
35767 1789
24934 1790
16200 1800
41090 1803
33955 1805
12203 1806
9722 1807
11557 1808
12922 1809
14961 1812
30671 1813
37821 1816
41043 1817
41684 1818
34131 1819
18686 1821
11378 1822
40113 1823
20919 1824
18550 1825
4131 1833
2495 1837
42529 1838
2711 1839
32762 1840
654 1841
24786 1842
19927 1843
8663 1844
23846 1846
8001 1848
10129 1849
32577 1853
2788 1855
4820 1858
22518 1861
4293 1862
23005 1866
16950 1867
25383 1868
27081 1869
43737 1870
34189 1871
17440 1876
43805 1877
38928 1878
23955 1880
42875 1881
37319 1883
33850 1885
34511 1886
26812 1894
5430 1898
3344 1900
39738 1901
20612 1902
35940 1903
20076 1904
39414 1905
24668 1907
8056 1909
14557 1910
33076 1913
37794 1914
12291 1916
24780 1917
15342 1921
32453 1925
26671 1926
31856 1927
17152 1929
16980 1930
30742 1934
40883 1935
15009 1937
37666 1939
14487 1940
9069 1942
10048 1943
21657 1947
12583 1949
28559 1950
11215 1952
34191 1953
13371 1954
3952 1955
36969 1957
28568 1958
2794 1963
21321 1966
9406 1967
8837 1968
15400 1969
34042 1970
44427 1971
21592 1974
39203 1975
37502 1977
16792 1978
84 1983
33034 1984
8030 1986
13114 1987
24 1988
26251 1990
31768 1991
38409 1993
22461 1994
40530 1995
3015 1996
12122 1997
12726 1998
