1 2 0.7906389999999999
2 3 0.680973
3 4 0.705465
4 5 0.538976
5 6 0.36159
6 7 31.522364000000003
6 8 30.296115
5 9 0.500502
9 10 0.222844
10 11 0.315175
11 12 0.326674
12 13 0.810878
13 14 27.004402
13 15 26.107098
12 16 0.518058
16 17 23.774829
16 18 0.649158
18 19 1
19 20 1.16998
20 21 1
21 22 1.317348
22 23 1
23 24 1.2458
24 25 1
25 26 1.22956
26 27 0.516588
27 28 1
28 29 0.26423800000000003
29 30 22.414303
29 31 24.58152
28 32 1
32 33 0.37014600000000003
33 34 0.24102300000000002
34 35 0.630059
35 36 21.759118
35 37 0.591007
37 38 22.196627
37 39 23.594475
34 40 21.855048
33 41 21.278098
32 42 1.587146
42 43 0.624632
43 44 19.442251
43 45 0.031271
45 46 0.5244000000000001
46 47 20.403135
46 48 20.853997
45 49 22.873010999999998
42 50 1
50 51 0.785603
51 52 0.791982
52 53 20.938629
52 54 1
54 55 0.997663
55 56 0.127055
56 57 0.943985
57 58 1
58 59 4.052163999999999
59 60 15.508431
59 61 19.070976
58 62 0.659723
62 63 19.163378
62 64 0.275947
64 65 0.10179500000000001
65 66 19.769059
65 67 1
67 68 0.572503
68 69 19.545536
68 70 1
70 71 0.500775
71 72 17.575015999999998
71 73 18.461976
70 74 0.081097
74 75 0.200802
75 76 0.734516
76 77 18.677628
76 78 19.8303
75 79 17.719141
74 80 1
80 81 0.555906
81 82 0.148551
82 83 0.136912
83 84 17.933777
83 85 1
85 86 0.666671
86 87 17.611893000000002
86 88 18.251979
85 89 0.40313600000000005
89 90 1
90 91 0.24336599999999997
91 92 0.43309200000000003
92 93 1
93 94 0.066358
94 95 17.332974
94 96 18.358218
93 97 0.538619
97 98 16.833177
97 99 1
99 100 0.8078500000000001
100 101 0.724184
101 102 1
102 103 1
103 104 0.41002800000000006
104 105 0.258031
105 106 19.088939
105 107 1.046037
107 108 17.475587
107 109 16.42867
104 110 0.204842
110 111 16.417992
110 112 17.73865
103 113 15.080009
102 114 1.379574
114 115 15.409621000000001
114 116 1
116 117 1.002514
117 118 0.165176
118 119 0.09226
119 120 0.10980199999999998
120 121 0.145764
121 122 0.42801
122 123 15.811051
122 124 1
124 125 0.180719
125 126 0.387773
126 127 16.880626000000003
126 128 14.713128000000001
125 129 0.028322999999999997
129 130 0.179505
130 131 0.194796
131 132 15.580084999999999
131 133 16.094811
130 134 0.025218
134 135 0.101884
135 136 0.06318199999999999
136 137 1
137 138 0.563844
138 139 1
139 140 0.128459
140 141 0.027495
141 142 1
142 143 0.245093
143 144 0.057099
144 145 1
145 146 0.31780200000000003
146 147 0.101023
147 148 1
148 149 0.22037900000000002
149 150 0.071715
150 151 1
151 152 0.22229400000000002
152 153 0.071493
153 154 0.034071
154 155 0.07317699999999999
155 156 0.28096000000000004
156 157 15.048796000000001
156 158 13.611578999999999
155 159 13.243815
154 160 1
160 161 0.138174
161 162 0.515803
162 163 13.628803000000001
162 164 12.897362000000001
161 165 0.175377
165 166 0.093889
166 167 0.281965
167 168 14.199819
167 169 15.240363000000002
166 170 0.10748100000000001
170 171 0.389084
171 172 14.122789999999998
171 173 13.690599
170 174 14.132906
165 175 0.011474999999999999
175 176 0.625513
176 177 14.784578000000002
176 178 14.812702
175 179 0.8221269999999999
179 180 13.349189
179 181 14.924803
160 182 0.42315800000000003
182 183 1
183 184 0.016379
184 185 0.08100199999999999
185 186 13.991444999999999
185 187 13.288746000000002
184 188 0.030194
188 189 0.061684
189 190 13.589163000000001
189 191 1
191 192 0.191748
192 193 1
193 194 0.06784
194 195 0.006580999999999999
195 196 1
196 197 0.125138
197 198 1
198 199 0.083534
199 200 1
200 201 0.154563
201 202 0.132542
202 203 0.162395
203 204 12.345023
203 205 0.20777700000000002
205 206 13.474397
205 207 13.427658000000001
202 208 12.696604
201 209 0.33080000000000004
209 210 0.050222
210 211 12.946485
210 212 12.318173999999999
209 213 0.068783
213 214 1
214 215 0.398707
215 216 12.881033
215 217 13.122618
214 218 0.010555
218 219 0.010145999999999999
219 220 1.7480369999999998
220 221 11.39079
220 222 13.873869
219 223 0.05370900000000001
223 224 0.386877
224 225 12.196544
224 226 12.192709
223 227 0.060805
227 228 1
228 229 0.042698
229 230 0.115339
230 231 12.245282
230 232 12.361672
229 233 0.11276000000000001
233 234 0.034914
234 235 12.641844999999998
234 236 12.917366
233 237 0.424227
237 238 11.950507
237 239 12.656445999999999
228 240 0.158759
240 241 1
241 242 0.061958
242 243 0.10478499999999999
243 244 0.094485
244 245 0.151183
245 246 0.155788
246 247 1
247 248 0.17147600000000002
248 249 1
249 250 0.10304699999999999
250 251 0.113372
251 252 0.056382
252 253 0.086258
253 254 0.122923
254 255 0.459212
255 256 10.952846
255 257 12.004325
254 258 11.768829
253 259 0.033152
259 260 0.115449
260 261 0.019199
261 262 11.855802
261 263 0.300547
263 264 2.545298
264 265 9.847168
264 266 9.871234
263 267 13.276002
260 268 0.105748
268 269 11.501338
268 270 1
270 271 0.087412
271 272 0.064003
272 273 0.280115
273 274 11.114501
273 275 11.138949
272 276 0.020414
276 277 0.031528
277 278 0.067563
278 279 0.034827000000000004
279 280 3.7861939999999996
280 281 7.965223000000001
280 282 8.490234000000001
279 283 0.023972
283 284 0.008029000000000001
284 285 0.011838999999999999
285 286 0.015465
286 287 0.020683999999999998
287 288 0.026498999999999998
288 289 0.423166
289 290 10.597779000000001
289 291 11.865938
288 292 12.737651999999999
287 293 0.045886
293 294 0.029742
294 295 0.029316
295 296 0.024581000000000002
296 297 0.069718
297 298 0.01481
298 299 0.049322000000000005
299 300 10.895149
299 301 10.662605
298 302 0.025670000000000002
302 303 0.036188000000000005
303 304 0.011413000000000001
304 305 10.866444
304 306 0.029965
306 307 0.038081
307 308 1
308 309 11.177063
308 310 0.038243
310 311 0.023806
311 312 0.027611999999999998
312 313 0.020022
313 314 0.008031
314 315 0.018292
315 316 0.07205500000000001
316 317 1
317 318 0.088241
318 319 0.026396
319 320 0.045884
320 321 0.009857
321 322 0.31614
322 323 11.37682
322 324 10.458257999999999
321 325 0.009461
325 326 0.235109
326 327 10.350745
326 328 9.974544999999999
325 329 1
329 330 10.391911
329 331 0.055511000000000005
331 332 1
332 333 0.126745
333 334 1
334 335 0.088457
335 336 0.005084
336 337 0.067282
337 338 0.051002000000000006
338 339 1
339 340 0.029800999999999998
340 341 10.124408
340 342 0.014622
342 343 0.09775999999999999
343 344 0.035804
344 345 0.083784
345 346 10.076615
345 347 9.978188000000001
344 348 0.058556000000000004
348 349 0.024708
349 350 0.011733
350 351 0.170216
351 352 0.13042600000000001
352 353 1
353 354 0.06715700000000001
354 355 0.099727
355 356 0.021113999999999997
356 357 1
357 358 0.142536
358 359 0.11846999999999999
359 360 0.145959
360 361 0.10289100000000001
361 362 1
362 363 0.077893
363 364 0.032473
364 365 0.13019
365 366 9.099398
365 367 9.423446
364 368 0.09028900000000001
368 369 0.016578
369 370 9.424387
369 371 9.560542
368 372 0.047362
372 373 0.075768
373 374 1
374 375 0.032174
375 376 0.330676
376 377 1
377 378 9.068328000000001
377 379 0.044324
379 380 0.009997
380 381 0.02706
381 382 0.029019
382 383 0.078551
383 384 0.031379
384 385 0.05358500000000001
385 386 0.082588
386 387 0.032237
387 388 0.021081
388 389 1
389 390 9.060754
389 391 0.054207
391 392 0.080277
392 393 0.10386499999999999
393 394 1
394 395 9.173622
394 396 0.051733
396 397 0.012048
397 398 0.102798
398 399 9.099580999999999
398 400 0.050759000000000006
400 401 0.48236700000000005
401 402 8.465799
401 403 8.11675
400 404 0.020526
404 405 0.034848000000000004
405 406 0.032195999999999995
406 407 0.095344
407 408 0.023742
408 409 0.09347
409 410 1
410 411 0.21104399999999998
411 412 8.47716
411 413 8.488339
410 414 0.021988
414 415 0.23324399999999998
415 416 8.115758000000001
415 417 8.086345999999999
414 418 0.279252
418 419 1
419 420 1
420 421 0.14177700000000001
421 422 0.037396
422 423 8.259716000000001
422 424 0.019776000000000002
424 425 0.35860800000000004
425 426 8.162466
425 427 7.7244969999999995
424 428 1
428 429 0.149955
429 430 1
430 431 0.213832
431 432 1
432 433 0.048853999999999995
433 434 0.153475
434 435 0.10174400000000001
435 436 8.287647
435 437 8.167810000000001
434 438 1
438 439 0.158193
439 440 0.069647
440 441 0.025972000000000002
441 442 0.216867
442 443 7.6679330000000006
442 444 7.469632
441 445 8.132963
440 446 0.030608000000000003
446 447 0.073296
447 448 0.11239799999999998
448 449 7.6532
448 450 7.670802
447 451 7.86168
446 452 1
452 453 0.445602
453 454 0.062918
454 455 0.034082999999999995
455 456 0.08117
456 457 0.09210499999999999
457 458 0.129967
458 459 7.593916
458 460 7.605727
457 461 0.30076
461 462 7.163981
461 463 7.050387
456 464 1
464 465 1
465 466 0.180361
466 467 1
467 468 0.019242000000000002
468 469 0.01881
469 470 0.363526
470 471 1
471 472 0.017029
472 473 0.290293
473 474 1
474 475 1
475 476 0.32490399999999997
476 477 0.028533999999999997
477 478 0.170503
478 479 6.9174869999999995
478 480 7.174907
477 481 1
481 482 8.411235999999999
481 483 0.014752999999999999
483 484 0.08131
484 485 0.37778
485 486 0.042306
486 487 1
487 488 0.035938000000000005
488 489 0.072241
489 490 0.05472199999999999
490 491 0.132692
491 492 0.163308
492 493 6.584377
492 494 6.661461
491 495 0.030456
495 496 0.090385
496 497 0.35884699999999997
497 498 6.369271
497 499 6.338968
496 500 7.045416
495 501 1
501 502 0.17067600000000002
502 503 0.168242
503 504 0.051461
504 505 0.17552600000000002
505 506 0.07404
506 507 6.553454
506 508 6.512614
505 509 6.518886
504 510 0.143594
510 511 0.142951
511 512 6.493485000000001
511 513 6.692366
510 514 6.540625
503 515 1
515 516 0.345446
516 517 1
517 518 0.24840399999999999
518 519 0.044813
519 520 0.042978
520 521 0.19199
521 522 1
522 523 1
523 524 0.013156999999999999
524 525 0.506185
525 526 1
526 527 1
527 528 0.44641000000000003
528 529 1
529 530 0.17957299999999998
530 531 6.342193
530 532 0.15818500000000002
532 533 0.10622699999999999
533 534 0.086995
534 535 1
535 536 0.071009
536 537 0.086896
537 538 6.146817
537 539 6.146813
536 540 0.118612
540 541 0.073409
541 542 1
542 543 6.0321489999999995
542 544 0.335507
544 545 0.040447
545 546 5.689395
545 547 0.364312
547 548 5.300706
547 549 5.364616
544 550 1
550 551 0.10647000000000001
551 552 1
552 553 0.433774
553 554 0.09003499999999999
554 555 0.059461
555 556 1
556 557 0.133339
557 558 0.090987
558 559 1
559 560 0.116918
560 561 0.135634
561 562 0.253084
562 563 5.259698
562 564 5.005915
561 565 5.423793
560 566 5.36209
559 567 5.402925
558 568 0.177489
568 569 1
569 570 0.187313
570 571 1
571 572 1.170887
572 573 1
573 574 0.541846
574 575 0.208706
575 576 1
576 577 5.65323
576 578 0.711115
578 579 0.764536
579 580 4.179097
579 581 4.460949
578 582 0.618778
582 583 1
583 584 4.836883
583 585 0.359954
585 586 1
586 587 0.598628
587 588 0.121659
588 589 0.274866
589 590 3.881915
589 591 3.8816629999999996
588 592 0.17750000000000002
592 593 3.981585
592 594 4.1090029999999995
587 595 0.283367
595 596 3.951796
595 597 3.9750389999999998
586 598 5.150943
585 599 0.554478
599 600 1
600 601 0.093902
601 602 0.312373
602 603 1
603 604 0.220563
604 605 3.504998
604 606 3.449668
603 607 0.023523000000000002
607 608 0.077559
608 609 0.277066
609 610 0.21210199999999998
610 611 0.016915
611 612 3.060271
611 613 2.992217
610 614 3.1147009999999997
609 615 3.249783
608 616 3.5003689999999996
607 617 3.628502
602 618 0.093211
618 619 0.08859099999999999
619 620 0.082997
620 621 3.344162
620 622 3.45018
619 623 0.211027
623 624 3.3227640000000003
623 625 3.205438
618 626 0.107464
626 627 3.863881
626 628 3.574665
601 629 3.977423
600 630 4.106507000000001
599 631 0.22942700000000002
631 632 3.8467189999999998
631 633 3.6999530000000003
582 634 1
634 635 0.037863
635 636 4.727273
635 637 0.424373
637 638 4.264144
637 639 3.990696
634 640 1
640 641 0.209084
641 642 0.31427
642 643 0.333053
643 644 1
644 645 0.22865799999999997
645 646 4.520746
645 647 4.008960999999999
644 648 0.059509000000000006
648 649 0.11470499999999999
649 650 0.250563
650 651 0.15431799999999998
651 652 3.6304719999999997
651 653 3.86211
650 654 0.041047
654 655 4.419727
654 656 0.14263900000000002
656 657 0.112221
657 658 4.150273
657 659 3.450544
656 660 3.472616
649 661 0.329048
661 662 0.050966
662 663 3.5530939999999998
662 664 3.616089
661 665 3.6681449999999995
648 666 0.15314899999999998
666 667 4.252269999999999
666 668 4.057431
643 669 0.54522
669 670 0.27576900000000004
670 671 0.026824
671 672 0.18071199999999998
672 673 1
673 674 0.40140000000000003
674 675 0.139378
675 676 2.6958260000000003
675 677 2.625067
674 678 2.833599
673 679 3.422033
672 680 0.167275
680 681 0.20774399999999998
681 682 0.374574
682 683 2.371717
682 684 0.056158
684 685 2.289855
684 686 2.360701
681 687 2.880628
680 688 2.9556929999999997
671 689 0.015798
689 690 3.4889530000000004
689 691 3.465713
670 692 1
692 693 0.594089
693 694 3.7934959999999998
693 695 0.311465
695 696 0.041454000000000005
696 697 0.542597
697 698 1
698 699 0.252672
699 700 3.793783
699 701 0.790205
701 702 1
702 703 0.339139
703 704 2.220121
703 705 0.16149999999999998
705 706 0.14469400000000002
706 707 0.086733
707 708 0.119571
708 709 0.418839
709 710 0.37794
710 711 1.056505
710 712 0.215307
712 713 0.9545959999999999
712 714 0.903517
709 715 4.403161
708 716 2.486932
707 717 7.273651
706 718 4.0302810000000004
705 719 6.325052
702 720 3.357554
701 721 0.28407699999999997
721 722 0.17107699999999998
722 723 2.023965
722 724 2.320081
721 725 2.053129
698 726 4.522439
697 727 1
727 728 0.532262
728 729 0.185269
729 730 2.334493
729 731 2.264853
728 732 0.099397
732 733 0.38196599999999997
733 734 2.432112
733 735 2.578329
732 736 2.904124
727 737 4.541161
696 738 3.68531
695 739 3.932328
692 740 5.035737
669 741 1
741 742 1
742 743 4.082088
742 744 0.7758160000000001
744 745 0.209704
745 746 0.11981299999999999
746 747 0.07801000000000001
747 748 0.190242
748 749 2.860637
748 750 0.578007
750 751 2.343623
750 752 2.306933
747 753 3.131959
746 754 0.147408
754 755 3.032532
754 756 2.914819
745 757 1
757 758 3.1345549999999998
757 759 0.132339
759 760 0.07223
760 761 3.079806
760 762 3.025328
759 763 3.165021
744 764 0.002444
764 765 0.318929
765 766 3.671482
765 767 3.069525
764 768 3.564647
741 769 0.261085
769 770 3.7031590000000003
769 771 4.114784
642 772 0.23392000000000002
772 773 4.271983
772 774 4.257725
641 775 0.320876
775 776 5.507072
775 777 4.5314309999999995
640 778 5.226322
575 779 0.022976
779 780 0.020959000000000002
780 781 0.11973800000000001
781 782 4.744332
781 783 0.076893
783 784 4.561246
783 785 4.633886
780 786 0.032456
786 787 0.13583
787 788 0.20718799999999998
788 789 4.493984
788 790 4.422897
787 791 4.669516
786 792 4.823148
779 793 0.023358
793 794 0.08312
794 795 4.714199
794 796 0.277833
796 797 4.443556
796 798 4.584455
793 799 4.794465
574 800 0.015858
800 801 0.047259
801 802 5.117333
801 803 5.091413999999999
800 804 0.38134100000000004
804 805 4.688953
804 806 4.841968
573 807 5.665722
572 808 0.159072
808 809 5.123759
808 810 5.255761
571 811 17.400377
570 812 1
812 813 5.7210469999999995
812 814 0.5228189999999999
814 815 0.201995
815 816 4.53558
815 817 4.603788000000001
814 818 4.815409
569 819 0.058773
819 820 5.537452
819 821 0.162796
821 822 0.053014
822 823 4.960031
822 824 0.143643
824 825 4.8391969999999995
824 826 4.8041149999999995
821 827 5.041117
568 828 1
828 829 5.613199
828 830 0.357431
830 831 0.056950999999999995
831 832 0.139908
832 833 0.131849
833 834 4.963114
833 835 4.849216
832 836 4.973051
831 837 5.0907029999999995
830 838 0.191209
838 839 0.198195
839 840 0.28020900000000004
840 841 4.497999
840 842 4.474419
839 843 4.821392
838 844 0.373782
844 845 4.6036470000000005
844 846 4.591485
557 847 0.10248
847 848 0.127935
848 849 0.164901
849 850 5.067462
849 851 5.027731
848 852 5.395664
847 853 0.160866
853 854 5.260443
853 855 5.3476
556 856 5.682898
555 857 1
857 858 0.280956
858 859 0.077528
859 860 0.226192
860 861 5.0972990000000005
860 862 5.054642
859 863 0.146441
863 864 5.196009
863 865 5.412034
858 866 5.484736
857 867 5.791173000000001
554 868 0.054571
868 869 1.123992
869 870 4.514628
869 871 4.402253
868 872 0.38177300000000003
872 873 5.025081
872 874 5.183666
553 875 0.11532300000000001
875 876 6.164561
875 877 5.600473
552 878 6.832049
551 879 0.793464
879 880 5.898649000000001
879 881 5.807959
550 882 0.186385
882 883 5.844513
882 884 5.6871860000000005
541 885 0.019545
885 886 5.895357
885 887 5.8112509999999995
540 888 0.020651
888 889 5.9565
888 890 5.86702
535 891 0.13531400000000002
891 892 6.176836
891 893 6.234942
534 894 0.07162299999999999
894 895 0.042899
895 896 5.825295
895 897 5.822949
894 898 0.407846
898 899 5.492198999999999
898 900 5.51805
533 901 0.039689
901 902 0.19095399999999998
902 903 5.786445
902 904 5.920163
901 905 6.072742
532 906 6.236084
529 907 6.465258
528 908 1
908 909 0.066924
909 910 6.4890680000000005
909 911 0.39526300000000003
911 912 0.200023
912 913 5.602012
912 914 0.336603
914 915 5.348785
914 916 5.316537
911 917 0.171985
917 918 5.788916
917 919 5.510422
908 920 6.704942
527 921 6.429766000000001
526 922 0.051513
922 923 6.675049
922 924 6.450879
525 925 0.048424
925 926 0.025848
926 927 0.148337
927 928 6.210654
927 929 6.082977
926 930 0.19328900000000002
930 931 6.064132
930 932 6.288541
925 933 0.088844
933 934 5.994341
933 935 0.093525
935 936 6.083042000000001
935 937 6.1516090000000005
524 938 6.688415
523 939 7.211334
522 940 0.239583
940 941 6.6961889999999995
940 942 6.429739
521 943 0.070423
943 944 0.104728
944 945 6.346267999999999
944 946 6.302554000000001
943 947 0.266673
947 948 5.961337
947 949 6.214395000000001
520 950 0.24407700000000002
950 951 6.299539
950 952 6.349283
519 953 0.360329
953 954 6.721037000000001
953 955 6.345031
518 956 0.15030200000000002
956 957 6.552746
956 958 6.393794
517 959 0.030403
959 960 7.275709
959 961 7.122109
516 962 0.068963
962 963 0.10003
963 964 6.649888
963 965 0.24570299999999998
965 966 7.1408890000000005
965 967 6.4662120000000005
962 968 7.3415919999999995
515 969 0.20645199999999997
969 970 7.242279999999999
969 971 7.155538999999999
502 972 6.881768000000001
501 973 7.324932
490 974 6.832816
489 975 6.960043000000001
488 976 7.15686
487 977 7.077064
486 978 0.269353
978 979 6.964993999999999
978 980 6.7025429999999995
485 981 0.135736
981 982 7.046362
981 983 6.742239
484 984 7.2375490000000005
483 985 7.470828
476 986 0.143091
986 987 7.071798
986 988 0.066125
988 989 7.159852999999999
988 990 7.054515
475 991 7.5153360000000005
474 992 0.34212499999999996
992 993 7.371856999999999
992 994 7.703697
473 995 1
995 996 0.23279
996 997 0.082909
997 998 7.343895
997 999 6.8704730000000005
996 1000 7.3919
995 1001 7.669201
472 1002 7.922526
471 1003 7.771902999999999
470 1004 0.157752
1004 1005 7.478182
1004 1006 7.473549
469 1007 9.289753000000001
468 1008 7.86431
467 1009 8.033923
466 1010 0.084973
1010 1011 0.115544
1011 1012 7.559858999999999
1011 1013 7.577705999999999
1010 1014 7.391528
465 1015 8.407731
464 1016 0.205606
1016 1017 7.728008999999999
1016 1018 7.533779999999999
455 1019 0.113393
1019 1020 7.576449
1019 1021 7.3752819999999994
454 1022 0.13798
1022 1023 7.940461
1022 1024 7.383541
453 1025 0.016966
1025 1026 0.169129
1026 1027 7.303518
1026 1028 7.278343
1025 1029 0.093558
1029 1030 7.769962
1029 1031 7.741084
452 1032 8.172902
439 1033 0.137957
1033 1034 7.921390000000001
1033 1035 7.652138999999999
438 1036 8.643379
433 1037 8.206576
432 1038 8.315073
431 1039 0.23509
1039 1040 7.947313
1039 1041 8.318026
430 1042 8.382327
429 1043 0.12307900000000001
1043 1044 0.60456
1044 1045 8.271034
1044 1046 9.597893000000001
1043 1047 8.139465
428 1048 8.647375
421 1049 0.032727
1049 1050 0.26109000000000004
1050 1051 7.680859
1050 1052 8.017839
1049 1053 8.221001999999999
420 1054 8.277455
419 1055 2.662781
1055 1056 5.978087
1055 1057 6.374586
418 1058 0.042686999999999996
1058 1059 8.570187
1058 1060 0.141807
1060 1061 9.217487
1060 1062 8.069067
409 1063 0.053825
1063 1064 0.168595
1064 1065 8.402628
1064 1066 8.243572
1063 1067 0.135928
1067 1068 8.431394000000001
1067 1069 8.024063
408 1070 0.063519
1070 1071 8.55892
1070 1072 8.406579
407 1073 0.32767999999999997
1073 1074 8.497515
1073 1075 8.021453000000001
406 1076 0.28306
1076 1077 8.052906
1076 1078 8.275737
405 1079 0.078236
1079 1080 8.5519
1079 1081 8.606021
404 1082 0.21695
1082 1083 8.212176
1082 1084 8.561534
397 1085 9.188517000000001
396 1086 9.068122
393 1087 0.035383000000000005
1087 1088 8.781326
1087 1089 8.312384
392 1090 9.065051
391 1091 9.283097
388 1092 0.080204
1092 1093 8.612612
1092 1094 8.738365
387 1095 0.182628
1095 1096 0.096237
1096 1097 8.824023
1096 1098 8.526955
1095 1099 8.93529
386 1100 0.090631
1100 1101 9.186142
1100 1102 9.008837999999999
385 1103 8.793486
384 1104 9.058119000000001
383 1105 9.392517
382 1106 9.063557
381 1107 9.630288
380 1108 9.181092
379 1109 9.556040000000001
376 1110 0.112973
1110 1111 0.076851
1111 1112 0.246072
1112 1113 8.073971
1112 1114 8.064967000000001
1111 1115 8.681992
1110 1116 0.11619099999999999
1116 1117 0.10393500000000001
1117 1118 8.377419
1117 1119 8.268780000000001
1116 1120 8.283024
375 1121 0.238344
1121 1122 9.390851
1121 1123 9.000629
374 1124 0.291391
1124 1125 0.14546699999999999
1125 1126 9.282881
1125 1127 8.781461
1124 1128 9.378174999999999
373 1129 0.047686
1129 1130 0.095938
1130 1131 0.190669
1131 1132 0.271471
1132 1133 8.520482999999999
1132 1134 8.959554
1131 1135 9.380319
1130 1136 0.204623
1136 1137 10.803714000000001
1136 1138 10.271754
1129 1139 10.072256
372 1140 0.311796
1140 1141 8.835624000000001
1140 1142 9.294001
363 1143 0.18621600000000002
1143 1144 9.235324
1143 1145 9.221802
362 1146 0.159744
1146 1147 8.956688
1146 1148 10.160929000000001
361 1149 0.05896
1149 1150 0.351848
1150 1151 9.403694999999999
1150 1152 9.184942
1149 1153 7.17431
1153 1154 3.388778
1153 1155 3.3522290000000003
360 1156 9.896863999999999
359 1157 0.553564
1157 1158 9.574676
1157 1159 9.809209000000001
358 1160 10.069098
357 1161 10.135239
356 1162 0.238151
1162 1163 9.852051000000001
1162 1164 10.202752
355 1165 0.304286
1165 1166 8.981741
1165 1167 10.003188
354 1168 0.147397
1168 1169 9.459553
1168 1170 9.392984
353 1171 9.636728
352 1172 0.206093
1172 1173 10.282371999999999
1172 1174 9.570364000000001
351 1175 0.141128
1175 1176 9.989514
1175 1177 0.300576
1177 1178 9.350086000000001
1177 1179 9.23855
350 1180 9.990649
349 1181 0.022083000000000002
1181 1182 0.420446
1182 1183 10.053695999999999
1182 1184 9.26351
1181 1185 0.17087999999999998
1185 1186 9.973916
1185 1187 9.811615
348 1188 9.952068
343 1189 0.032711
1189 1190 9.875961
1189 1191 10.11141
342 1192 10.476458
339 1193 10.148278
338 1194 0.061956000000000004
1194 1195 0.126959
1195 1196 9.831849
1195 1197 10.358045
1194 1198 0.601888
1198 1199 9.812751
1198 1200 9.97278
337 1201 0.269635
1201 1202 10.518671
1201 1203 9.671223
336 1204 0.150079
1204 1205 11.135099
1204 1206 0.28650899999999996
1206 1207 9.727081
1206 1208 9.924268
335 1209 0.04883799999999999
1209 1210 10.132444999999999
1209 1211 0.165941
1211 1212 10.350154999999999
1211 1213 9.975136
334 1214 10.353721
333 1215 0.140617
1215 1216 0.10076
1216 1217 10.434135
1216 1218 0.140034
1218 1219 9.93234
1218 1220 11.006036
1215 1221 10.039067
332 1222 0.314896
1222 1223 10.283062
1222 1224 9.974492
331 1225 0.09103699999999999
1225 1226 0.110952
1226 1227 10.376871999999999
1226 1228 9.880682
1225 1229 10.460264
320 1230 0.131073
1230 1231 10.291922000000001
1230 1232 10.033368
319 1233 0.317686
1233 1234 10.606488
1233 1235 9.854505
318 1236 10.966868
317 1237 11.485078999999999
316 1238 0.087905
1238 1239 0.075347
1239 1240 10.804734
1239 1241 10.822233
1238 1242 0.431814
1242 1243 10.124383
1242 1244 0.733514
1244 1245 11.136598000000001
1244 1246 11.820574
315 1247 11.197588999999999
314 1248 10.659296
313 1249 10.495799
312 1250 0.08324
1250 1251 0.275209
1251 1252 10.674086
1251 1253 10.538786
1250 1254 10.194174
311 1255 0.288111
1255 1256 10.588469
1255 1257 10.076653
310 1258 0.07141800000000001
1258 1259 0.010547
1259 1260 10.120474999999999
1259 1261 10.612844
1258 1262 11.146453000000001
307 1263 0.074464
1263 1264 0.43248899999999996
1264 1265 10.199055999999999
1264 1266 10.058498
1263 1267 10.651606
306 1268 0.148664
1268 1269 10.694205
1268 1270 10.449926
303 1271 0.016736
1271 1272 0.361808
1272 1273 10.346762
1272 1274 10.591614
1271 1275 0.361064
1275 1276 10.065414
1275 1277 10.667905
302 1278 10.837865
297 1279 0.017576
1279 1280 0.528759
1280 1281 10.353054
1280 1282 9.972235999999999
1279 1283 0.029845000000000003
1283 1284 0.315796
1284 1285 10.605248
1284 1286 10.745341999999999
1283 1287 10.636864
296 1288 0.21714
1288 1289 10.700835
1288 1290 10.926131
295 1291 11.065703000000001
294 1292 1.3714270000000002
1292 1293 8.91323
1292 1294 11.074141
293 1295 11.145208
286 1296 0.21227500000000002
1296 1297 0.023745
1297 1298 10.316894
1297 1299 11.102671
1296 1300 11.068016
285 1301 0.21216
1301 1302 10.934241
1301 1303 11.389218
284 1304 0.298466
1304 1305 10.581014
1304 1306 10.769575000000001
283 1307 12.173762
278 1308 11.114048
277 1309 0.034595
1309 1310 11.498990000000001
1309 1311 11.246214
276 1312 0.006245
1312 1313 11.040545
1312 1314 1.687802
1314 1315 10.300127
1314 1316 10.228832
271 1317 0.371387
1317 1318 11.224186
1317 1319 10.541442
270 1320 0.083208
1320 1321 0.25053
1321 1322 11.687052000000001
1321 1323 11.910446
1320 1324 11.227315
259 1325 0.231042
1325 1326 0.382233
1326 1327 11.762147
1326 1328 11.906912
1325 1329 12.391721
252 1330 0.256388
1330 1331 11.16012
1330 1332 11.585084
251 1333 0.28874500000000003
1333 1334 12.954932
1333 1335 0.372796
1335 1336 11.893805
1335 1337 12.278509
250 1338 11.794828
249 1339 0.01729
1339 1340 3.195228
1340 1341 9.513976
1340 1342 9.470953
1339 1343 0.20048100000000002
1343 1344 0.29793
1344 1345 0.482771
1345 1346 11.767808
1345 1347 12.621445000000001
1344 1348 0.32102200000000003
1348 1349 14.333612
1348 1350 13.863381
1343 1351 0.6150209999999999
1351 1352 11.585884
1351 1353 12.875850999999999
248 1354 12.117068
247 1355 0.054
1355 1356 12.139808
1355 1357 12.177048
246 1358 12.340364
245 1359 0.11661899999999999
1359 1360 12.063763
1359 1361 12.036406
244 1362 0.006834999999999999
1362 1363 11.578126
1362 1364 0.509082
1364 1365 11.786204999999999
1364 1366 12.386108
243 1367 0.097449
1367 1368 12.040381
1367 1369 12.931107
242 1370 0.002409
1370 1371 0.52268
1371 1372 12.083117
1371 1373 12.378618
1370 1374 12.548729999999999
241 1375 0.36662100000000003
1375 1376 12.545438
1375 1377 12.134252
240 1378 13.799863000000002
227 1379 0.089303
1379 1380 12.298929
1379 1381 12.892308
218 1382 0.003145
1382 1383 13.298843
1382 1384 13.527856
213 1385 13.10315
200 1386 0.17774399999999999
1386 1387 0.254892
1387 1388 0.479962
1388 1389 13.867280000000001
1388 1390 14.560985
1387 1391 14.903377
1386 1392 0.3387
1392 1393 0.10838899999999999
1393 1394 13.461236
1393 1395 13.894851999999998
1392 1396 0.23529100000000003
1396 1397 14.117525
1396 1398 13.086858000000001
199 1399 0.24806199999999998
1399 1400 12.778146000000001
1399 1401 13.151213
198 1402 0.16167399999999998
1402 1403 0.078333
1403 1404 13.355744
1403 1405 13.170422
1402 1406 12.923051
197 1407 13.040968999999999
196 1408 1
1408 1409 0.297949
1409 1410 14.342600999999998
1409 1411 0.47325700000000004
1411 1412 13.602921000000002
1411 1413 15.057454
1408 1414 0.207573
1414 1415 14.138523
1414 1416 13.751401999999999
195 1417 12.874085
194 1418 0.7048439999999999
1418 1419 12.197116
1418 1420 13.435951
193 1421 0.184915
1421 1422 0.17400600000000002
1422 1423 14.908937
1422 1424 14.92471
1421 1425 13.183207999999999
192 1426 13.081818
191 1427 0.09342400000000001
1427 1428 13.348375
1427 1429 14.007712999999999
188 1430 0.35873900000000003
1430 1431 12.630614000000001
1430 1432 13.820640000000001
183 1433 0.314668
1433 1434 13.643282000000001
1433 1435 13.183417
182 1436 14.152873
153 1437 0.26355100000000004
1437 1438 13.026687
1437 1439 14.177696000000001
152 1440 0.29622
1440 1441 0.5393519999999999
1441 1442 13.292283
1441 1443 14.597643
1440 1444 0.053201
1444 1445 0.160066
1445 1446 13.231933000000001
1445 1447 13.369232
1444 1448 12.991316999999999
151 1449 0.09958600000000001
1449 1450 0.899816
1450 1451 14.082711
1450 1452 3.1909180000000004
1452 1453 12.561968
1452 1454 13.219069999999999
1449 1455 0.38022300000000003
1455 1456 14.831242
1455 1457 0.362739
1457 1458 15.211584
1457 1459 14.780121
150 1460 14.932671000000001
149 1461 0.5251330000000001
1461 1462 12.740282
1461 1463 14.312757000000001
148 1464 0.074576
1464 1465 0.20651100000000003
1465 1466 14.271882
1465 1467 0.686166
1467 1468 15.667819
1467 1469 14.244809
1464 1470 13.948926
147 1471 0.317836
1471 1472 14.852331999999999
1471 1473 16.015632
146 1474 14.1928
145 1475 0.141447
1475 1476 0.146406
1476 1477 0.44513199999999997
1477 1478 0.117016
1478 1479 0.227408
1479 1480 14.996837
1479 1481 15.074042000000002
1478 1482 14.374737000000001
1477 1483 15.464751
1476 1484 3.15936
1484 1485 14.256303
1484 1486 6.699458
1486 1487 8.783779
1486 1488 9.93666
1475 1489 0.030504000000000003
1489 1490 2.492712
1490 1491 14.884136
1490 1492 15.424843999999998
1489 1493 13.948353999999998
144 1494 0.659374
1494 1495 13.913357000000001
1494 1496 14.053198
143 1497 0.23730700000000002
1497 1498 14.552198999999998
1497 1499 13.953343000000002
142 1500 0.050251
1500 1501 0.279491
1501 1502 0.254718
1502 1503 0.60896
1503 1504 14.983904
1503 1505 16.125097
1502 1506 15.148093000000001
1501 1507 0.26868000000000003
1507 1508 14.228416999999999
1507 1509 14.82068
1500 1510 13.994217
141 1511 0.29718700000000003
1511 1512 14.730813000000001
1511 1513 15.260892
140 1514 0.41233800000000004
1514 1515 15.248749
1514 1516 14.269934000000001
139 1517 0.14971500000000001
1517 1518 0.305668
1518 1519 14.60244
1518 1520 14.837741
1517 1521 15.803113999999999
138 1522 0.643009
1522 1523 15.075190999999998
1522 1524 14.051934
137 1525 0.444066
1525 1526 1
1526 1527 0.658581
1527 1528 0.25971700000000003
1528 1529 0.036247999999999996
1529 1530 0.206693
1530 1531 16.009867
1530 1532 0.255168
1532 1533 0.218279
1533 1534 16.989178
1533 1535 15.914985000000001
1532 1536 0.076165
1536 1537 0.461823
1537 1538 0.303894
1538 1539 16.881318
1538 1540 18.465830999999998
1537 1541 18.58356
1536 1542 16.769033
1529 1543 0.20730300000000002
1543 1544 15.206902999999999
1543 1545 16.467993
1528 1546 0.063135
1546 1547 0.43500300000000003
1547 1548 0.492217
1548 1549 18.806188
1548 1550 17.144188
1547 1551 15.696876000000001
1546 1552 15.851588
1527 1553 16.459734
1526 1554 14.792562
1525 1555 1
1555 1556 0.34587900000000005
1556 1557 0.383558
1557 1558 15.458522
1557 1559 15.169289999999998
1556 1560 0.23972400000000002
1560 1561 16.465223
1560 1562 16.521709
1555 1563 14.915273000000001
136 1564 0.46949599999999997
1564 1565 0.311878
1565 1566 13.890353999999999
1565 1567 16.418627
1564 1568 15.647583000000001
135 1569 0.22223299999999999
1569 1570 15.509271
1569 1571 0.166044
1571 1572 15.748024999999998
1571 1573 15.926871
134 1574 0.603278
1574 1575 14.202038
1574 1576 15.631609
129 1577 1
1577 1578 0.76737
1578 1579 15.030980999999999
1578 1580 15.516977
1577 1581 15.756063000000001
124 1582 0.7444219999999999
1582 1583 15.377384
1582 1584 16.950271
121 1585 14.895671
120 1586 16.028192
119 1587 16.043343
118 1588 15.570302
117 1589 16.284182
116 1590 1
1590 1591 0.454014
1591 1592 11.497760999999999
1592 1593 6.584699
1592 1594 6.5412289999999995
1591 1595 1.108493
1595 1596 0.134858
1596 1597 14.802371
1596 1598 15.905394000000001
1595 1599 2.647602
1599 1600 5.071817
1600 1601 8.854323
1601 1602 52.993378
1601 1603 38.274422
1600 1604 21.125169
1599 1605 47.824207
1590 1606 0.642123
1606 1607 0.054256
1607 1608 1
1608 1609 0.438589
1609 1610 0.194434
1610 1611 16.632154
1610 1612 18.629258
1609 1613 18.606132
1608 1614 16.413616
1607 1615 1
1615 1616 0.63675
1616 1617 0.430732
1617 1618 0.824201
1618 1619 1.8185010000000001
1619 1620 61.906817999999994
1619 1621 20.216117
1618 1622 18.385977
1617 1623 17.365141
1616 1624 0.565414
1624 1625 17.511585
1624 1626 17.835564
1615 1627 16.230328999999998
1606 1628 1
1628 1629 1
1629 1630 0.70617
1630 1631 17.807292999999998
1630 1632 17.797724000000002
1629 1633 0.491874
1633 1634 0.260687
1634 1635 17.656654
1634 1636 8.131024
1636 1637 10.595117
1636 1638 11.938851
1633 1639 0.061837
1639 1640 1.48898
1640 1641 6.962923
1641 1642 12.683985999999999
1641 1643 12.949081000000001
1640 1644 0.533386
1644 1645 0.494878
1645 1646 15.469138
1646 1647 7.657089
1646 1648 7.978991000000001
1645 1649 21.814559
1644 1650 1.7586000000000002
1650 1651 0.074307
1651 1652 4.338484
1652 1653 17.740741
1652 1654 18.296250999999998
1651 1655 24.488572
1650 1656 0.945452
1656 1657 22.06187
1656 1658 26.158782000000002
1639 1659 0.858161
1659 1660 17.630225
1659 1661 18.667278
1628 1662 0.076643
1662 1663 0.48564
1663 1664 19.054270000000002
1663 1665 17.243233
1662 1666 17.621304
101 1667 0.155866
1667 1668 17.99003
1667 1669 15.662793
100 1670 0.690145
1670 1671 0.805348
1671 1672 20.334382
1671 1673 16.838755
1670 1674 17.43913
99 1675 1
1675 1676 0.678859
1676 1677 0.17219399999999999
1677 1678 2.0141869999999997
1678 1679 21.100185
1678 1680 21.572961
1677 1681 0.311031
1681 1682 19.691022
1681 1683 19.630346000000003
1676 1684 20.383396
1675 1685 17.829153
92 1686 17.209357
91 1687 0.21152300000000002
1687 1688 17.015743999999998
1687 1689 16.888513
90 1690 0.28787399999999996
1690 1691 17.805201
1690 1692 17.029149
89 1693 18.985981
82 1694 0.263897
1694 1695 18.963924
1694 1696 17.159794
81 1697 18.307456
80 1698 1
1698 1699 19.958534999999998
1698 1700 0.309165
1700 1701 0.074786
1701 1702 17.871486
1701 1703 1.127175
1703 1704 18.075952
1703 1705 22.715411999999997
1700 1706 0.22140100000000001
1706 1707 1.715424
1707 1708 20.387812
1707 1709 20.869321
1706 1710 18.12866
67 1711 0.1637
1711 1712 0.09554599999999999
1712 1713 17.221769000000002
1712 1714 18.469423
1711 1715 19.498941
64 1716 19.912115
57 1717 20.790724
56 1718 0.52821
1718 1719 0.673217
1719 1720 22.465714000000002
1719 1721 23.724758
1718 1722 19.974104
55 1723 0.6288969999999999
1723 1724 20.178652
1723 1725 18.961123999999998
54 1726 1
1726 1727 22.105173
1726 1728 1.0080230000000001
1728 1729 0.136244
1729 1730 0.802246
1730 1731 21.589299
1730 1732 20.798374
1729 1733 22.316653
1728 1734 0.100607
1734 1735 0.69449
1735 1736 0.7582570000000001
1736 1737 24.438681000000003
1736 1738 0.32448899999999997
1738 1739 0.392555
1739 1740 2.19081
1740 1741 26.977699
1740 1742 26.795676
1739 1743 24.422761
1738 1744 23.825081
1735 1745 23.259628
1734 1746 23.497263
51 1747 0.600668
1747 1748 22.552879
1747 1749 21.857478999999998
50 1750 1
1750 1751 0.351929
1751 1752 0.530883
1752 1753 23.193945999999997
1752 1754 19.193727
1751 1755 0.09839200000000001
1755 1756 20.968844999999998
1755 1757 23.441513
1750 1758 1
1758 1759 0.20493999999999998
1759 1760 21.056237
1759 1761 21.047105
1758 1762 0.749748
1762 1763 1
1763 1764 0.710417
1764 1765 0.726387
1765 1766 23.414703
1765 1767 20.025341
1764 1768 22.379863
1763 1769 21.249559
1762 1770 2.120815
1770 1771 1
1771 1772 0.50574
1772 1773 1.4638170000000001
1773 1774 0.338677
1774 1775 1
1775 1776 0.330172
1776 1777 0.18733
1777 1778 0.196939
1778 1779 1.993256
1779 1780 1
1780 1781 23.815021
1780 1782 1.80261
1782 1783 26.802942
1782 1784 0.141181
1784 1785 0.248013
1785 1786 1.211048
1786 1787 2.191483
1787 1788 0.024496
1788 1789 38.303099
1788 1790 0.9921559999999999
1790 1791 1.207159
1791 1792 37.072592
1791 1793 34.366775
1790 1794 3.124513
1794 1795 1.768651
1795 1796 38.438464
1795 1797 43.52912
1794 1798 37.078132000000004
1787 1799 0.359281
1799 1800 0.9060280000000001
1800 1801 3.5675890000000003
1801 1802 35.428548
1801 1803 43.78742
1800 1804 38.405022
1799 1805 33.993054
1786 1806 28.578818000000002
1785 1807 31.290436
1784 1808 26.15393
1779 1809 0.5108579999999999
1809 1810 0.83138
1810 1811 27.247353
1810 1812 32.51172
1809 1813 27.774935
1778 1814 25.040798
1777 1815 25.777685
1776 1816 26.796661999999998
1775 1817 27.081528
1774 1818 0.728119
1818 1819 24.413853
1818 1820 27.067660999999998
1773 1821 0.46746499999999996
1821 1822 0.391672
1822 1823 24.495808999999998
1822 1824 24.761262000000002
1821 1825 27.981534000000003
1772 1826 21.594953
1771 1827 25.588283
1770 1828 2.447361
1828 1829 1
1829 1830 0.746374
1830 1831 24.435699
1830 1832 0.46272500000000005
1832 1833 0.948275
1833 1834 1.634541
1834 1835 1
1835 1836 2.328682
1836 1837 1
1837 1838 0.41917200000000004
1838 1839 1.84392
1839 1840 1
1840 1841 1.9854009999999997
1841 1842 0.8448000000000001
1842 1843 1
1843 1844 30.923869
1843 1845 2.6428920000000002
1845 1846 0.207202
1846 1847 1
1847 1848 1.695081
1848 1849 0.277773
1849 1850 2.60192
1850 1851 37.802186999999996
1850 1852 42.018024999999994
1849 1853 0.484666
1853 1854 2.910227
1854 1855 43.067047
1854 1856 35.399309
1853 1857 46.927752
1848 1858 37.98288
1847 1859 34.011332
1846 1860 1.3623390000000002
1860 1861 0.574576
1861 1862 2.632868
1862 1863 33.80363
1862 1864 0.8583270000000001
1864 1865 44.604225
1864 1866 44.963718
1861 1867 40.852486999999996
1860 1868 35.875318
1845 1869 1.275185
1869 1870 43.068006
1869 1871 36.903904999999995
1842 1872 0.29562299999999997
1872 1873 0.9939899999999999
1873 1874 1.83019
1874 1875 33.584309000000005
1874 1876 1.526244
1876 1877 33.816193999999996
1876 1878 38.59291
1873 1879 35.450094
1872 1880 31.767394
1841 1881 2.069939
1881 1882 32.160101000000004
1881 1883 31.269455
1840 1884 30.648104999999997
1839 1885 1
1885 1886 1.060689
1886 1887 0.13159700000000002
1887 1888 2.064579
1888 1889 29.468151
1888 1890 37.804785
1887 1891 29.196119
1886 1892 2.456765
1892 1893 46.042412
1892 1894 35.152383
1885 1895 27.995314
1838 1896 35.168343
1837 1897 26.84628
1836 1898 0.556598
1898 1899 2.159701
1899 1900 53.637632
1899 1901 35.258809
1898 1902 7.282139
1902 1903 43.256248
1902 1904 2.562135
1904 1905 41.45592
1904 1906 41.761952
1835 1907 26.282524000000002
1834 1908 0.750478
1908 1909 32.61286
1908 1910 28.594412000000002
1833 1911 26.367279
1832 1912 25.492713000000002
1829 1913 25.818213
1828 1914 1
1914 1915 0.9416860000000001
1915 1916 0.19419999999999998
1916 1917 24.305278
1916 1918 0.722136
1918 1919 27.98571
1918 1920 29.300748
1915 1921 0.29884299999999997
1921 1922 1
1922 1923 25.537357
1922 1924 0.687617
1924 1925 0.322681
1925 1926 25.358615
1925 1927 11.078733
1927 1928 40.160537000000005
1927 1929 44.484632000000005
1924 1930 0.497315
1930 1931 1
1931 1932 31.314439999999998
1931 1933 1.6334950000000001
1933 1934 0.047323
1934 1935 4.498483
1935 1936 44.202855
1935 1937 3.793058
1937 1938 35.474755
1937 1939 40.199447
1934 1940 34.078167
1933 1941 8.175654
1941 1942 29.711523
1941 1943 29.928041999999998
1930 1944 0.590597
1944 1945 0.9301769999999999
1945 1946 32.716582
1945 1947 1.585041
1947 1948 36.111900000000006
1947 1949 27.06771
1944 1950 28.592727
1921 1951 0.406293
1951 1952 27.822658999999998
1951 1953 4.66127
1953 1954 20.66057
1953 1955 24.338314
1914 1956 0.83338
1956 1957 29.196944000000002
1956 1958 24.024472
27 1959 22.666818
26 1960 0.093625
1960 1961 21.719098
1960 1962 22.984924
25 1963 0.696793
1963 1964 23.399458
1963 1965 22.199056
1965 1966 1.259458
1965 1967 1.233504
24 1968 22.634147
23 1969 0.370803
1969 1970 21.321585000000002
1969 1971 24.469518
22 1972 24.085781
21 1973 1.171178
1973 1974 24.12473
1973 1975 31.896894999999997
20 1976 22.152746
19 1977 0.052638000000000004
1977 1978 23.84666
1977 1979 25.201966999999996
18 1980 24.578325
11 1981 25.616791
10 1982 27.319329999999997
9 1983 0.145582
1983 1984 28.645376
1983 1985 25.127999000000003
4 1986 0.14299499999999998
1986 1987 25.155845999999997
1986 1988 28.175644
3 1989 29.05451
2 1990 0.611062
1990 1991 28.112303
1990 1992 27.681539
1 1993 1.577934
1993 1994 34.097139999999996
1993 1995 2.9565129999999997
1995 1996 38.879827999999996
1995 1997 37.959283
1 1998 30.142447999999998
