28727 7
28344 8
19002 14
21259 15
21164 17
28978 30
28102 31
1055 36
6113 38
25519 39
20754 40
16791 41
20677 44
25560 47
30500 48
21471 49
10597 53
16801 60
30887 61
15945 63
29462 66
16594 69
27415 72
17437 73
15361 77
29789 78
15933 79
15659 84
28697 87
28990 88
28050 95
26259 96
29816 98
14167 106
7330 108
24409 109
29220 111
15175 112
20384 113
31417 115
11625 123
15990 127
12305 128
16532 132
28126 133
6968 157
6472 158
30265 159
15074 163
21172 164
6778 168
15457 169
28468 172
6831 173
29218 174
7384 177
15847 178
24507 180
1752 181
3855 186
5049 187
9565 190
23593 204
24535 206
10970 207
21064 208
15536 211
16933 212
11020 216
8354 217
6258 221
4157 222
20397 225
9593 226
3388 231
1946 232
26527 235
10399 236
29867 238
10353 239
13792 256
11631 257
3481 258
18508 262
26697 265
4552 266
13267 267
22163 269
19032 274
15045 275
10263 281
14024 282
22007 290
1424 291
16488 292
26811 300
21038 301
30773 305
27859 309
20682 323
21768 324
23298 327
5777 328
25992 330
23656 341
30578 346
23209 347
28016 366
11269 367
5631 370
18913 371
21822 378
15005 390
19387 395
23904 399
13671 402
3015 403
10861 412
15880 413
21739 416
7842 417
18612 423
13458 426
21130 427
9658 436
13757 437
1329 443
20544 444
11339 445
1044 449
20393 450
31063 451
9184 459
26427 460
9933 462
710 463
15016 479
28725 480
10335 482
23285 493
13395 494
28132 498
21376 499
28645 500
28343 507
18241 508
18992 509
3034 512
20423 513
22781 514
2380 531
20158 538
24136 539
30526 543
26057 546
26822 548
23799 549
6662 563
27142 564
22764 565
27828 566
31516 567
29398 577
6215 580
25066 581
16127 584
24397 590
17001 591
24498 593
11962 594
4035 596
27904 597
30417 598
8959 605
3617 606
23235 612
1021 613
13266 614
13847 615
15154 616
15419 617
27083 621
18063 622
10815 624
27240 625
31414 627
14047 628
302 629
7441 630
13929 632
17773 633
26696 636
12600 638
26844 639
31450 646
25256 647
8908 652
29231 653
19225 655
11201 658
28280 659
19850 660
10769 663
22221 664
24511 665
20199 667
14878 668
24104 676
26192 677
25932 678
6129 679
30208 683
17676 685
13597 686
11105 687
19218 688
3234 690
10022 691
5542 694
25467 700
26436 704
8849 711
27938 713
10508 714
5339 715
27565 716
17903 717
21684 718
15735 719
19787 720
12822 723
16131 724
5178 725
13000 726
24220 730
5516 731
24456 734
21873 735
25719 736
13120 737
6511 738
20842 739
17586 740
29510 743
20736 749
14513 751
14612 752
29169 753
12309 755
30394 756
28700 758
9777 761
10321 762
17295 763
25892 766
5168 767
26646 768
750 770
20390 771
14376 773
15547 774
4809 776
29336 777
6696 778
9594 782
25099 784
31098 785
28846 789
10601 790
900 791
27693 792
22454 795
21181 797
26798 798
12925 799
1170 802
6873 803
10329 805
25338 806
5715 807
14316 809
6470 810
14172 811
6048 813
3358 816
18377 817
21258 818
11232 820
25577 823
5788 825
1098 826
2261 827
3012 829
14138 834
11029 835
29488 836
20678 837
15291 841
14747 842
17425 843
22584 845
11171 846
12873 850
15582 851
25460 852
24966 854
284 855
25443 856
798 861
24586 862
22375 864
23812 865
9628 866
30807 867
2386 870
25109 871
28940 873
30605 874
17444 876
25447 877
24646 878
6771 880
5694 881
21914 883
11729 884
22926 886
28481 887
26176 889
3612 890
26913 892
3490 893
7904 896
20749 897
4094 899
23168 900
1680 903
26788 904
27716 905
27171 906
24068 907
10513 910
4536 913
22492 915
15043 916
6111 918
10303 919
28308 920
15100 921
19353 923
30519 924
16099 928
2043 929
31246 931
11923 932
10537 934
30729 936
9454 937
14530 938
10421 939
21031 941
11533 942
2986 945
20287 946
11081 948
6106 949
25518 951
2369 952
8503 954
9605 955
5326 957
1454 958
18295 960
31164 961
24821 964
31383 966
20748 967
1897 968
19243 970
21920 971
14199 972
26652 973
14480 974
13100 975
14754 976
28951 977
20904 979
27983 980
6383 982
483 983
28382 984
22118 985
735 987
18382 989
22488 990
2504 991
25357 993
12936 994
17365 998
14119 999
6413 1000
31024 1001
22664 1002
8593 1003
11341 1005
3646 1006
794 1007
27509 1008
22290 1009
30218 1012
8176 1013
1285 1014
10361 1015
5658 1017
436 1018
19316 1020
16854 1021
31523 1023
12000 1024
28451 1027
6504 1028
2436 1030
14224 1031
12589 1032
23212 1034
64 1035
4926 1036
10251 1037
7372 1038
23896 1040
12106 1041
26809 1042
25609 1045
26852 1046
25733 1047
30465 1048
22736 1051
14916 1052
13933 1053
14492 1054
27405 1056
3844 1057
10393 1059
7263 1061
2364 1062
9060 1065
26965 1066
8606 1068
17572 1069
24492 1071
17474 1072
21166 1074
14753 1075
30225 1077
22442 1078
2316 1080
15533 1081
18932 1083
11319 1084
8964 1085
6390 1086
11823 1088
23091 1089
20885 1090
28891 1091
2002 1093
2247 1094
6479 1097
7642 1098
5561 1099
29788 1101
16282 1102
26086 1103
15670 1104
27886 1105
11419 1106
25571 1107
26330 1108
20221 1109
30442 1113
17038 1114
21240 1115
11246 1118
445 1119
29900 1120
11291 1122
12429 1123
19771 1126
9129 1127
2880 1128
1741 1133
21974 1134
10868 1135
28161 1137
28860 1138
21382 1139
26966 1141
4484 1142
8069 1144
5286 1145
28106 1147
8000 1148
12167 1151
11510 1152
11283 1154
6749 1155
24529 1156
14438 1158
16662 1159
29694 1160
12538 1161
8185 1163
24209 1164
871 1166
13269 1167
7506 1169
1708 1170
1570 1171
17173 1173
22961 1174
3949 1176
11164 1178
15049 1179
2950 1180
13450 1183
17832 1184
9163 1186
19369 1187
13906 1188
3998 1190
6620 1191
11969 1192
15334 1193
24797 1196
28518 1197
3155 1199
24421 1200
22698 1202
18236 1203
12082 1205
5083 1207
6381 1208
27244 1210
6560 1212
28309 1213
5201 1214
5969 1217
8306 1219
28584 1220
22632 1221
17878 1223
7537 1224
7122 1227
17397 1228
297 1229
18710 1231
8274 1232
10134 1234
1721 1235
29927 1236
18902 1237
12421 1240
5635 1241
17421 1243
12999 1245
18739 1246
1795 1247
31254 1248
2485 1249
30990 1252
28625 1253
4899 1254
7710 1256
20485 1257
7123 1260
29082 1261
14188 1262
18995 1265
21270 1266
3721 1267
5354 1269
19193 1270
29165 1273
5464 1274
24962 1276
22404 1277
10066 1278
30172 1281
1977 1282
15382 1285
1518 1286
3306 1287
12913 1289
5485 1290
28750 1291
29259 1293
10452 1294
28444 1295
944 1298
19016 1299
7474 1300
30039 1302
15343 1303
5610 1305
22498 1306
14956 1307
22220 1308
8600 1310
29527 1311
3711 1313
5960 1315
3483 1316
17350 1318
6813 1319
26038 1322
29250 1323
22274 1324
8442 1327
1826 1328
18043 1329
21962 1331
23686 1332
29187 1334
19569 1336
2057 1337
7886 1338
5182 1341
2363 1342
6248 1346
13162 1347
27498 1349
14952 1350
17989 1352
9618 1353
518 1354
7345 1356
2980 1357
22820 1358
28541 1360
1547 1361
25887 1363
23354 1365
8546 1366
14071 1368
15417 1369
18327 1372
7583 1373
24293 1374
10972 1376
27039 1377
16237 1378
3549 1380
9003 1381
7543 1383
27167 1384
25464 1385
25472 1389
1377 1390
20819 1391
15519 1394
1907 1395
14243 1397
6597 1398
8943 1400
22074 1401
4782 1404
14748 1405
5716 1406
19165 1407
23795 1410
10008 1412
23090 1413
30071 1415
31076 1416
17604 1417
8385 1419
26549 1420
12290 1423
10708 1424
29741 1425
5472 1426
19257 1428
9473 1429
16316 1431
23318 1432
25810 1434
16084 1435
27148 1436
20615 1438
2357 1439
26132 1442
11770 1443
4183 1446
14023 1447
23401 1448
21949 1451
31025 1453
24579 1454
17667 1456
24023 1458
8096 1459
6439 1460
9526 1462
5828 1463
22360 1466
3228 1468
4009 1469
27676 1470
16843 1472
22604 1473
20124 1474
5778 1480
21213 1481
7787 1482
22199 1483
18053 1485
6681 1487
2850 1488
9538 1491
16848 1492
14832 1493
989 1495
1342 1496
29560 1498
6316 1499
22208 1504
21969 1505
3851 1506
1325 1508
10418 1509
20174 1510
28643 1512
30670 1513
9036 1515
25727 1516
18441 1519
4349 1520
28431 1521
2774 1523
21381 1524
10187 1531
10247 1534
8985 1535
12336 1539
26151 1540
7225 1541
6313 1542
3492 1544
17786 1545
5731 1549
30266 1550
20732 1551
4821 1552
7693 1553
14448 1554
11300 1558
28407 1559
28592 1561
13605 1562
9260 1563
17243 1566
15787 1567
15962 1568
22665 1570
29739 1572
3373 1573
23105 1575
20071 1576
325 1579
787 1580
30735 1581
24906 1583
789 1584
13519 1585
28073 1586
3237 1587
7429 1588
11321 1589
25137 1593
31420 1594
20813 1597
31278 1598
7550 1602
10402 1603
24984 1604
9041 1605
9976 1611
21880 1612
14946 1613
3148 1614
26866 1620
3943 1621
17717 1622
19664 1623
31349 1625
25573 1626
3318 1627
2174 1631
187 1632
16641 1635
26198 1637
25106 1638
10907 1642
2125 1643
22346 1647
7106 1648
29149 1649
11271 1653
17664 1654
20629 1655
3177 1657
13174 1658
22792 1660
20681 1661
12700 1664
7226 1665
15879 1666
13719 1668
26694 1669
17433 1672
26254 1673
12887 1674
13911 1679
14989 1680
30880 1682
9713 1683
20219 1684
2259 1685
16814 1686
2089 1688
31177 1689
20946 1691
2592 1692
3493 1693
31342 1695
5585 1696
18779 1697
9296 1699
235 1702
10378 1704
29831 1705
13945 1708
8970 1709
23232 1710
23705 1713
27376 1714
25882 1715
10727 1716
31324 1717
27746 1720
20337 1721
20231 1722
6577 1724
6804 1725
6305 1727
21226 1731
3567 1732
10568 1733
18740 1737
8711 1741
29948 1742
11357 1743
12442 1744
23161 1745
10888 1746
23597 1748
5713 1749
26736 1753
31456 1754
19665 1756
7965 1757
23556 1760
11398 1761
1560 1766
29117 1767
29763 1768
2977 1769
15896 1781
26288 1783
21720 1789
7022 1792
30494 1793
5270 1796
13015 1797
8768 1798
3047 1802
18723 1803
10265 1804
27375 1805
16135 1806
4986 1807
18067 1808
21890 1811
14349 1812
9999 1813
20271 1814
19030 1815
9314 1816
26127 1817
18824 1819
12220 1820
28789 1823
17934 1824
12223 1825
24485 1826
12730 1827
7052 1831
2842 1844
18563 1851
11540 1852
28920 1855
9728 1856
23788 1857
13817 1858
6902 1859
13504 1863
14739 1865
20146 1866
11158 1867
23851 1868
10211 1870
618 1871
9927 1875
16982 1877
17189 1878
18256 1879
21637 1880
6060 1882
717 1883
16039 1884
23108 1889
19378 1890
16623 1891
5307 1893
14726 1894
29170 1895
8975 1896
26558 1897
4802 1900
30354 1901
15887 1903
19102 1905
29675 1906
16518 1907
30580 1909
9897 1910
13924 1911
321 1912
19327 1913
23143 1917
30668 1919
15742 1920
27653 1923
17935 1926
24067 1928
22716 1929
29991 1932
7799 1936
3000 1938
6775 1939
4804 1940
4160 1942
17688 1943
29386 1946
13943 1948
29062 1949
27194 1950
24128 1952
4848 1954
30259 1955
6919 1957
28696 1958
22958 1959
27974 1961
8745 1962
30704 1964
3992 1966
18915 1967
18825 1968
20724 1970
21799 1971
24193 1972
14118 1974
23780 1975
5274 1976
7155 1978
13416 1979
12189 1980
16020 1981
20973 1982
17459 1984
1690 1985
31184 1987
15438 1988
19139 1989
31 1991
30025 1992
242 1994
15271 1996
28512 1997
8432 1998
