1132 12
26598 13
28036 14
15798 15
17731 21
11752 23
27826 24
31155 27
26915 31
14557 32
20813 33
13916 34
3103 35
25472 37
319 43
15051 44
20832 45
1342 47
21091 48
16095 51
959 52
14487 54
18051 56
31437 57
3818 64
3203 65
17928 66
5567 67
5775 70
4355 72
30099 73
9005 75
14476 76
29003 79
11603 80
1888 81
22409 85
29197 89
16774 90
2924 91
9002 95
28948 96
23443 98
15184 99
29436 103
2634 104
29183 108
27206 109
3064 110
23529 113
6192 114
8839 122
11404 123
4226 126
10817 130
11651 131
2124 133
8555 134
15351 136
21479 137
19647 142
28693 144
13587 145
13469 150
30313 152
15275 162
9875 163
168 164
11271 168
17664 169
281 170
15486 172
23378 173
4340 175
20480 176
2861 180
26922 181
25573 183
15927 184
19212 186
5047 188
25453 189
4285 190
11837 195
2464 196
1190 197
15577 200
23828 201
20377 204
19950 205
1730 208
29938 211
276 215
7068 216
1948 217
22041 223
1237 224
728 225
18061 227
14749 230
15678 231
11658 232
27317 236
6107 237
15749 239
1656 240
26582 241
11812 247
13208 249
22449 250
2201 253
13969 255
10214 256
27863 265
26521 266
14079 270
24483 271
9914 276
10440 278
26126 279
22066 283
14870 285
30242 286
29202 288
4861 289
2620 292
865 294
3911 296
4507 297
15812 298
20315 309
6224 310
1870 311
8339 314
6817 315
6609 316
26843 317
19184 318
4934 322
31086 324
10012 325
11583 326
27278 327
17418 328
12836 331
11136 333
30684 334
21250 336
8755 342
2188 343
28706 344
14980 348
7574 349
10802 350
13008 351
12722 352
22522 353
15742 356
19069 357
9149 359
16344 360
230 364
16616 365
13690 366
28805 367
74 369
29203 370
22091 375
31039 376
10556 380
29056 381
5386 384
30971 385
25207 386
1482 390
27574 392
13410 393
27600 394
14485 396
11135 397
29684 398
16598 400
30054 401
21671 405
12867 406
3760 407
20471 408
19665 410
26567 411
3137 413
28074 414
4410 424
25847 425
416 426
19051 427
24922 430
11616 431
6665 432
1984 433
8966 434
13679 436
23336 438
25581 439
17080 440
13340 443
7597 444
1063 445
14105 447
28844 448
30153 451
27743 452
28022 455
21652 456
22864 461
18754 465
4055 467
9660 468
22417 471
5754 472
16726 473
27653 475
26602 476
19158 480
20469 481
23914 484
30677 485
3595 487
16922 488
28177 490
30685 491
4230 495
10664 496
24245 501
6263 502
12041 504
27982 506
27250 507
6060 514
7727 515
7036 516
28920 520
7810 521
26064 522
20530 523
11147 528
1872 529
28478 531
14394 532
27130 533
7908 536
24428 537
22727 538
19300 539
13420 540
10877 542
23505 543
1921 544
10162 545
18100 548
24907 549
15481 550
21350 553
14278 554
30058 555
3624 557
31345 558
1523 560
25674 562
3695 566
30022 567
29812 568
29191 569
8679 571
15296 572
12710 575
14902 576
6698 577
25003 583
21886 584
7765 585
23309 587
8031 588
20692 589
11876 590
25246 593
23078 594
9332 596
836 597
21771 599
26960 600
812 605
8589 606
31030 607
15034 609
3075 610
8429 613
10444 615
1829 616
15791 617
9862 619
11682 620
26267 622
18376 627
9013 631
29209 632
7020 634
25367 635
19378 638
1448 640
6721 641
23915 643
21180 646
16122 647
12974 649
5895 650
13214 652
10261 654
6022 655
29116 658
6737 659
4037 660
29042 661
2306 664
9258 666
24596 667
4541 669
21944 670
4127 673
20884 675
845 676
12625 679
8056 680
27026 682
5138 683
27927 684
23968 687
6161 689
12430 690
1797 693
4604 694
16532 695
21506 696
1550 697
29704 699
28808 700
29438 702
19688 704
28195 705
21175 708
10669 710
19690 711
31356 715
11695 716
31417 717
12251 719
4741 721
22647 722
23139 728
30314 729
21020 730
23996 731
11612 735
30745 736
21744 738
29313 739
24235 741
29801 742
26792 746
3392 747
20019 750
21998 751
24000 752
22532 756
151 757
9708 758
30238 761
28623 762
12656 763
20895 772
25399 773
3325 774
22740 777
8725 778
24827 781
23792 783
15517 784
24617 785
9925 788
29723 792
6155 793
12665 795
20543 796
19773 797
25921 798
25004 799
1169 801
23712 804
29043 805
14986 806
29394 809
30763 810
14996 811
5389 817
28440 818
6078 819
11781 821
6481 822
14673 824
23651 825
29915 826
17689 829
24160 831
13226 832
22326 833
18168 835
9432 836
16530 839
27723 841
26066 842
9259 844
3102 846
6482 847
27382 851
26379 852
14766 858
1361 860
9391 862
16007 863
16349 866
30933 867
15383 868
8321 875
1826 881
19166 882
13575 883
30071 884
1216 887
14372 888
12985 891
14334 892
15723 894
14615 895
16437 899
28486 900
23092 906
3855 907
24689 911
19459 912
1584 913
66 916
25002 917
19654 918
637 920
883 921
8909 925
10332 926
19193 928
6346 929
31341 935
6225 936
6940 939
23982 940
25302 943
18960 944
10186 945
23648 948
10155 949
13157 950
9512 953
11117 954
20048 956
15402 957
7583 962
1726 963
29475 965
3706 966
30682 968
12489 971
366 972
27869 973
7453 977
3415 979
27283 980
18042 982
25578 983
29730 985
30620 986
28603 992
22122 997
23317 998
2980 999
882 1000
8928 1001
7356 1002
15819 1003
29943 1004
617 1009
18342 1010
6784 1011
231 1016
9541 1017
14592 1022
17035 1023
8455 1030
7385 1031
8094 1033
5194 1034
21629 1037
22163 1038
27347 1043
743 1055
23198 1056
24744 1059
24848 1060
15658 1063
1529 1064
8666 1066
13368 1067
11328 1069
27587 1072
17280 1073
13055 1075
24080 1077
19981 1078
25876 1080
10401 1081
4807 1086
29937 1087
11374 1089
48 1090
27811 1093
14429 1094
29266 1097
29153 1099
14149 1100
14942 1110
26203 1112
8282 1113
11035 1115
27439 1117
17670 1118
27085 1119
18236 1122
8770 1123
10844 1125
4663 1126
12724 1127
29318 1131
5831 1133
12856 1134
20743 1135
12986 1138
7418 1139
22600 1141
26465 1142
2680 1145
26325 1146
11803 1147
15255 1156
2697 1157
25120 1158
7976 1162
25305 1163
5285 1164
8174 1166
29523 1170
5921 1172
21668 1173
1215 1174
27679 1180
8239 1181
4137 1182
15502 1184
29321 1185
27224 1189
4566 1190
3899 1191
5266 1192
19771 1195
21965 1197
2900 1198
12706 1203
31495 1205
14821 1206
22531 1208
25259 1209
6840 1213
17216 1214
11767 1215
1244 1217
7133 1218
6156 1224
7898 1225
8135 1227
3311 1229
2330 1230
26270 1232
17605 1234
14168 1235
29960 1238
30554 1239
21740 1241
24644 1242
12037 1246
29264 1247
6317 1250
13458 1251
26997 1255
9478 1256
4413 1259
809 1260
4758 1263
12928 1270
17860 1271
13373 1272
30303 1280
17748 1281
20945 1282
20815 1283
11279 1288
14341 1290
22290 1291
3622 1294
13293 1295
14199 1307
17737 1309
10425 1310
9214 1311
25600 1313
10105 1314
20265 1315
30269 1320
18712 1324
13381 1325
2308 1326
11775 1333
26618 1335
25910 1369
25038 1378
21642 1379
9712 1383
15951 1384
1252 1387
19730 1388
19856 1389
718 1411
19649 1412
26244 1418
26627 1422
28118 1425
27427 1426
7222 1427
27476 1428
15697 1429
12753 1430
20493 1431
6978 1432
20877 1434
28726 1435
13962 1438
4114 1439
21669 1440
29908 1441
10117 1442
20457 1443
31082 1444
7604 1446
12616 1447
20699 1449
18202 1450
3860 1451
3182 1452
28052 1453
3234 1455
23023 1456
6595 1457
27868 1460
6732 1461
12461 1462
12812 1463
2576 1464
11340 1466
30577 1467
23067 1469
11687 1470
25865 1472
10589 1473
11947 1477
29771 1479
14311 1480
8987 1481
3021 1482
25944 1486
11758 1487
19175 1488
6184 1489
6027 1490
27925 1491
3030 1493
18702 1494
25331 1496
20232 1497
14874 1499
24985 1501
9759 1502
21318 1503
14182 1504
4532 1505
27416 1507
19267 1508
21111 1509
11015 1510
14000 1511
22375 1512
26252 1513
25634 1514
12478 1516
25338 1517
21699 1518
22618 1520
12541 1521
11742 1525
15868 1526
5082 1527
7775 1528
12847 1529
20287 1530
10391 1531
31493 1534
4449 1535
15286 1536
29242 1539
22623 1540
2336 1541
15203 1546
16223 1548
14518 1549
11353 1550
12646 1551
19276 1552
28972 1553
2052 1554
11396 1555
17795 1556
31134 1559
6924 1560
29508 1561
27118 1563
24304 1565
2953 1566
7743 1567
1500 1569
13531 1570
30817 1572
1897 1573
14772 1576
28343 1577
2237 1578
13560 1580
1691 1581
27486 1582
20260 1584
29843 1589
23434 1590
26984 1591
20966 1597
22 1599
21375 1600
31435 1601
26305 1603
17629 1605
12231 1606
2908 1610
26336 1613
22311 1614
25518 1615
24925 1617
759 1618
1312 1620
26106 1624
18 1625
3435 1626
16154 1628
22200 1629
3127 1631
6144 1633
31406 1635
23470 1636
21094 1639
24667 1640
23043 1642
18082 1643
6031 1645
20843 1647
31054 1648
28526 1650
2612 1651
11574 1652
9659 1653
6 1654
13832 1656
12289 1658
26698 1659
1773 1660
9168 1661
25619 1663
16875 1664
23123 1666
11514 1668
5056 1669
13360 1671
26247 1672
6331 1674
16873 1676
17915 1677
26957 1680
25123 1681
18828 1682
30701 1683
2051 1685
1741 1686
11428 1691
29257 1692
19564 1693
13280 1697
9119 1698
3093 1701
23523 1702
2931 1703
11026 1705
29347 1706
8484 1708
18220 1709
12831 1710
28746 1712
29362 1713
29686 1715
18655 1716
20753 1719
10713 1720
14096 1721
31042 1723
12720 1724
18573 1726
28952 1727
23327 1731
15906 1732
6619 1733
13999 1734
8645 1736
20942 1737
31416 1740
17960 1741
22012 1742
30329 1744
8000 1746
6858 1747
18759 1751
22479 1752
13526 1755
6018 1756
7212 1757
8369 1758
3193 1764
14249 1765
19048 1766
25554 1767
30279 1768
1721 1771
24597 1772
15054 1773
7781 1775
25548 1776
20319 1778
25238 1779
22949 1781
19971 1783
23447 1784
25949 1788
10282 1790
29392 1791
10618 1793
3122 1795
24134 1796
24463 1800
6343 1801
19594 1802
28788 1805
24462 1806
18437 1808
27433 1811
17062 1812
1314 1815
25055 1816
18485 1817
25303 1818
7163 1820
15652 1821
11006 1823
1423 1824
2385 1829
31156 1830
12282 1831
31193 1832
31173 1836
22018 1837
27919 1838
13525 1841
3131 1842
9762 1843
23500 1845
23624 1846
4447 1849
27441 1850
28964 1853
24537 1854
15373 1855
20889 1857
4129 1858
12483 1860
16767 1861
23112 1864
28685 1865
19843 1866
29993 1868
3740 1870
20063 1871
5745 1872
23974 1873
20796 1874
7072 1876
4228 1878
20603 1880
24715 1881
26199 1883
3852 1884
3841 1887
20708 1888
17046 1889
13925 1895
27680 1896
8998 1897
9565 1898
21009 1900
28239 1901
6621 1907
14233 1909
27393 1910
29575 1911
8122 1912
24804 1913
2431 1917
3481 1918
17530 1919
8439 1920
21691 1922
4572 1923
12989 1926
19320 1927
22784 1929
15365 1930
13584 1932
19114 1934
29773 1935
2858 1937
8574 1938
24475 1942
17182 1943
15432 1944
29446 1947
11821 1950
30638 1951
25069 1953
26069 1954
25464 1956
13249 1957
27617 1959
29652 1962
2400 1963
252 1964
8410 1967
12243 1968
15769 1969
17378 1974
4984 1975
23329 1977
8127 1980
1907 1981
8039 1983
27196 1984
24124 1985
24057 1990
23541 1991
24378 1992
23956 1993
1657 1994
335 1995
570 1996
14601 1997
20609 1998
