13945 8
23547 9
34743 10
31999 11
3745 12
31346 18
23061 19
31712 23
25607 24
12429 26
23517 27
17196 28
11078 32
10581 33
31615 34
40047 48
35305 49
8096 51
5161 52
19535 61
32429 62
18628 64
7247 68
20355 69
32678 70
33561 71
18550 73
1604 74
32239 77
12108 78
6863 79
4947 87
29824 89
6184 90
38566 92
23715 93
26050 94
41642 96
33510 99
37822 101
30871 102
32789 103
30717 104
21047 112
32350 120
21453 122
16897 123
11710 126
23008 127
43121 128
17612 130
35832 132
14953 133
28684 135
33983 136
31557 138
27912 143
41302 144
31677 145
33299 147
34479 148
36654 150
10470 151
25692 155
33382 157
21346 158
20557 160
20217 162
42691 164
26261 166
2330 169
44071 170
16810 171
43708 175
16792 179
37502 180
39203 182
21592 183
2807 196
12400 198
7999 199
16160 202
44154 203
20668 208
25450 209
7935 210
36677 215
18288 217
5348 218
30177 221
2924 222
24 226
38233 227
40695 236
41044 237
23714 238
3395 244
43659 245
17957 250
23995 251
12700 253
33673 254
4467 255
34210 260
9945 261
43114 263
15075 265
23607 266
8124 269
14844 270
10955 275
22846 276
17655 279
659 280
17917 282
39535 283
19228 286
5886 287
5745 291
23042 293
14371 294
11413 299
38963 300
31133 301
29119 307
39701 308
17482 309
6576 310
3299 311
18132 312
4013 314
16095 315
7083 318
37016 319
6492 321
4484 324
35999 325
42357 326
37614 330
36250 331
23235 332
40457 336
16532 337
23829 338
10846 339
3230 342
38148 344
21410 345
32962 347
13904 348
13371 351
30915 352
24718 365
36825 367
7224 368
20033 374
24469 375
33850 376
11664 378
21342 385
42478 387
25826 388
9389 404
13578 405
16489 407
25847 408
26844 412
29148 413
33794 414
12848 431
11726 437
9406 472
34230 477
40169 478
28078 479
43462 481
13473 482
42232 485
44021 486
12203 496
41090 498
33955 499
29614 503
2495 504
7838 515
36846 517
16641 518
3281 519
30333 520
5138 521
42529 522
1721 523
43293 524
39719 525
16381 526
9770 527
33155 528
21379 529
39969 530
42184 531
18572 532
12726 533
19717 535
24664 537
15280 538
12122 539
12553 540
8837 541
9413 542
37610 543
7405 544
11735 545
21321 546
26962 547
32125 549
37946 551
10077 553
19759 554
21657 555
32323 556
27461 557
8056 558
3155 559
22756 560
8166 561
6784 563
34608 564
22520 565
15946 567
24420 568
32750 569
34760 570
954 571
16981 572
14597 573
8161 574
37643 575
8001 576
40564 577
19459 578
15634 579
8643 580
22251 582
10826 583
24448 585
7458 586
21176 587
15733 588
39412 589
11378 590
9455 591
38928 592
43111 593
212 594
28745 596
24651 597
5551 598
43498 599
35192 600
31532 602
36552 603
23820 605
23779 606
34302 615
22084 617
30112 618
11112 619
25870 622
13623 623
13394 624
12190 625
15531 629
40295 630
8018 632
23345 633
38358 635
23311 637
17712 638
10009 642
43790 643
33787 644
23003 647
13818 649
5443 650
20241 652
16275 654
38533 656
6202 657
11266 660
11272 661
21304 663
19863 664
38960 667
19776 668
25896 669
8184 670
24786 671
14278 673
12542 674
22233 676
14006 677
34511 680
8599 681
36245 682
30838 687
5047 690
30853 691
35770 693
35951 694
25706 695
1842 696
43115 699
28556 702
22761 703
8602 704
41542 706
43019 707
30603 708
1165 709
28917 710
15841 711
37209 712
7673 713
4102 714
34624 715
40113 717
32090 718
10279 722
34512 723
27509 724
3730 727
43455 728
21438 729
12985 730
21541 732
21621 733
26366 735
36171 736
34191 738
11215 739
39400 740
9366 742
23296 743
30663 746
19658 747
34993 749
6155 751
30028 752
32186 755
18238 756
38711 757
39981 758
36853 760
7187 764
4872 765
32173 766
41215 767
10280 770
12905 771
31476 772
5070 775
17819 776
2657 778
8280 779
33161 781
2177 783
41117 784
43248 789
41282 790
18575 793
15656 794
11662 795
6895 798
5996 799
20628 800
44333 801
12457 805
9377 806
3749 808
27145 809
14282 812
26339 813
24668 816
31768 818
17098 820
9875 821
2396 823
25273 824
28559 826
12583 827
29186 831
4833 832
42584 833
5211 835
42895 836
34189 839
32577 840
27081 845
23005 846
16950 847
25383 848
43737 851
2788 852
4820 855
4293 856
22518 857
5444 859
11609 860
38227 863
3372 866
39974 867
11591 868
27613 870
18242 872
14800 873
24942 884
24897 886
35034 887
42484 888
39250 891
23713 893
22749 894
32473 896
5013 898
43326 899
25976 900
18004 902
30323 905
35249 906
41430 908
17809 910
16323 911
28116 915
26184 916
17909 918
29754 919
24829 921
12651 922
9767 923
18277 926
15022 927
34079 930
30652 934
27250 936
40081 937
43717 939
1765 940
2400 942
683 943
17620 944
36132 949
38780 951
27949 953
21617 954
3512 957
27141 959
12346 961
11017 962
1400 963
18744 966
27525 967
33259 968
10568 970
22999 971
7283 976
9926 977
39908 978
18486 983
28512 985
28460 986
3016 987
23746 988
23160 992
9809 995
43595 996
23168 998
1665 1000
24822 1001
4923 1002
15528 1004
40658 1005
26295 1008
33262 1009
29593 1011
17293 1012
16200 1017
1145 1018
41665 1019
34599 1020
25955 1022
38482 1023
37564 1027
26508 1028
25516 1029
33481 1033
4964 1034
36551 1035
3470 1036
35258 1039
4056 1040
4949 1041
23483 1043
39462 1044
22546 1047
37415 1048
16623 1049
7537 1051
26685 1052
7349 1054
33802 1056
23268 1057
23084 1059
39414 1062
26812 1065
20612 1067
39738 1069
5430 1070
35940 1072
20076 1073
3344 1074
12434 1076
31177 1078
18755 1079
11529 1085
20303 1086
33661 1087
11024 1088
30055 1089
19927 1091
42688 1092
10779 1095
10250 1096
7210 1097
36051 1099
10332 1100
39984 1103
2134 1105
22549 1106
34108 1109
9722 1110
20542 1111
33277 1114
25434 1115
32548 1118
34358 1119
19622 1120
38194 1123
8748 1124
36582 1125
14009 1128
30894 1132
4065 1133
30541 1134
40576 1135
3383 1138
8090 1139
34887 1142
36432 1143
18067 1144
39176 1146
15069 1148
21279 1150
50 1151
36520 1154
39276 1156
17200 1157
22996 1158
41863 1160
43030 1161
39303 1164
14615 1165
35326 1168
27686 1169
570 1170
21642 1173
23725 1177
5805 1178
37319 1179
12300 1181
44247 1182
1694 1184
13608 1185
15361 1186
11708 1187
11003 1190
25585 1193
5094 1195
13319 1196
44014 1199
14124 1200
33048 1201
23422 1202
30782 1206
26715 1207
41185 1208
22331 1211
43066 1212
43221 1216
27114 1218
38470 1219
5049 1220
34042 1222
8569 1223
23846 1226
32609 1227
14973 1230
31525 1232
1166 1233
4131 1234
13114 1237
8030 1238
33034 1240
84 1241
20999 1245
21099 1246
1787 1253
7634 1254
40218 1255
8792 1260
1506 1261
22701 1263
26409 1264
34733 1270
8362 1272
19975 1273
5816 1276
14684 1277
25262 1278
10665 1279
18455 1283
27623 1284
9342 1285
4700 1287
30282 1289
1668 1290
16519 1294
3769 1296
22497 1297
31631 1298
39216 1300
7264 1301
27526 1303
27998 1306
15458 1307
7025 1308
1218 1311
27864 1313
1578 1315
36784 1316
28308 1318
14486 1319
40720 1322
10746 1323
30741 1325
18980 1326
8437 1330
29732 1331
32404 1332
40157 1334
22732 1335
37125 1339
31379 1340
17967 1341
7791 1345
29261 1346
187 1347
30659 1350
2271 1351
2486 1352
14275 1355
29017 1356
411 1357
15383 1360
33994 1361
13653 1363
32430 1364
43428 1366
38755 1367
29738 1369
10655 1371
26976 1372
15562 1374
33747 1375
7647 1378
31750 1379
20030 1381
15963 1382
27302 1384
34279 1386
7796 1387
21976 1390
11833 1392
7981 1393
39356 1395
14091 1396
35629 1399
29676 1400
194 1402
15410 1403
33712 1407
43835 1409
34640 1410
2793 1413
38933 1414
4991 1415
17005 1417
9034 1418
18143 1420
31009 1421
9638 1424
4620 1426
13103 1427
20919 1428
27756 1433
22049 1434
15400 1438
34131 1440
24478 1441
41057 1448
10577 1449
22131 1450
42015 1451
9844 1454
38215 1455
10166 1456
10727 1458
20809 1459
38627 1461
17831 1462
38137 1467
23394 1468
8261 1472
2194 1473
42621 1474
36916 1476
29470 1477
5372 1483
38735 1484
35964 1485
5599 1490
41456 1491
3952 1492
3403 1495
1566 1498
35009 1499
19651 1501
40783 1504
29340 1505
40781 1510
26251 1511
6061 1517
18686 1518
8663 1519
654 1520
43501 1521
35688 1524
28769 1525
15028 1528
379 1529
41809 1531
28568 1532
42888 1533
2711 1536
5446 1540
4819 1541
29472 1542
30078 1546
7038 1548
19637 1549
40530 1551
29983 1552
5309 1555
19362 1557
271 1558
18490 1559
35685 1563
21987 1564
35228 1565
9196 1566
32762 1567
16566 1571
7167 1573
7670 1574
11551 1576
38932 1577
6125 1583
3633 1584
36447 1586
37668 1587
35984 1589
34988 1590
34143 1593
3881 1594
23573 1595
41363 1599
24577 1600
28732 1601
20173 1604
37775 1605
262 1610
11557 1611
10029 1612
18622 1614
17933 1615
794 1616
10030 1619
31146 1620
23367 1621
26253 1625
21007 1626
41366 1627
24362 1630
24628 1631
41910 1632
1973 1637
24260 1638
36969 1644
26964 1645
11451 1647
42070 1653
16549 1654
42605 1655
5435 1658
28273 1662
14320 1663
30671 1665
14961 1666
22011 1667
42731 1669
35767 1671
17453 1673
41025 1675
22166 1676
25494 1677
40588 1678
20660 1681
34661 1682
3015 1683
43805 1691
17440 1692
21200 1696
41086 1697
7229 1701
15802 1702
30589 1705
42367 1709
26734 1710
24679 1713
11707 1714
40634 1716
3014 1717
34817 1719
3468 1721
22997 1722
4682 1725
27761 1727
20456 1728
28182 1729
38029 1735
2594 1736
22421 1737
42959 1740
11813 1741
7277 1742
28226 1744
8858 1746
8194 1748
33805 1749
41684 1758
41043 1759
37821 1760
15334 1761
42858 1764
43327 1765
38146 1768
5063 1770
25357 1772
5036 1773
43442 1774
2379 1776
33018 1777
24934 1779
10048 1781
31856 1783
26671 1784
35637 1786
10129 1787
41201 1790
10521 1792
34469 1793
40487 1797
3850 1798
43031 1799
14487 1808
37666 1809
15009 1810
40883 1811
9069 1812
30742 1813
16980 1816
17152 1817
32453 1818
34971 1826
12714 1827
20506 1828
11534 1830
42743 1831
1235 1832
322 1833
22461 1838
38409 1839
7542 1843
6860 1844
829 1845
2337 1846
37031 1848
26376 1852
2107 1855
30765 1856
18994 1858
8787 1859
29236 1863
7623 1865
31907 1866
37787 1869
8153 1870
9940 1872
22995 1874
16203 1875
30157 1878
13054 1879
11829 1881
23319 1882
29301 1886
32022 1887
24333 1888
4172 1889
28605 1892
40841 1893
39628 1894
23036 1898
35243 1900
13637 1902
35855 1903
32490 1905
18656 1906
6740 1909
24418 1910
34922 1911
24780 1914
12291 1915
37794 1917
33076 1918
42526 1920
41956 1921
14112 1923
6085 1925
11379 1926
20810 1931
37375 1932
14557 1935
15342 1936
16031 1937
30456 1939
8311 1940
42875 1943
23955 1944
42812 1946
30067 1947
44427 1948
7654 1952
29034 1953
19183 1954
30952 1956
40832 1957
40749 1961
6553 1962
18428 1964
9000 1965
17391 1968
22464 1969
13919 1970
16966 1973
12444 1974
36569 1975
12922 1977
27021 1978
22883 1980
13435 1982
2574 1983
12763 1986
33323 1987
23219 1989
36900 1990
14521 1992
8156 1994
39741 1995
2794 1996
34652 1997
33328 1998
