17378 10
4984 11
23329 13
8127 16
1907 17
8039 19
27196 20
24124 21
18376 30
9013 34
29209 35
7020 37
25367 38
19378 41
1448 43
6721 44
23915 46
21180 49
16122 50
12974 52
5895 53
13214 55
10261 57
6022 58
29116 61
6737 62
4037 63
26267 64
15365 65
21506 66
24057 71
23541 72
24378 73
23956 74
1657 75
10669 78
19690 79
21175 81
31356 84
11695 85
31417 86
8410 90
12243 91
15769 92
29652 96
2400 97
252 98
8998 111
27680 112
13925 113
9565 114
6621 120
14233 122
27393 123
29575 124
8122 125
24804 126
8439 129
4129 130
3481 133
17530 134
2431 135
23092 143
3855 144
24689 148
19459 149
1584 150
66 153
25002 154
19654 155
637 157
883 158
8909 162
10332 163
19193 165
6346 166
31341 172
6225 173
6940 176
23982 177
25302 180
18960 181
10186 182
23648 185
10155 186
13157 187
9512 190
11117 191
20048 193
15402 194
7583 199
1726 200
29475 202
3706 203
30682 205
12489 208
366 209
27869 210
18042 214
25578 215
29730 217
30620 218
3415 221
27283 222
7453 223
28603 229
22122 234
23317 235
2980 236
882 237
8928 238
7356 239
15819 240
29943 241
3841 245
20708 246
17046 247
617 251
18342 252
6784 253
4228 256
20603 258
24715 259
26199 263
3852 264
29993 267
3740 269
20063 270
23974 273
9541 275
19843 276
21629 282
22163 283
23112 286
28685 287
23500 293
23624 294
2385 300
31156 301
12282 302
31193 303
31173 307
22018 308
27919 309
13525 312
3131 313
9762 314
25303 317
25949 322
10282 324
29392 325
10618 327
3122 329
24134 330
24463 334
6343 335
19594 336
28788 339
24462 340
18437 342
27433 345
17062 346
1314 349
25055 350
18485 351
27811 356
14429 357
29266 360
20889 363
19771 366
21965 368
2900 369
21740 370
29153 372
14149 373
11006 376
15255 379
2697 380
25120 381
7781 384
25548 385
3193 392
14249 393
19048 394
25554 395
30279 396
15054 399
24597 400
1721 401
18759 405
22479 406
13526 409
6018 410
7212 411
30303 421
1897 424
17748 425
22290 426
14168 427
8135 429
2330 430
14341 432
30701 433
29960 436
30554 437
24644 438
8174 440
28746 441
3311 443
7072 444
22012 451
26270 455
6156 458
7898 459
17605 460
5266 462
27224 465
4566 466
3899 467
2680 472
26325 473
11803 474
8645 479
20942 480
12037 484
29264 485
26997 494
9478 495
18573 499
28952 500
12831 507
26957 511
25123 512
18828 513
14199 525
17737 527
10425 528
9214 529
25600 531
10105 532
20265 533
18712 544
13381 545
2308 546
11775 548
7743 555
31134 560
6924 561
29508 562
12646 573
15203 576
16223 578
14518 579
12478 585
25338 586
11742 590
15868 591
5082 592
7775 593
31082 639
26244 645
27476 649
28118 653
27427 655
20493 656
15697 657
7222 658
26627 659
12753 660
6978 661
20877 663
28726 664
718 666
19649 667
20457 668
13962 671
4114 672
21669 673
29908 674
10117 675
3182 676
7604 678
12616 679
3860 680
20699 682
18202 683
28052 684
6595 685
3234 687
23023 688
27868 691
6732 692
12461 693
9712 694
12812 695
23067 696
2576 697
25634 698
11340 700
30577 701
25331 702
11947 705
29771 707
14311 708
8987 709
25038 711
21642 712
25944 716
11758 717
19175 718
6184 719
3021 721
1252 725
19730 726
19856 727
15951 728
11687 729
24985 730
6027 731
27925 732
3030 734
18702 735
14874 737
9759 738
25910 739
21318 740
20232 741
25865 743
10589 744
14182 745
4532 746
27416 748
19267 749
21111 750
14000 751
11015 752
22375 753
26252 754
11353 755
21699 756
22618 758
12541 759
29042 760
12847 761
20287 762
10391 763
31493 766
4449 767
15286 768
28972 769
19276 770
29242 773
22623 774
2336 775
30817 776
2052 777
11396 778
17795 779
27118 781
24304 783
2953 784
1500 786
13531 787
14772 790
28343 791
2237 792
13560 794
1691 795
27486 796
26618 797
21094 801
24667 802
23043 804
18082 805
29843 810
23434 811
26984 812
20966 818
22 820
21375 821
31435 822
26305 824
17629 826
12231 827
2908 831
26336 834
22311 835
25518 836
24925 838
759 839
1312 841
26106 845
18 846
3435 847
16154 849
22200 850
3127 852
6144 854
31406 856
23470 857
20260 858
6031 860
20843 862
31054 863
28526 865
2612 866
11574 867
6 868
29362 869
30269 870
9168 871
11514 873
5056 874
23123 875
11279 876
13360 878
26247 879
6331 881
16873 883
17915 884
3622 886
13293 887
1773 889
9659 890
25619 893
16875 894
13832 896
12289 898
26698 899
2051 901
1741 902
20753 905
10713 906
14096 907
4413 909
809 910
27347 911
8484 914
18220 915
11428 920
29257 921
19564 922
13280 926
9119 927
3093 930
23523 931
2931 932
11026 934
29347 935
12928 937
17860 938
31042 940
12720 941
23327 944
15906 945
29686 947
18655 948
6317 950
13458 951
4758 952
13999 954
6619 955
7976 958
25305 959
5285 960
31416 962
17960 963
22531 966
25259 967
12706 972
31495 975
14821 976
1244 977
7133 978
6840 981
17216 982
20945 984
20815 985
13373 987
11767 988
29523 991
5921 993
21668 994
1215 995
30329 997
8000 999
6858 1000
14942 1007
26203 1009
8282 1010
11035 1012
27439 1014
17670 1015
27085 1016
18236 1019
8770 1020
10844 1022
4663 1023
12724 1024
29318 1029
5831 1031
12856 1032
26465 1033
20743 1034
12986 1037
22600 1038
7418 1039
8369 1040
20319 1042
25238 1043
27679 1047
8239 1048
4137 1049
15502 1051
29321 1052
4807 1055
29937 1056
11374 1058
48 1059
743 1064
23198 1065
24744 1068
24848 1069
15658 1072
1529 1073
8666 1075
13368 1076
11328 1078
27587 1081
17280 1082
13055 1084
24080 1086
19981 1087
25876 1089
10401 1090
7163 1092
15652 1093
22949 1095
19971 1097
23447 1098
4447 1101
27441 1102
28964 1105
24537 1106
15373 1107
12483 1109
16767 1110
1423 1111
8455 1114
7385 1115
8094 1117
5194 1118
14592 1120
17035 1121
20796 1122
12989 1125
19320 1126
22784 1127
16437 1129
28486 1130
12985 1135
14334 1136
15723 1138
14615 1139
1826 1142
19166 1143
14372 1145
231 1146
1216 1150
21009 1151
5745 1152
30071 1154
13575 1155
8321 1156
21691 1158
4572 1159
25069 1165
26069 1166
11821 1170
25464 1171
17182 1172
30638 1173
24475 1175
15432 1176
27617 1177
29446 1179
28239 1180
13584 1182
19114 1184
29773 1185
2858 1187
8574 1188
14766 1191
1361 1193
9391 1195
16007 1196
16349 1199
30933 1200
15383 1201
27382 1206
26379 1207
17689 1212
24160 1214
13226 1215
22326 1216
1132 1221
26598 1222
28036 1223
3818 1232
3203 1233
17928 1234
5567 1235
5775 1238
4355 1240
30099 1241
9005 1243
14476 1244
29003 1247
11603 1248
1888 1249
25472 1253
29436 1260
2634 1261
23968 1269
6161 1271
12430 1272
1797 1275
4604 1276
16532 1277
9258 1281
24596 1282
4541 1284
21944 1285
19647 1288
28693 1290
13587 1291
27927 1293
4226 1296
10817 1300
11651 1301
2124 1303
8555 1304
15351 1306
21479 1307
8429 1314
10444 1316
1829 1317
15791 1318
25246 1320
23078 1321
12251 1325
4741 1327
22647 1328
21771 1331
26960 1332
20377 1336
19950 1337
11876 1342
26922 1344
25573 1346
15927 1347
5047 1349
25453 1350
12710 1354
14902 1355
6698 1356
11837 1360
2464 1361
1190 1362
8679 1366
15296 1367
8589 1368
1730 1370
11812 1382
13208 1384
22449 1385
21350 1392
14278 1393
30058 1394
3624 1397
13679 1402
23336 1404
25581 1405
230 1414
16616 1415
12867 1416
13690 1417
3760 1418
28805 1419
13340 1422
7597 1423
6665 1424
19051 1428
4410 1431
25847 1432
416 1433
11616 1435
24922 1436
1984 1437
1063 1438
21671 1440
20471 1441
17080 1442
19665 1446
26567 1447
5386 1454
29684 1455
10556 1458
29056 1459
25207 1461
30971 1462
1482 1466
27574 1468
13410 1469
27600 1470
14485 1472
11135 1473
22091 1475
31039 1476
16598 1478
30054 1479
15742 1485
9149 1487
16344 1488
24483 1489
19069 1490
14079 1491
74 1496
29203 1497
8966 1499
12836 1502
11136 1503
8339 1510
6609 1511
26843 1512
20315 1517
6224 1519
6817 1520
1870 1521
19184 1522
30684 1523
4934 1527
31086 1529
10012 1530
11583 1531
27278 1532
8755 1536
2188 1537
14980 1544
7574 1545
10802 1546
13008 1547
28706 1548
22522 1549
12722 1550
21250 1551
17418 1552
9914 1555
22066 1557
29202 1559
4861 1560
10440 1562
26126 1563
27863 1565
26521 1566
22864 1569
27653 1571
26602 1572
3137 1574
28074 1575
11271 1579
17664 1580
281 1581
15486 1583
23378 1584
30153 1586
27743 1587
14105 1589
28844 1590
2201 1592
13969 1594
10214 1595
15275 1599
9875 1600
168 1601
2861 1602
15577 1604
31345 1605
1921 1606
9332 1608
836 1609
23309 1613
8031 1614
19212 1615
4340 1617
20480 1618
7765 1621
25003 1623
21886 1624
20692 1625
2306 1628
812 1630
31030 1631
10877 1636
27317 1640
6107 1641
15749 1643
1656 1644
26582 1645
22041 1649
1237 1650
728 1651
18061 1653
14749 1656
15678 1657
11658 1658
29938 1659
10162 1663
19158 1668
20469 1669
23914 1672
30677 1673
3595 1675
16922 1676
28177 1678
30685 1679
27982 1688
27250 1689
14870 1691
30242 1692
12041 1693
19300 1694
11147 1700
1872 1701
28478 1703
14394 1704
13420 1705
7908 1708
24428 1709
22727 1710
28920 1715
7810 1716
26064 1717
20530 1718
6060 1721
7727 1722
27130 1723
24245 1726
6263 1727
23505 1728
22417 1732
5754 1733
16726 1734
18754 1737
4055 1739
9660 1740
2620 1744
865 1746
3911 1748
4507 1749
15812 1750
7036 1751
4230 1753
10664 1754
28022 1756
21652 1757
18100 1760
24907 1761
15481 1762
1523 1764
25674 1766
3695 1770
30022 1771
29812 1772
29191 1773
30313 1774
13469 1775
1550 1777
15034 1779
3075 1780
9862 1782
11682 1783
8839 1785
11404 1786
4127 1789
20884 1791
845 1792
12625 1795
8056 1796
27026 1798
5138 1799
23529 1801
6192 1802
9002 1805
28948 1806
23443 1808
15184 1809
29183 1812
27206 1813
3064 1814
15798 1815
29197 1818
16774 1819
2924 1820
22409 1821
29438 1823
19688 1825
28195 1826
23139 1831
30314 1832
21020 1833
23996 1834
11612 1838
30745 1839
21744 1841
4285 1843
23828 1845
29313 1846
24235 1848
29801 1849
319 1854
15051 1855
20832 1856
1342 1858
21091 1859
16095 1862
959 1863
14487 1865
18051 1867
31437 1868
22532 1873
151 1874
9708 1875
30238 1878
28623 1879
12656 1880
20019 1884
21998 1885
13249 1887
3392 1888
26792 1890
24000 1891
276 1900
7068 1901
1948 1902
25921 1904
9925 1906
12665 1910
20543 1911
29723 1913
6155 1914
19773 1915
24617 1919
23792 1922
15517 1923
24827 1924
22740 1926
8725 1927
20895 1930
25399 1931
3325 1932
25004 1933
1169 1935
23712 1938
29043 1939
14986 1940
5389 1946
28440 1947
6078 1948
11781 1950
6481 1951
14673 1953
23651 1954
29915 1955
29394 1958
30763 1959
14996 1960
17731 1963
11752 1965
27826 1966
31155 1969
26915 1973
14557 1974
20813 1975
13916 1976
3103 1977
18168 1979
9432 1980
16530 1983
27723 1985
26066 1986
9259 1988
3102 1990
6482 1991
29704 1993
28808 1994
570 1995
335 1996
14601 1997
20609 1998
