1 2 0.903719
2 3 0.260284
3 4 0.087135
4 5 0.027988
5 6 0.4177
6 7 0.25573
7 8 0.746722
8 9 12.534033
8 10 11.18544
7 11 1.497102
11 12 12.148831
11 13 13.140194999999999
6 14 0.379116
14 15 14.010459
14 16 1
16 17 0.322895
17 18 1
18 19 0.682292
19 20 1
20 21 3.289615
21 22 2.075212
22 23 7.622031999999999
22 24 4.529606
24 25 1.171165
25 26 2.020835
25 27 2.0218179999999997
24 28 3.2995240000000003
21 29 4.273325
29 30 6.205154
29 31 7.1303790000000005
20 32 1
32 33 0.539843
33 34 1
34 35 0.110782
35 36 0.277732
36 37 2.428868
37 38 12.729027
37 39 12.476396
36 40 1
40 41 0.351456
41 42 0.02006
42 43 14.820973
42 44 1
44 45 0.250243
45 46 0.154649
46 47 0.505866
47 48 1.443245
48 49 16.725372999999998
48 50 15.728635999999998
47 51 0.440691
51 52 17.261533
51 53 15.661784
46 54 0.10771800000000001
54 55 0.810472
55 56 13.797763
55 57 13.965416
54 58 0.182391
58 59 5.224471
59 60 10.257109
59 61 11.693548
58 62 0.924504
62 63 0.335637
63 64 0.130296
64 65 0.462559
65 66 15.547546
65 67 20.263168
64 68 15.047608
63 69 0.056311999999999994
69 70 13.531516
69 71 1.790723
71 72 14.638636
72 73 1.524511
72 74 1.4347
71 75 15.63841
62 76 0.185445
76 77 15.683931000000001
77 78 0.027321
77 79 0.025927
76 80 14.717366000000002
45 81 0.175289
81 82 0.132453
82 83 0.482556
83 84 3.686077
84 85 0.255321
85 86 3.840148
86 87 4.190396
87 88 4.465565
87 89 5.292439
86 90 3.2672640000000004
90 91 4.319216
90 92 4.800999
85 93 11.498423
84 94 1.4835990000000001
94 95 13.569861999999999
94 96 4.614434
96 97 1.007708
97 98 4.566527
97 99 4.490318
96 100 5.576425
83 101 21.481098000000003
82 102 0.249428
102 103 0.8812030000000001
103 104 1
104 105 2.127625
105 106 2.357941
106 107 8.415636
107 108 2.343553
107 109 1.000178
109 110 1.413121
109 111 1.377086
106 112 10.291694
105 113 13.057640000000001
104 114 15.767250999999998
103 115 0.339896
115 116 1.435502
116 117 1.040111
117 118 13.035910000000001
117 119 14.12113
116 120 6.887601
120 121 6.283746
120 122 5.689799
122 123 0.664102
122 124 0.037438
124 125 0.626222
124 126 0.613056
115 127 17.074279
102 128 0.112324
128 129 3.08802
129 130 2.870508
130 131 7.750638
131 132 2.876087
131 133 0.6825979999999999
133 134 2.508747
133 135 2.817357
130 136 8.737593
136 137 2.800848
136 138 2.643511
129 139 15.392491
128 140 0.08666900000000001
140 141 10.163856000000001
141 142 5.224458
141 143 5.504377
140 144 0.17027699999999998
144 145 0.359572
145 146 2.748205
146 147 13.351690999999999
146 148 12.949373999999999
145 149 0.192339
149 150 0.46562699999999996
150 151 13.87325
150 152 16.373559
149 153 0.600103
153 154 15.085765
153 155 13.818611
144 156 0.031264
156 157 0.188173
157 158 0.192907
158 159 0.272747
159 160 16.227915
159 161 0.8429030000000001
161 162 17.647752999999998
161 163 13.877538000000001
158 164 9.168667
164 165 6.223418
164 166 6.16233
157 167 0.049463999999999994
167 168 0.20608100000000001
168 169 0.12121
169 170 2.911594
170 171 1.937181
171 172 14.455896
171 173 0.865079
173 174 1.7789519999999999
174 175 11.190213
174 176 10.839743
173 177 11.913595
170 178 14.155472999999999
169 179 0.21441
179 180 0.192826
180 181 0.220608
181 182 0.003049
182 183 14.819164
182 184 0.619947
184 185 15.483588000000001
184 186 17.251606
181 187 0.475587
187 188 0.47018099999999996
188 189 17.014735
188 190 15.439274
187 191 14.703512
180 192 0.095931
192 193 0.638862
193 194 15.854076000000001
193 195 15.671213999999999
192 196 14.167162
179 197 0.188476
197 198 1.051868
198 199 17.049875
198 200 17.590917
197 201 0.12388900000000001
201 202 0.301755
202 203 16.277615
202 204 0.620603
204 205 0.447596
205 206 20.022142000000002
205 207 20.573964
204 208 21.665765
201 209 0.6414730000000001
209 210 15.530113
209 211 15.810999
168 212 0.250535
212 213 0.05017799999999999
213 214 0.161403
214 215 2.971855
215 216 2.278599
216 217 1.662903
217 218 10.76931
217 219 10.472273
216 220 12.180797
215 221 2.5080649999999998
221 222 6.960068
222 223 4.75484
222 224 5.454084
221 225 5.21048
225 226 5.664499
225 227 6.721249
214 228 8.321895
228 229 9.890852
228 230 9.499678
213 231 0.795178
231 232 0.017497
232 233 0.254056
233 234 0.323343
234 235 0.359655
235 236 17.41335
235 237 15.887820999999999
234 238 0.30416699999999997
238 239 18.335528
238 240 0.547928
240 241 16.69302
240 242 0.6223270000000001
242 243 0.678956
243 244 21.58477
243 245 10.839639
245 246 2.281669
246 247 10.107918
246 248 10.665526
245 249 13.261609
242 250 18.020903
233 251 1.116128
251 252 18.689176
251 253 3.2355780000000003
253 254 15.744707
253 255 4.106768000000001
255 256 9.869331
255 257 9.218187
232 258 0.234027
258 259 0.119534
259 260 1
260 261 0.418154
261 262 0.219526
262 263 0.456391
263 264 16.71491
263 265 0.16397199999999998
265 266 0.569363
266 267 17.006956000000002
266 268 17.633837
265 269 0.07045699999999999
269 270 0.29614
270 271 0.6076159999999999
271 272 19.539741
271 273 20.218096
270 274 1
274 275 17.820794
274 276 0.32704
276 277 1.222013
277 278 18.347109
277 279 21.410728000000002
276 280 17.183325999999997
269 281 17.759646
262 282 1
282 283 0.496699
283 284 1
284 285 2.084107
285 286 8.815085
286 287 8.212379
286 288 8.432941
285 289 17.849909999999998
284 290 1.29073
290 291 0.475853
291 292 0.365724
292 293 1
293 294 0.455218
294 295 0.6730339999999999
295 296 1.221218
296 297 23.711825
296 298 0.273904
298 299 1.138609
299 300 33.282697
299 301 28.834788
298 302 23.479905000000002
295 303 21.133073
294 304 21.42777
293 305 0.57877
305 306 20.415542000000002
305 307 18.205903
292 308 0.11273
308 309 0.148563
309 310 1.787026
310 311 0.237885
311 312 25.61866
311 313 28.120796999999996
310 314 25.337567
309 315 24.022537
308 316 3.227281
316 317 1.6542430000000001
317 318 19.139993999999998
317 319 17.065236
316 320 16.754959
291 321 0.050727
321 322 1
322 323 0.547674
323 324 0.297375
324 325 19.602174
324 326 18.712555000000002
323 327 0.6556000000000001
327 328 20.516187
327 329 1.194188
329 330 19.503071
329 331 16.406056
322 332 17.777817000000002
321 333 1
333 334 0.909015
334 335 1
335 336 19.12559
335 337 0.75446
337 338 1
338 339 1.05595
339 340 23.451331
339 341 22.05445
338 342 19.582733
337 343 0.5657599999999999
343 344 23.353544
343 345 0.43664200000000003
345 346 22.465958999999998
345 347 24.407671999999998
334 348 0.491008
348 349 0.542121
349 350 20.894821
349 351 26.440507000000004
348 352 17.821239
333 353 19.385483
290 354 0.113102
354 355 0.306979
355 356 4.338391
356 357 3.623279
357 358 9.821425
357 359 14.061404999999999
356 360 18.120629
355 361 7.6167180000000005
361 362 16.364213
361 363 17.031758
354 364 1
364 365 0.7800630000000001
365 366 1.00593
366 367 1
367 368 0.31366
368 369 8.387770999999999
369 370 4.733778
370 371 9.634822
370 372 6.075781
369 373 11.052322
368 374 0.300381
374 375 1.006888
375 376 19.415399
375 377 26.090383
374 378 0.43854699999999996
378 379 1
379 380 1
380 381 0.236737
381 382 0.35097100000000003
382 383 0.20273600000000003
383 384 0.074431
384 385 3.484935
385 386 4.247164
386 387 11.731091000000001
386 388 19.702046
385 389 15.881353
384 390 1
390 391 3.029812
391 392 23.904393
391 393 20.480872
390 394 0.297941
394 395 6.991774
395 396 15.925144999999999
395 397 16.904044
394 398 0.9995789999999999
398 399 3.774861
399 400 1.740767
400 401 0.849771
401 402 21.599173999999998
401 403 16.715553999999997
400 404 17.513963
399 405 2.059308
405 406 5.312196999999999
406 407 14.944582
406 408 12.385052
405 409 4.902271
409 410 1.2423419999999998
410 411 11.182699
410 412 11.245312
409 413 3.475725
413 414 8.681152
413 415 4.666537
415 416 4.722361
415 417 6.006474
398 418 1.30109
418 419 0.210426
419 420 1
420 421 0.06537
421 422 0.8565140000000001
422 423 23.836078
422 424 20.549186
421 425 0.616817
425 426 0.421968
426 427 0.341262
427 428 1.056788
428 429 0.607306
429 430 1
430 431 27.049024
430 432 0.611733
432 433 12.927684000000001
433 434 16.615852
433 435 2.045391
435 436 13.301998000000001
436 437 2.31009
436 438 2.312038
435 439 6.016871
439 440 10.390039
439 441 10.617021
432 442 28.468515
429 443 5.807035
443 444 15.63571
444 445 10.508869
444 446 10.576264
443 447 27.068710000000003
428 448 1
448 449 2.257646
449 450 1
450 451 30.510258
450 452 10.184135
452 453 2.349317
453 454 8.015047000000001
454 455 10.943754
454 456 11.56418
453 457 9.250914999999999
457 458 21.711653000000002
457 459 36.039043
452 460 14.430482999999999
449 461 1
461 462 0.277183
462 463 4.60632
463 464 22.572308
463 465 3.522545
465 466 22.374862
465 467 22.121675
462 468 0.55019
468 469 1
469 470 0.434575
470 471 0.266822
471 472 2.9691769999999997
472 473 1
473 474 1.038437
474 475 1.52601
475 476 1.907946
476 477 1.162077
477 478 1
478 479 31.902137000000003
478 480 3.2491359999999996
480 481 1.500352
481 482 4.715005
482 483 39.214026000000004
482 484 39.614982
481 485 11.228692
485 486 44.505295000000004
485 487 46.156284
480 488 1
488 489 0.092776
489 490 38.249961
489 491 1.236672
491 492 7.120588999999999
492 493 26.230431999999997
493 494 16.849671
493 495 16.356835
492 496 1.1672339999999999
496 497 3.813629
497 498 11.748425
498 499 7.054272
499 500 17.537114000000003
500 501 22.701109
500 502 2.671631
499 503 41.618355
498 504 25.186508000000003
497 505 7.4139800000000005
505 506 2.7709520000000003
506 507 39.601122
506 508 30.926083
505 509 27.604881999999996
496 510 3.846894
510 511 14.761802
511 512 22.788322
511 513 24.895191
510 514 33.877148
491 515 0.13123200000000002
515 516 0.387975
516 517 13.48099
517 518 36.313542
518 519 13.336321000000002
518 520 13.049821
517 521 53.232302
516 522 41.238468
515 523 11.732071
523 524 33.403621
523 525 35.738077000000004
488 526 1.824619
526 527 43.860426000000004
526 528 42.9966
477 529 19.388499
529 530 14.803920000000002
529 531 12.353121
476 532 2.125846
532 533 48.874838
532 534 27.762051
475 535 8.590542
535 536 2.903806
536 537 15.678311
536 538 17.528195
535 539 22.003445
474 540 29.285801
473 541 28.055715
472 542 0.053197
542 543 6.579371
543 544 20.660753
544 545 10.31059
544 546 10.15277
543 547 32.297833999999995
542 548 32.691258
471 549 29.297636
470 550 27.177160999999998
469 551 34.633216
468 552 2.576357
552 553 25.433252
552 554 24.614337
461 555 5.713854
555 556 7.480588000000001
556 557 14.673392
556 558 13.526303
555 559 21.392868
448 560 0.236795
560 561 25.331274999999998
560 562 25.319234
427 563 12.920714
563 564 10.626218
563 565 10.929485
426 566 15.019395999999999
566 567 11.375731
566 568 11.613952
425 569 6.730131999999999
569 570 12.649966000000001
570 571 6.0448509999999995
570 572 5.805298
569 573 19.662314
420 574 14.020566
574 575 8.63924
574 576 7.716865
419 577 1
577 578 1
578 579 0.060074
579 580 20.733926
580 581 3.2208309999999996
580 582 3.542132
579 583 1.8963230000000002
583 584 1
584 585 0.44528700000000004
585 586 0.23270600000000002
586 587 0.255585
587 588 0.8351459999999999
588 589 23.042324999999998
588 590 29.570593000000002
587 591 23.014912000000002
586 592 0.740225
592 593 23.891148
592 594 24.964995000000002
585 595 0.162406
595 596 6.337896
596 597 28.441748999999998
597 598 0.624143
597 599 0.615135
596 600 12.799837
600 601 12.488577
600 602 18.577235
595 603 1
603 604 0.265169
604 605 0.370514
605 606 3.3538989999999997
606 607 9.145649
607 608 11.022114
608 609 4.698293
608 610 4.739884
607 611 16.634212
606 612 27.394026
605 613 1.6766199999999998
613 614 1
614 615 3.913124
615 616 1
616 617 0.701562
617 618 0.583295
618 619 0.77967
619 620 0.40327999999999997
620 621 10.296529999999999
621 622 23.168148
621 623 24.283058
620 624 0.839097
624 625 35.084703
624 626 17.10445
626 627 23.636282
626 628 22.778543000000003
619 629 0.071915
629 630 29.778817000000004
629 631 11.719603000000001
631 632 28.589920000000003
631 633 29.028108000000003
618 634 1.271912
634 635 1.832866
635 636 1.7520529999999999
636 637 37.677414999999996
636 638 42.527896
635 639 44.471312000000005
634 640 35.052641
617 641 36.117897
616 642 39.089572
615 643 10.165274
643 644 15.127359000000002
644 645 14.727103
644 646 14.354659
643 647 10.526096
647 648 22.441603
647 649 19.43098
614 650 9.21089
650 651 21.161963
650 652 19.539635
613 653 1
653 654 1
654 655 1.775533
655 656 26.335572000000003
656 657 6.402388
656 658 5.714919999999999
655 659 27.920471000000003
654 660 4.034854999999999
660 661 26.447276
660 662 26.914821
653 663 1.440839
663 664 1
664 665 29.62018
664 666 5.033463
666 667 4.008414
667 668 34.50219
667 669 5.617103999999999
669 670 3.3419610000000004
670 671 17.699586
670 672 16.844625
669 673 19.398653
666 674 28.879167
663 675 1
675 676 18.627978
676 677 17.704800000000002
676 678 17.811526999999998
675 679 0.24123299999999998
679 680 0.203733
680 681 32.21374
680 682 2.26132
682 683 1
683 684 33.623128
683 685 3.4135569999999995
685 686 0.392136
686 687 0.18666100000000002
687 688 3.272353
688 689 33.780051
688 690 43.861855999999996
687 691 36.985886
686 692 1
692 693 4.708038
693 694 1
694 695 6.253474000000001
695 696 1.818344
696 697 49.022372
696 698 46.21094
695 699 52.864864
694 700 41.812386000000004
693 701 1.402074
701 702 53.54407799999999
701 703 2.245975
703 704 2.720092
704 705 1.5786209999999998
705 706 57.622218999999994
705 707 61.359465
704 708 44.856567000000005
703 709 3.006087
709 710 1.032941
710 711 55.578889
710 712 14.772742999999998
712 713 37.619302
712 714 32.289322999999996
709 715 45.53972
692 716 32.465339
685 717 0.416131
717 718 5.194764999999999
718 719 61.173186
718 720 53.538557
717 721 0.9490510000000001
721 722 35.027783
721 723 41.942844
682 724 1.13252
724 725 28.024748
724 726 33.533682999999996
679 727 25.001185
604 728 1
728 729 21.592201
728 730 2.763941
730 731 28.134457
730 732 23.736581
603 733 4.2588550000000005
733 734 21.287795000000003
733 735 20.050109
584 736 1.418877
736 737 31.100232
736 738 2.520147
738 739 27.067025
738 740 6.775091
740 741 25.650257999999997
740 742 24.157514
583 743 1
743 744 22.875651
743 745 0.810185
745 746 22.954342
745 747 0.5667840000000001
747 748 2.56304
748 749 1
749 750 0.9933839999999999
750 751 0.451167
751 752 1.033771
752 753 3.429256
753 754 30.026692
753 755 33.505538
752 756 1
756 757 2.11755
757 758 1.949599
758 759 0.161487
759 760 44.874873
759 761 33.783578
758 762 33.984124
757 763 33.233965
756 764 32.919985000000004
751 765 34.218421
750 766 27.822305000000004
749 767 28.063205000000004
748 768 0.9819390000000001
768 769 1.8337740000000002
769 770 1.46678
770 771 32.166007
770 772 49.2611
769 773 28.107453999999997
768 774 1.969676
774 775 34.304444000000004
774 776 30.522381999999997
747 777 26.788466
578 778 8.454507
778 779 19.491217
778 780 13.73132
780 781 5.286840000000001
780 782 5.7038
577 783 1
783 784 0.12449900000000001
784 785 1.287761
785 786 23.008286
785 787 21.823103
784 788 0.006687
788 789 1.0396020000000001
789 790 0.952392
790 791 0.369973
791 792 24.838907
791 793 0.803332
793 794 0.864116
794 795 1.8758339999999998
795 796 29.080935000000004
795 797 36.036373
794 798 30.201916
793 799 24.643859000000003
790 800 23.029045
789 801 25.575458
788 802 21.457348
783 803 0.654842
803 804 0.671754
804 805 30.528147999999998
804 806 18.921338
803 807 25.180312
418 808 1.007617
808 809 1.235074
809 810 2.097747
810 811 24.381752000000002
810 812 9.97263
812 813 8.512028
813 814 9.037685
813 815 8.779058
812 816 19.526602
809 817 3.5092350000000003
817 818 23.074114
817 819 11.774515000000001
819 820 14.734933999999999
819 821 14.524704
808 822 0.151281
822 823 2.335939
823 824 4.818689
824 825 23.228941
824 826 23.529719
823 827 2.950042
827 828 2.518543
828 829 25.96247
828 830 24.325705
827 831 22.744021
822 832 6.68598
832 833 19.27121
832 834 34.974301000000004
383 835 1.818245
835 836 23.551848
835 837 8.925244000000001
837 838 11.113147
837 839 10.837508999999999
382 840 6.771439999999999
840 841 12.696180000000002
841 842 3.532865
841 843 3.779114
840 844 17.640196
381 845 9.575415
845 846 7.3448150000000005
846 847 6.093654
846 848 5.689906000000001
845 849 13.766941
380 850 5.132983
850 851 15.802890999999999
850 852 16.278057
379 853 15.493633
853 854 6.124099999999999
854 855 0.187198
854 856 0.18673800000000002
853 857 6.430162
857 858 0.32062
857 859 0.322137
378 860 2.127147
860 861 0.784234
861 862 1.370493
862 863 16.598743
862 864 0.852447
864 865 1.02956
865 866 14.45347
865 867 14.984536
864 868 4.574763
868 869 0.9244129999999999
869 870 11.187584000000001
869 871 11.240427
868 872 13.046484
861 873 19.236175
860 874 19.422602
367 875 0.389475
875 876 4.749509
876 877 16.205855
876 878 15.411718999999998
875 879 19.565536
366 880 1
880 881 0.8555719999999999
881 882 1
882 883 24.095876
882 884 5.322481
884 885 1
885 886 6.507981999999999
886 887 21.074894
886 888 16.642583
888 889 12.939103
888 890 11.601502
885 891 24.977031999999998
884 892 0.038043
892 893 4.730074
893 894 57.196771999999996
893 895 36.221686
892 896 25.743997
881 897 0.456042
897 898 1.057981
898 899 20.032879
898 900 23.79859
897 901 1.067337
901 902 24.869184
901 903 22.234932
880 904 1.352119
904 905 17.218249
904 906 19.085969
365 907 6.643133
907 908 0.667659
908 909 12.460005
908 910 14.439024
907 911 1
911 912 1.6218179999999998
912 913 1.206489
913 914 11.637993
913 915 16.212251
912 916 9.838421
911 917 10.915616
364 918 8.483958
918 919 12.607017
918 920 14.377899
283 921 0.42905699999999997
921 922 0.311214
922 923 23.315137
922 924 1.2835640000000001
924 925 16.624903
924 926 19.481483
921 927 0.6137830000000001
927 928 6.420432
928 929 11.193843000000001
928 930 11.876502
927 931 16.347913
282 932 4.598501
932 933 1.809476
933 934 13.261724999999998
933 935 12.615671
932 936 2.664347
936 937 9.692083
936 938 11.706356
261 939 1.9929949999999999
939 940 0.072014
940 941 1.6889439999999998
941 942 8.319632
942 943 13.204194
942 944 5.257548
944 945 8.911688
944 946 8.463016
941 947 5.72753
947 948 11.874561
947 949 11.681987000000001
940 950 3.696374
950 951 12.291683
950 952 14.264959
939 953 0.149623
953 954 1.376205
954 955 21.664728999999998
954 956 23.05487
953 957 1.111722
957 958 4.032808
958 959 11.703929
958 960 11.609037
957 961 1.72724
961 962 12.337208
961 963 12.276999
963 964 0.132764
963 965 0.134048
260 966 0.821401
966 967 18.580319
966 968 15.674978000000001
259 969 1
969 970 0.13879
970 971 0.256646
971 972 0.174047
972 973 0.26325099999999996
973 974 0.7443
974 975 17.102027
974 976 16.674501
973 977 17.494988
972 978 0.37682499999999997
978 979 16.666449
978 980 17.110079
971 981 3.510957
981 982 0.26120499999999996
982 983 14.360929
982 984 3.6469500000000004
984 985 10.36147
984 986 10.64559
981 987 14.546159
970 988 0.817169
988 989 0.200842
989 990 16.335902
989 991 17.536106
988 992 2.68568
992 993 15.606199000000002
992 994 13.653439
969 995 0.640331
995 996 16.18731
995 997 13.698783
258 998 1.61626
998 999 0.459169
999 1000 1.316429
1000 1001 1
1001 1002 17.755223
1001 1003 3.7069150000000004
1003 1004 12.127011999999999
1003 1005 3.2251670000000003
1005 1006 9.891007
1005 1007 7.999734999999999
1000 1008 0.8989
1008 1009 13.3497
1008 1010 2.7603880000000003
1010 1011 3.5037930000000004
1011 1012 8.059321
1011 1013 5.859557
1013 1014 1.3793110000000002
1013 1015 1.636358
1010 1016 11.089255000000001
999 1017 4.5209779999999995
1017 1018 12.394078
1017 1019 12.229242
998 1020 2.6174
1020 1021 4.18548
1021 1022 10.766639999999999
1021 1023 10.396666999999999
1020 1024 8.588132
1024 1025 7.474785000000001
1024 1026 6.316947000000001
1026 1027 0.900353
1026 1028 0.887408
231 1029 1.5818860000000001
1029 1030 1.7434
1030 1031 0.159464
1031 1032 1
1032 1033 0.681388
1033 1034 0.9945930000000001
1034 1035 1
1035 1036 9.815801
1036 1037 6.14759
1036 1038 4.293545
1038 1039 2.884301
1038 1040 2.916426
1035 1041 1.156137
1041 1042 1.563566
1042 1043 1.906052
1043 1044 2.1597049999999998
1044 1045 7.8157630000000005
1045 1046 1.281472
1045 1047 1.172392
1044 1048 3.819186
1048 1049 6.982570000000001
1048 1050 6.833919
1043 1051 4.093133
1051 1052 6.452883
1051 1053 6.677771000000001
1042 1054 3.418425
1054 1055 2.5672099999999998
1055 1056 6.634382
1055 1057 2.796253
1057 1058 4.820597
1057 1059 6.235688000000001
1054 1060 11.070798
1041 1061 0.16245199999999999
1061 1062 2.2932259999999998
1062 1063 9.682584
1062 1064 3.198947
1064 1065 9.648596
1064 1066 8.242144999999999
1061 1067 1.469417
1067 1068 1.147799
1068 1069 10.281091
1068 1070 14.259514000000001
1067 1071 4.980342
1071 1072 7.757504
1071 1073 7.173841
1034 1074 3.712649
1074 1075 5.907171
1075 1076 8.333938
1076 1077 6.276279999999999
1076 1078 7.816884
1075 1079 16.585925000000003
1074 1080 13.265595
1033 1081 1.970574
1081 1082 1.180109
1082 1083 12.172260999999999
1082 1084 14.38438
1081 1085 0.320254
1085 1086 12.163133
1085 1087 12.79215
1032 1088 1
1088 1089 15.247688
1088 1090 5.056623
1090 1091 6.536517999999999
1091 1092 4.959866
1091 1093 4.287311
1090 1094 12.457582
1031 1095 0.9613419999999999
1095 1096 0.768161
1096 1097 0.327347
1097 1098 4.360684
1098 1099 7.711321
1099 1100 2.6369960000000003
1099 1101 2.925884
1098 1102 12.215771
1097 1103 1.9076699999999998
1103 1104 12.929507000000001
1103 1105 1.718767
1105 1106 4.174036
1106 1107 8.124214
1106 1108 9.840618
1105 1109 11.779061
1096 1110 10.57709
1110 1111 3.320049
1110 1112 3.38226
1095 1113 3.3442640000000003
1113 1114 4.872585
1114 1115 6.533614
1114 1116 7.490254
1113 1117 14.267562
1030 1118 0.155177
1118 1119 11.978591
1119 1120 14.206442999999998
1119 1121 13.993252
1118 1122 0.63536
1122 1123 15.465796000000001
1122 1124 2.32957
1124 1125 0.31206
1125 1126 2.195002
1126 1127 2.190483
1127 1128 8.938106
1127 1129 8.730920000000001
1126 1130 4.522524
1130 1131 12.212693
1130 1132 11.019292
1125 1133 0.462634
1133 1134 13.11716
1133 1135 11.011517
1124 1136 1
1136 1137 11.701232000000001
1136 1138 2.7200309999999996
1138 1139 13.027507
1138 1140 0.759406
1140 1141 16.4844
1140 1142 9.646855
1029 1143 0.47936999999999996
1143 1144 4.281473999999999
1144 1145 2.8347480000000003
1145 1146 10.292337999999999
1145 1147 10.171022
1144 1148 13.579457
1143 1149 14.623626000000002
212 1150 0.646598
1150 1151 0.496791
1151 1152 0.174406
1152 1153 15.365039999999999
1152 1154 17.088969000000002
1151 1155 16.85526
1150 1156 14.648302
167 1157 2.236682
1157 1158 14.113451
1157 1159 1.679556
1159 1160 13.118909
1159 1161 15.874099
156 1162 5.025163
1162 1163 10.921498999999999
1162 1164 11.666464
81 1165 0.06360600000000001
1165 1166 0.192331
1166 1167 0.6472979999999999
1167 1168 14.450354
1167 1169 14.277124999999998
1166 1170 0.975286
1170 1171 14.513551999999999
1170 1172 15.103316999999999
1165 1173 0.288726
1173 1174 0.08330800000000001
1174 1175 9.540405
1175 1176 4.99177
1175 1177 5.087941
1174 1178 0.176943
1178 1179 14.167506999999999
1178 1180 1.110599
1180 1181 13.356334
1180 1182 9.069512
1182 1183 2.491304
1183 1184 1.472566
1183 1185 1.430248
1182 1186 4.301356
1173 1187 0.30580300000000005
1187 1188 0.29325
1188 1189 12.991797
1188 1190 13.993119000000002
1187 1191 0.31500500000000003
1191 1192 13.242130999999999
1191 1193 12.973972
44 1194 0.265949
1194 1195 0.038265
1195 1196 0.543008
1196 1197 14.766888999999999
1196 1198 14.492749
1195 1199 0.42601
1199 1200 2.421183
1200 1201 2.88094
1201 1202 7.519141
1201 1203 6.852051
1200 1204 10.470017
1199 1205 0.700658
1205 1206 11.889474
1205 1207 13.065809
1194 1208 0.340446
1208 1209 0.800541
1209 1210 13.617406
1209 1211 12.768736
1208 1212 6.254382
1212 1213 8.121919
1212 1214 9.252785
41 1215 26.189472000000002
40 1216 0.542481
1216 1217 16.454889
1216 1218 6.249797
1218 1219 8.935619
1218 1220 8.807219
35 1221 0.177956
1221 1222 2.67759
1222 1223 11.596165
1222 1224 13.776575999999999
1221 1225 1.018588
1225 1226 13.664959
1225 1227 14.359770999999999
34 1228 1.7291979999999998
1228 1229 1.113625
1229 1230 3.236732
1230 1231 8.733702000000001
1230 1232 6.870540999999999
1232 1233 2.4324339999999998
1232 1234 2.364802
1229 1235 13.749648
1228 1236 2.174449
1236 1237 4.579423
1237 1238 5.302805
1238 1239 1.472418
1238 1240 1.205428
1237 1241 5.946361
1236 1242 1.40131
1242 1243 9.770018
1242 1244 9.091251999999999
33 1245 0.424336
1245 1246 1.7792519999999998
1246 1247 5.059306
1247 1248 8.658783
1247 1249 8.569313000000001
1246 1250 14.805152
1245 1251 5.4745420000000005
1251 1252 10.365630000000001
1251 1253 10.875952999999999
32 1254 0.063487
1254 1255 0.772014
1255 1256 15.351011
1255 1257 15.349528000000001
1254 1258 0.157383
1258 1259 13.149956
1258 1260 0.49593
1260 1261 0.22074500000000002
1261 1262 12.435058
1261 1263 14.036277
1260 1264 0.045617
1264 1265 0.186287
1265 1266 0.24386899999999997
1266 1267 13.310694000000002
1266 1268 12.145874
1265 1269 5.39229
1269 1270 10.41893
1269 1271 7.3239090000000004
1264 1272 0.8912150000000001
1272 1273 10.484820000000001
1272 1274 10.992201
19 1275 2.486789
1275 1276 11.64602
1275 1277 13.810548
18 1278 1
1278 1279 0.136639
1279 1280 0.599497
1280 1281 15.336588
1280 1282 15.182079000000002
1279 1283 16.596238
1278 1284 0.5509390000000001
1284 1285 0.8080719999999999
1285 1286 0.157891
1286 1287 13.035382
1286 1288 0.43012199999999995
1288 1289 11.679904
1288 1290 11.633061999999999
1285 1291 0.256594
1291 1292 0.25693299999999997
1292 1293 11.080861
1292 1294 0.296489
1294 1295 10.998489
1294 1296 12.314476
1291 1297 15.066687000000002
1284 1298 13.072955
17 1299 0.156132
1299 1300 13.860248
1299 1301 1.1339540000000001
1301 1302 14.267155
1301 1303 14.372057999999999
16 1304 0.062586
1304 1305 0.605799
1305 1306 12.994381999999998
1305 1307 0.27299300000000004
1307 1308 12.207305999999999
1307 1309 12.003537999999999
1304 1310 0.325532
1310 1311 8.03767
1311 1312 4.578069
1311 1313 4.6691080000000005
1310 1314 2.427394
1314 1315 9.694519
1314 1316 10.15344
5 1317 0.11239799999999998
1317 1318 12.308151
1317 1319 0.377379
1319 1320 0.39338300000000004
1320 1321 11.826776
1320 1322 10.841320999999999
1319 1323 13.566132
4 1324 1
1324 1325 1
1325 1326 13.870783000000001
1325 1327 0.06485300000000001
1327 1328 13.788777
1327 1329 0.607299
1329 1330 1
1330 1331 0.46028600000000003
1331 1332 11.267115
1331 1333 11.722567999999999
1330 1334 0.219174
1334 1335 0.361632
1335 1336 0.840856
1336 1337 0.22547299999999998
1337 1338 10.591447
1337 1339 11.280013
1336 1340 8.541421
1340 1341 5.9628559999999995
1340 1342 5.887294
1335 1343 0.755467
1343 1344 10.405718
1343 1345 10.057642
1334 1346 0.024619000000000002
1346 1347 0.6797369999999999
1347 1348 0.7010770000000001
1348 1349 1
1349 1350 1.328351
1350 1351 10.511262
1350 1352 10.339953
1349 1353 0.473013
1353 1354 0.055951
1354 1355 1
1355 1356 0.279496
1356 1357 0.68491
1357 1358 0.496656
1358 1359 9.750593
1358 1360 10.250624
1357 1361 9.35089
1356 1362 11.528407
1355 1363 11.821296
1354 1364 1
1364 1365 1
1365 1366 0.236734
1366 1367 0.04458
1367 1368 1.77905
1368 1369 9.399837
1368 1370 10.218969
1367 1371 12.104919
1366 1372 0.083701
1372 1373 0.7558320000000001
1373 1374 1
1374 1375 0.089632
1375 1376 1
1376 1377 0.906736
1377 1378 9.851008
1377 1379 0.9024620000000001
1379 1380 1.3302049999999999
1380 1381 7.633584
1380 1382 6.947022
1379 1383 7.989494
1376 1384 12.238593999999999
1375 1385 0.08353100000000001
1385 1386 0.042321
1386 1387 0.7193849999999999
1387 1388 11.819735000000001
1387 1389 9.814753
1386 1390 11.425481
1385 1391 1
1391 1392 0.156303
1392 1393 0.403604
1393 1394 1
1394 1395 0.617941
1395 1396 0.15849
1396 1397 0.848809
1397 1398 1
1398 1399 1
1399 1400 0.9407479999999999
1400 1401 1
1401 1402 0.754038
1402 1403 1
1403 1404 0.9283370000000001
1404 1405 0.18174400000000002
1405 1406 2.352191
1406 1407 6.029358
1406 1408 5.422442
1405 1409 1
1409 1410 8.332601
1409 1411 0.510203
1411 1412 0.399069
1412 1413 1
1413 1414 0.936364
1414 1415 0.10255900000000001
1415 1416 1
1416 1417 1
1417 1418 0.191997
1418 1419 6.849669
1418 1420 0.091624
1420 1421 7.061863
1420 1422 1.1958
1422 1423 1
1423 1424 0.506398
1424 1425 0.6790240000000001
1425 1426 0.924165
1426 1427 3.827009
1426 1428 3.607743
1425 1429 4.54271
1424 1430 0.228066
1430 1431 1.452074
1431 1432 3.68244
1431 1433 3.813805
1430 1434 0.21469800000000003
1434 1435 5.377631
1434 1436 4.896014
1423 1437 6.001341
1422 1438 1
1438 1439 0.670598
1439 1440 1
1440 1441 1.10687
1441 1442 1
1442 1443 1
1443 1444 11.662558
1443 1445 0.35021
1445 1446 0.150164
1446 1447 0.094385
1447 1448 0.06604
1448 1449 0.07759
1449 1450 0.053200000000000004
1450 1451 0.058725
1451 1452 0.8051050000000001
1452 1453 0.350992
1453 1454 0.026404999999999998
1454 1455 0.589153
1455 1456 1
1456 1457 0.9743140000000001
1457 1458 1
1458 1459 7.700290999999999
1458 1460 0.092396
1460 1461 7.844004
1460 1462 0.169881
1462 1463 0.088134
1463 1464 0.32633599999999996
1464 1465 1
1465 1466 0.319384
1466 1467 0.024528
1467 1468 0.18166600000000002
1468 1469 0.147847
1469 1470 0.431272
1470 1471 0.10707100000000001
1471 1472 1
1472 1473 0.086688
1473 1474 0.235783
1474 1475 0.703577
1475 1476 1
1476 1477 0.104658
1477 1478 0.266507
1478 1479 2.396043
1478 1480 0.19395199999999999
1480 1481 1
1481 1482 0.28725
1482 1483 0.033264
1483 1484 0.096544
1484 1485 0.280144
1485 1486 0.146836
1486 1487 0.17665
1487 1488 0.21849000000000002
1488 1489 0.085431
1489 1490 0.178252
1490 1491 0.8109190000000001
1490 1492 0.139516
1492 1493 0.8947309999999999
1492 1494 0.251129
1494 1495 0.235599
1495 1496 0.9444620000000001
1495 1497 0.240294
1494 1498 0.439832
1489 1499 1.009377
1488 1500 0.9871960000000001
1487 1501 1.954842
1486 1502 2.002427
1485 1503 1.576319
1484 1504 2.009632
1483 1505 1.9063279999999998
1482 1506 1.8929049999999998
1481 1507 2.167916
1480 1508 0.779915
1508 1509 1.402827
1508 1510 1.3311689999999998
1477 1511 2.4975669999999996
1476 1512 2.92394
1475 1513 0.179022
1513 1514 0.504876
1514 1515 1.618883
1514 1516 1.736846
1513 1517 0.550666
1517 1518 1.776948
1517 1519 2.2657059999999998
1474 1520 4.840243
1473 1521 4.460839
1472 1522 3.4498510000000002
1471 1523 0.20922200000000002
1523 1524 2.745434
1523 1525 2.758153
1470 1526 0.323125
1526 1527 0.291474
1527 1528 2.46875
1527 1529 2.621642
1526 1530 2.904628
1469 1531 3.772272
1468 1532 3.5842020000000003
1467 1533 3.658696
1466 1534 4.104004
1465 1535 4.05047
1464 1536 0.113531
1536 1537 4.0026600000000006
1536 1538 3.740263
1463 1539 4.1752709999999995
1462 1540 4.5187409999999995
1457 1541 1
1541 1542 3.9796030000000004
1541 1543 0.33004900000000004
1543 1544 0.291815
1544 1545 3.233539
1544 1546 0.540312
1546 1547 0.28767
1547 1548 2.598499
1547 1549 2.550722
1546 1550 2.861856
1550 1551 0.081707
1550 1552 0.078209
1543 1553 3.8168550000000003
1456 1554 4.583487
1455 1555 0.067551
1555 1556 3.957944
1555 1557 3.908745
1454 1558 4.627688
1453 1559 4.731178
1452 1560 5.2175
1451 1561 6.296277999999999
1450 1562 6.375146
1449 1563 6.324006
1448 1564 6.462026
1447 1565 6.180277
1446 1566 6.502999
1445 1567 6.687587000000001
1442 1568 0.248689
1568 1569 6.117449
1568 1570 6.133918
1441 1571 1
1571 1572 0.679671
1572 1573 1.032013
1573 1574 4.206962
1573 1575 0.568689
1575 1576 3.677194
1575 1577 4.003953
1572 1578 0.153879
1578 1579 0.238455
1579 1580 5.0467949999999995
1579 1581 0.5354420000000001
1581 1582 4.863326
1581 1583 0.875998
1583 1584 3.452154
1583 1585 3.31081
1578 1586 5.0154499999999995
1571 1587 6.769049000000001
1440 1588 6.861515
1439 1589 1
1589 1590 1.142952
1590 1591 0.6156469999999999
1591 1592 0.19159500000000002
1592 1593 7.131234
1592 1594 1.6300379999999999
1594 1595 3.1897050000000005
1594 1596 3.816568
1591 1597 0.623077
1597 1598 0.530625
1598 1599 4.652789
1598 1600 45.154984
1597 1601 4.6809650000000005
1590 1602 0.273642
1602 1603 6.487691
1602 1604 6.847841000000001
1589 1605 10.176084000000001
1438 1606 1.545923
1606 1607 5.110879
1606 1608 5.814193
1417 1609 7.115105
1416 1610 1.060052
1610 1611 6.863429
1610 1612 6.746435000000001
1415 1613 0.136185
1613 1614 0.38967199999999996
1614 1615 6.026769
1614 1616 6.358979
1613 1617 6.516349000000001
1414 1618 0.174913
1618 1619 6.522741999999999
1618 1620 0.213153
1620 1621 6.492927
1620 1622 6.29791
1413 1623 8.718707
1412 1624 0.12531
1624 1625 6.872644
1624 1626 0.069288
1626 1627 6.742090000000001
1626 1628 6.525067
1411 1629 7.308141
1404 1630 1
1630 1631 0.22378099999999998
1631 1632 0.286746
1632 1633 7.262104
1632 1634 6.969905
1631 1635 7.8109139999999995
1630 1636 8.71392
1403 1637 9.765905
1402 1638 1.272945
1638 1639 7.09039
1638 1640 7.560192000000001
1401 1641 9.877884
1400 1642 1.668924
1642 1643 6.346652
1643 1644 0.951776
1643 1645 0.8911610000000001
1642 1646 3.922485
1646 1647 3.7278659999999997
1646 1648 3.6454649999999997
1399 1649 10.711241000000001
1398 1650 0.10905000000000001
1650 1651 10.916559000000001
1650 1652 1.001185
1652 1653 10.785079
1652 1654 9.678281
1397 1655 1.499312
1655 1656 1.264809
1656 1657 0.394699
1657 1658 0.607185
1658 1659 0.29030100000000003
1659 1660 0.31747899999999996
1660 1661 3.905035
1660 1662 0.182572
1662 1663 3.548769
1662 1664 3.947476
1659 1665 1.894143
1665 1666 2.4205669999999997
1665 1667 0.152442
1667 1668 2.124336
1667 1669 2.207248
1658 1670 4.202636
1657 1671 5.020526
1656 1672 1
1672 1673 2.303509
1673 1674 0.489281
1674 1675 4.007009
1674 1676 3.859679
1673 1677 1.5461930000000002
1677 1678 2.8415139999999997
1677 1679 0.833749
1679 1680 1.913873
1679 1681 0.802655
1681 1682 1.255588
1682 1683 0.025922
1682 1684 0.027326
1681 1685 0.270924
1685 1686 0.954782
1685 1687 0.726341
1687 1688 0.106821
1687 1689 0.106514
1672 1690 6.8461359999999996
1690 1691 0.027715999999999998
1690 1692 0.025532000000000003
1655 1693 0.206779
1693 1694 1.7093440000000002
1694 1695 1.105312
1695 1696 0.582182
1696 1697 0.285947
1697 1698 1.892355
1698 1699 1.983569
1698 1700 1.771756
1697 1701 3.388969
1696 1702 3.5878180000000004
1695 1703 1
1703 1704 1.827198
1704 1705 2.904791
1705 1706 1
1705 1707 1
1704 1708 2.658089
1703 1709 3.9728909999999997
1694 1710 3.344944
1710 1711 0.125724
1711 1712 2.474832
1711 1713 3.0880479999999997
1713 1714 1
1713 1715 1
1710 1716 2.514162
1693 1717 2.525804
1717 1718 5.46503
1717 1719 1.797896
1719 1720 1.7584510000000002
1720 1721 1.802799
1720 1722 1.952526
1719 1723 3.0703769999999997
1396 1724 1
1724 1725 0.677512
1725 1726 9.158018
1725 1727 9.253332
1724 1728 11.009077000000001
1395 1729 0.353232
1729 1730 9.070962
1729 1731 11.160881
1394 1732 10.48217
1393 1733 0.15643600000000002
1733 1734 11.290899
1733 1735 2.018605
1735 1736 9.681339999999999
1735 1737 11.014433
1392 1738 0.303184
1738 1739 11.937783
1738 1740 10.971346
1391 1741 0.751714
1741 1742 10.310241000000001
1741 1743 11.088198
1374 1744 1
1744 1745 0.190955
1745 1746 0.615313
1746 1747 0.546248
1747 1748 8.414545
1747 1749 8.013729
1746 1750 9.465081
1745 1751 0.400031
1751 1752 11.307057
1751 1753 10.802303
1744 1754 11.456816
1373 1755 1
1755 1756 0.22847399999999998
1756 1757 0.620873
1757 1758 3.9844989999999996
1758 1759 4.356626
1759 1760 0.155002
1760 1761 0.192861
1761 1762 1.187745
1761 1763 1.154495
1760 1764 0.874516
1764 1765 0.408063
1764 1766 0.39668000000000003
1759 1767 0.44655600000000006
1767 1768 0.357392
1768 1769 0.124982
1769 1770 0.580742
1769 1771 0.604014
1768 1772 0.740865
1767 1773 0.688872
1773 1774 0.014059
1774 1775 0.290917
1774 1776 0.29796
1773 1777 0.280379
1758 1778 4.783438
1778 1779 1.7523440000000001
1778 1780 1.3764290000000001
1757 1781 11.016589999999999
1756 1782 13.596570999999999
1755 1783 11.160919
1372 1784 0.189259
1784 1785 10.01002
1784 1786 11.624469
1365 1787 1.506122
1787 1788 13.131331
1787 1789 15.684536
1364 1790 0.49537000000000003
1790 1791 12.379058
1790 1792 2.855452
1792 1793 8.669697
1792 1794 8.339175000000001
1353 1795 0.29107299999999997
1795 1796 0.072536
1796 1797 1.447879
1797 1798 9.409283
1797 1799 9.308069
1799 1800 0.47200200000000003
1799 1801 0.495253
1796 1802 11.289649
1795 1803 10.881217999999999
1348 1804 12.646572
1804 1805 1
1805 1806 2.6703959999999998
1806 1807 0.5892620000000001
1807 1808 0.31398200000000004
1808 1809 0.063831
1809 1810 0.038891
1810 1811 0.097632
1811 1812 0.162348
1812 1813 0.30346
1812 1814 0.339297
1811 1815 0.038052
1815 1816 0.237748
1816 1817 0.21284799999999998
1816 1818 0.21473799999999998
1815 1819 0.434459
1810 1820 0.144613
1820 1821 0.172373
1821 1822 0.270267
1821 1823 0.157949
1823 1824 0.083916
1823 1825 0.076
1820 1826 0.18828
1826 1827 0.239917
1826 1828 0.241374
1809 1829 0.026668999999999998
1829 1830 0.091365
1830 1831 0.485927
1830 1832 0.481328
1829 1833 0.063931
1833 1834 0.050522000000000004
1834 1835 0.141013
1835 1836 0.357546
1835 1837 0.339149
1834 1838 0.505389
1833 1839 0.548837
1808 1840 0.25953
1840 1841 0.10346999999999999
1841 1842 0.331617
1841 1843 0.124172
1843 1844 0.19664199999999998
1843 1845 0.17729499999999998
1840 1846 0.18499000000000002
1846 1847 0.241595
1846 1848 0.07961
1848 1849 0.130608
1848 1850 0.136204
1807 1851 0.45488300000000004
1851 1852 0.210977
1852 1853 0.072225
1853 1854 0.5333519999999999
1853 1855 0.228078
1855 1856 0.275685
1856 1857 0.056304
1856 1858 0.05025
1855 1859 0.113806
1859 1860 0.21384099999999998
1859 1861 0.213744
1852 1862 0.072113
1862 1863 0.528462
1862 1864 0.547425
1851 1865 0.482571
1865 1866 0.31183500000000003
1865 1867 0.330921
1806 1868 0.042012
1868 1869 0.289765
1869 1870 1.320889
1869 1871 0.8129890000000001
1871 1872 0.652334
1872 1873 0.47294800000000004
1872 1874 0.226314
1874 1875 0.215834
1874 1876 0.211752
1871 1877 0.013467000000000002
1877 1878 0.31949
1878 1879 0.018991
1879 1880 0.0417
1880 1881 0.025373000000000003
1881 1882 0.40481500000000004
1881 1883 0.078551
1883 1884 0.318019
1883 1885 0.32473799999999997
1880 1886 0.06609899999999999
1886 1887 0.40292799999999995
1886 1888 0.134493
1888 1889 0.22247
1888 1890 0.258822
1879 1891 0.125121
1891 1892 0.322262
1891 1893 0.320495
1878 1894 0.551097
1877 1895 0.8548180000000001
1868 1896 0.9836980000000001
1896 1897 0.09254699999999999
1897 1898 0.243022
1898 1899 0.039721
1899 1900 0.341677
1900 1901 0.25048000000000004
1900 1902 0.083733
1902 1903 0.14563
1902 1904 0.068048
1904 1905 0.077082
1904 1906 0.08283299999999999
1899 1907 0.23219199999999998
1907 1908 0.34212499999999996
1907 1909 0.35457
1898 1910 0.198969
1910 1911 0.39667900000000006
1910 1912 0.140566
1912 1913 0.270696
1912 1914 0.264359
1897 1915 0.5064690000000001
1915 1916 0.352406
1916 1917 0.267966
1916 1918 0.26709
1915 1919 0.646694
1896 1920 1
1920 1921 0.153947
1921 1922 1.0547630000000001
1921 1923 0.099484
1923 1924 0.18777100000000002
1924 1925 0.517547
1924 1926 0.209675
1926 1927 0.273799
1926 1928 0.261256
1923 1929 0.724916
1920 1930 0.9592750000000001
1805 1931 3.160843
1804 1932 5.449176
1932 1933 0.943366
1933 1934 0.9300360000000001
1933 1935 0.211572
1935 1936 0.675274
1935 1937 0.727925
1932 1938 0.770888
1938 1939 0.697377
1938 1940 0.276455
1940 1941 0.41027399999999997
1940 1942 0.39446899999999996
1347 1943 0.072645
1943 1944 0.10910399999999999
1944 1945 0.262284
1945 1946 11.195457000000001
1945 1947 11.152735
1944 1948 0.368092
1948 1949 0.357726
1949 1950 9.960971
1949 1951 10.734802
1948 1952 0.180402
1952 1953 1
1953 1954 0.22930699999999998
1954 1955 0.6487729999999999
1955 1956 8.663045
1955 1957 9.301788
1954 1958 11.143509
1953 1959 11.116141
1952 1960 0.009287
1960 1961 9.475394
1960 1962 0.289604
1962 1963 0.6794910000000001
1963 1964 8.764702
1963 1965 8.978136000000001
1962 1966 10.335338
1943 1967 0.602179
1967 1968 10.747957
1967 1969 13.053140999999998
1346 1970 3.033573
1970 1971 8.756694
1970 1972 1.3550710000000001
1972 1973 5.79414
1973 1974 1.799472
1973 1975 1.898578
1972 1976 9.147302999999999
1329 1977 0.175265
1977 1978 0.678551
1978 1979 11.949168
1978 1980 11.688788
1977 1981 1.8585150000000001
1981 1982 7.673215
1982 1983 3.236773
1983 1984 2.662937
1983 1985 2.251364
1982 1986 4.581591
1981 1987 12.348661
1324 1988 4.7565789999999994
1988 1989 9.639308
1988 1990 9.751222
3 1991 12.511341000000002
2 1992 0.506487
1992 1993 11.244292999999999
1992 1994 0.12987400000000002
1994 1995 11.588374
1994 1996 11.886873000000001
1 1997 10.482921000000001
1 1998 11.230455000000001
