1 2 340.852107
2 3 202.128891
3 4 161.285751
4 5 353.400807
5 6 203.654651
5 7 73.656932
4 8 552.696369
3 9 720.553074
2 10 28.748128
10 11 40.088495
11 12 0.876677
12 13 993.8403559999999
12 14 1
14 15 20.595204
15 16 56.38740800000001
16 17 908.806494
16 18 371.71657
18 19 527.037873
18 20 537.4559760000001
15 21 964.639879
14 22 6.702447
22 23 3.418423
23 24 987.049294
23 25 24.892898
25 26 45.255075
26 27 81.76825
27 28 217.8781
28 29 612.604094
28 30 620.239792
27 31 837.2163240000001
26 32 914.0857609999999
25 33 964.6256810000001
22 34 6.635296
34 35 7.977467000000001
35 36 23.81513
36 37 965.7805970000001
36 38 52.496522999999996
38 39 186.184164
39 40 719.735605
39 41 726.072745
38 42 914.132693
35 43 987.139556
34 44 1
44 45 4.674728
45 46 24.564923999999998
46 47 18.635949
47 48 77.698195
48 49 145.664278
49 50 723.03525
49 51 716.427989
48 52 870.3083039999999
47 53 949.173906
46 54 968.8151740000001
45 55 35.059841000000006
55 56 123.81659599999999
56 57 304.208691
57 58 529.038795
57 59 515.968755
56 60 833.643871
55 61 958.77222
44 62 1.479966
62 63 4.158945
63 64 1
64 65 4.112985
65 66 994.840192
65 67 31.708190000000002
67 68 960.7039
67 69 13.729409
69 70 25.277462
70 71 61.542082
71 72 244.611092
72 73 607.024994
72 74 612.045347
71 75 860.0235160000001
70 76 919.593392
69 77 945.8068559999999
64 78 70.602541
78 79 925.088497
78 80 924.816
63 81 5.936306999999999
81 82 145.565819
82 83 840.9014129999999
82 84 160.547992
84 85 676.0887379999999
84 86 683.497055
81 87 45.450868
87 88 106.331477
88 89 831.923288
88 90 837.4380540000001
87 91 945.387622
62 92 1
92 93 2.035692
93 94 2.959168
94 95 1
95 96 845.1466059999999
96 97 149.388486
96 98 149.705849
95 99 9.829103
99 100 101.01798900000001
100 101 884.6660509999999
100 102 882.357256
99 103 1.093277
103 104 729.635481
104 105 257.06390799999997
104 106 256.266852
103 107 4.42556
107 108 3.203623
108 109 3.352838
109 110 1
110 111 3.318723
111 112 1.152042
112 113 1.137988
113 114 3.032216
114 115 4.939139
115 116 2.803524
116 117 5.521259
117 118 2.414345
118 119 4.72327
119 120 3.977152
120 121 8.592616
121 122 11.174808
122 123 7.092523000000001
123 124 8.634317
124 125 10.850927
125 126 13.519979
126 127 17.788392
127 128 24.848225
128 129 86.553486
129 130 50.854287
130 131 219.274939
131 132 238.004306
132 133 255.880486
132 134 1
131 135 493.047945
130 136 711.481547
129 137 764.595701
128 138 852.17136
127 139 876.5993480000001
126 140 894.068285
125 141 907.031235
124 142 916.840034
123 143 924.8377100000001
122 144 931.4110579999999
121 145 942.7569330000001
120 146 950.647841
119 147 957.3137810000001
118 148 961.4410879999999
117 149 965.604401
116 150 968.7152299999999
115 151 973.437916
114 152 975.5956449999999
113 153 982.0823109999999
112 154 980.328271
111 155 982.557983
110 156 986.011558
109 157 328.537016
157 158 646.953926
157 159 639.211939
108 160 204.79614800000002
160 161 773.6463269999999
160 162 765.759576
107 163 372.768048
163 164 604.867492
163 165 607.277777
94 166 8.276814
166 167 95.615124
167 168 343.65674
168 169 546.4416
168 170 528.952123
167 171 889.261086
166 172 67.064548
172 173 56.157556
173 174 386.380657
174 175 477.226247
174 176 461.68703000000005
173 177 863.609574
172 178 920.438698
93 179 3.322146
179 180 4.8523950000000005
180 181 56.995226
181 182 30.91349
182 183 903.043714
182 184 221.16570900000002
184 185 672.992312
184 186 677.285943
181 187 931.440435
180 188 734.5361429999999
188 189 253.59691199999997
188 190 249.98776
179 191 1
191 192 13.210343
192 193 1
193 194 2.9745179999999998
194 195 1.47555
195 196 9.991555
196 197 10.528981
197 198 5.948595999999999
198 199 10.628985
199 200 36.96253
200 201 76.949646
201 202 127.049279
202 203 708.624803
202 204 693.514746
204 205 1
204 206 5.733615
201 207 838.5712639999999
200 208 914.2429500000001
199 209 950.8731539999999
198 210 957.513374
197 211 965.992393
196 212 978.469477
195 213 985.534383
194 214 989.8354559999999
193 215 992.0344809999999
192 216 91.806272
216 217 888.72509
216 218 890.389246
191 219 995.943505
92 220 1.825009
220 221 1
221 222 0.7244419999999999
222 223 1
223 224 6.41539
224 225 35.605083
225 226 958.6459570000001
225 227 18.153833
227 228 32.413445
228 229 72.051097
229 230 170.039539
230 231 651.311211
230 232 663.793374
229 233 834.4581059999999
228 234 908.081253
227 235 938.456727
224 236 3.9887230000000002
236 237 54.228958999999996
237 238 259.548291
238 239 669.815119
238 240 670.794451
237 241 75.17232299999999
241 242 855.99518
241 243 859.092479
236 244 14.080384000000002
244 245 24.15581
245 246 43.862396
246 247 222.15720499999998
247 248 686.386127
247 249 673.051933
246 250 906.966717
245 251 93.401151
251 252 847.9624590000001
251 253 857.533044
244 254 0.037437
254 255 208.152916
255 256 764.946491
255 257 759.0323910000001
254 258 615.186874
258 259 171.500114
259 260 182.385269
259 261 52.129555
261 262 131.758559
261 263 133.387861
258 264 354.581953
223 265 84.901163
265 266 913.033153
265 267 910.439637
222 268 5.528856
268 269 0.93179
269 270 6.299881
270 271 9.584457
271 272 3.925908
272 273 5.111642000000001
273 274 14.349115000000001
274 275 9.309923000000001
275 276 21.253651
276 277 19.898797
277 278 41.032191000000005
278 279 92.6086
279 280 332.73449
280 281 437.206706
280 282 387.06755
279 283 768.655671
278 284 863.169733
277 285 902.3372939999999
276 286 921.741396
275 287 941.770352
274 288 954.0756240000001
273 289 963.375235
272 290 971.872357
271 291 976.288372
270 292 987.889465
269 293 430.773192
293 294 562.038949
293 295 561.347154
268 296 7.703713
296 297 987.262288
296 298 35.89086
298 299 231.15667100000002
299 300 715.230472
299 301 714.696233
298 302 951.103659
221 303 0.895108
303 304 0.25321699999999997
304 305 0.09189699999999999
305 306 0.8237039999999999
306 307 3.80676
307 308 1.430662
308 309 4.295686
309 310 1
310 311 994.2374609999999
310 312 11.967889
312 313 4.349222
313 314 12.366569
314 315 17.205061999999998
315 316 16.215204
316 317 52.320102
317 318 61.643769000000006
318 319 317.93953799999997
319 320 485.288109
319 321 495.749908
318 322 816.4187289999999
317 323 878.6656009999999
316 324 930.39939
315 325 948.1040849999999
314 326 964.8707720000001
313 327 974.660923
312 328 977.9122689999999
309 329 40.756238
329 330 1
330 331 31.096648
331 332 926.559713
331 333 45.376836999999995
333 334 180.832474
334 335 701.285792
334 336 688.302923
333 337 880.471082
330 338 957.372491
329 339 96.609432
339 340 851.0883140000001
339 341 557.230928
341 342 295.579565
341 343 260.63173800000004
308 344 278.19443
344 345 715.283469
344 346 708.610591
307 347 62.330266
347 348 928.2561559999999
347 349 932.052912
306 350 5.765659
350 351 34.975173999999996
351 352 92.285378
352 353 861.7034759999999
352 354 868.4835059999999
351 355 959.746053
350 356 16.112107
356 357 1
357 358 17.291318
358 359 59.598589999999994
359 360 283.140707
360 361 613.721587
360 362 615.986168
359 363 902.680354
358 364 962.68794
357 365 976.6626820000001
356 366 18.070331
366 367 961.0352770000001
366 368 60.689506
368 369 304.291504
369 370 592.1399680000001
369 371 577.2322939999999
368 372 895.433749
305 373 0.137879
373 374 0.106183
374 375 0.42904299999999995
375 376 0.727006
376 377 0.760247
377 378 2.6072990000000003
378 379 997.775403
378 380 3.3324890000000003
380 381 991.8570669999999
380 382 9.284375
382 383 979.160087
382 384 8.811045
384 385 18.008835
385 386 15.170497999999998
386 387 41.719909
387 388 208.880278
388 389 682.04842
388 390 691.2010399999999
387 391 897.654906
386 392 943.395705
385 393 958.7141770000001
384 394 973.273762
377 395 1
395 396 0.961544
396 397 3.842902
397 398 1
398 399 996.4328509999999
398 400 4.214355
400 401 3.2201899999999997
401 402 5.436165
402 403 2.401617
403 404 979.7334299999999
403 405 13.598384
405 406 6.322646
406 407 6.499864
407 408 16.840066
408 409 20.691375
409 410 34.529771
410 411 58.934631
411 412 359.30998999999997
412 413 441.398199
412 414 457.57944999999995
411 415 823.6034520000001
410 416 884.330179
409 417 916.282498
408 418 935.1026559999999
407 419 956.3389430000001
406 420 961.6478280000001
405 421 965.831621
402 422 984.971363
401 423 988.4057379999999
400 424 991.0488770000001
397 425 88.782557
425 426 904.153296
425 427 902.745507
396 428 998.132007
395 429 557.697908
429 430 439.38293799999997
429 431 439.26755999999995
376 432 0.284744
432 433 0.6920489999999999
433 434 1.611553
434 435 9.887664000000001
435 436 78.147796
436 437 908.17693
436 438 96.009502
438 439 808.945272
438 440 809.283081
435 441 14.230248000000001
441 442 97.613884
442 443 872.6392450000001
442 444 873.881601
441 445 50.02398300000001
445 446 118.34193099999999
446 447 573.369938
447 448 230.147114
447 449 168.875453
446 450 803.739575
445 451 755.707302
451 452 164.405692
451 453 163.40934000000001
434 454 41.514141
454 455 1
455 456 27.993933
456 457 266.361219
457 458 666.089467
457 459 661.2395730000001
456 460 932.373866
455 461 961.50702
454 462 69.645546
462 463 885.7982249999999
462 464 280.27158399999996
464 465 600.688219
464 466 603.692608
433 467 0.671365
467 468 1.559764
468 469 2.0901170000000002
469 470 14.598232
470 471 158.282211
471 472 821.7600709999999
471 473 821.8730869999999
470 474 64.591768
474 475 106.40238900000001
475 476 804.767548
475 477 807.794932
474 478 915.978061
469 479 3.7357210000000003
479 480 1
480 481 2.419403
481 482 86.566509
482 483 903.0554099999999
482 484 901.1933450000001
481 485 1.173486
485 486 739.188756
486 487 249.608709
486 488 249.608709
485 489 1
489 490 986.4669369999999
489 491 0.685001
491 492 986.457448
491 493 0.48983000000000004
493 494 0.42986800000000003
494 495 0.46811300000000006
495 496 0.483952
496 497 0.6974969999999999
497 498 0.71062
498 499 0.596203
499 500 0.5751120000000001
500 501 0.571116
501 502 0.624155
502 503 0.696172
503 504 0.760111
504 505 0.757722
505 506 0.8663830000000001
506 507 0.8961749999999999
507 508 0.9685330000000001
508 509 1.111056
509 510 1.138801
510 511 1.3578299999999999
511 512 1.452246
512 513 1.625349
513 514 1.734481
514 515 2.005148
515 516 2.242975
516 517 2.624978
517 518 2.980354
518 519 3.5091959999999998
519 520 4.201589
520 521 5.110909
521 522 6.368975000000001
522 523 8.166143
523 524 10.864964
524 525 15.180344000000002
525 526 22.724746
526 527 37.798523
527 528 107.61544300000001
528 529 740.0602680000001
528 530 194.656105
530 531 546.971439
530 532 1
527 533 849.260398
526 534 886.8316760000001
525 535 909.3742589999999
524 536 924.402496
523 537 935.1368190000001
522 538 943.186471
521 539 949.4427249999999
520 540 954.44327
519 541 958.524723
518 542 961.928073
517 543 964.8049390000001
516 544 967.207826
515 545 969.337141
514 546 971.1648500000001
513 547 972.82274
512 548 974.2170870000001
511 549 975.478831
510 550 976.5731179999999
509 551 977.665448
508 552 978.584807
507 553 979.478465
506 554 980.2924170000001
505 555 981.002641
504 556 981.7062540000001
503 557 982.3012350000001
502 558 982.8692609999999
501 559 983.4265359999999
500 560 983.9603179999999
499 561 984.4200239999999
498 562 984.79757
497 563 985.00831
496 564 985.192677
495 565 985.5548580000001
494 566 985.889253
493 567 986.2221269999999
480 568 186.42130500000002
568 569 801.4355840000001
568 570 800.3209780000001
479 571 100.825374
571 572 470.649686
572 573 419.149046
572 574 416.790552
571 575 887.710109
468 576 1
576 577 997.5139459999999
576 578 14.505355999999999
578 579 8.192573
579 580 7.503016
580 581 8.633521
581 582 13.954023
582 583 23.621354
583 584 29.417082999999998
584 585 72.008036
585 586 201.226827
586 587 616.297942
586 588 602.4118480000001
585 589 818.6864099999999
584 590 891.761131
583 591 916.2051010000001
582 592 944.531978
581 593 957.057664
580 594 965.763091
579 595 976.419579
578 596 980.125155
467 597 1
597 598 0.411618
598 599 0.19233799999999998
599 600 999.90453
599 601 1000.09547
598 602 999.807662
597 603 5.976543
603 604 12.814879000000001
604 605 1
605 606 981.355456
605 607 9.008265999999999
607 608 9.769849
608 609 61.443996
609 610 899.3301739999999
609 611 59.032337999999996
611 612 264.252794
612 613 564.6936529999999
612 614 580.60968
611 615 843.8886630000001
608 616 961.5402859999999
607 617 970.1275519999999
604 618 266.449317
618 619 711.33284
618 620 714.782416
603 621 97.849864
621 622 895.8269449999999
621 623 891.034455
432 624 1
624 625 1.055466
625 626 0.91708
626 627 999.712929
626 628 1000.287071
625 629 999.0829200000001
624 630 3.595804
630 631 7.79941
631 632 988.9784569999999
631 633 23.722251
633 634 17.634846
634 635 947.767614
634 636 304.28907
636 637 641.3531479999999
636 638 640.370258
633 639 437.386378
639 640 525.1762560000001
639 641 526.587446
630 642 3.073888
642 643 71.39508599999999
643 644 572.969051
644 645 348.16045299999996
644 646 346.230219
643 647 923.9639609999999
642 648 6.719663
648 649 142.103199
649 650 841.63052
649 651 845.0764680000001
648 652 46.045351000000004
652 653 385.067008
653 654 552.958448
653 655 549.787403
652 656 940.109477
375 657 0.347021
657 658 0.918348
658 659 0.504618
659 660 2.22065
660 661 1
661 662 998.75042
661 663 69.3013
663 664 226.425602
664 665 700.962775
664 666 697.922566
663 667 925.927917
660 668 1
668 669 11.462603
669 670 17.126366
670 671 11.086629
671 672 24.663908
672 673 74.674173
673 674 293.980703
674 675 564.086055
674 676 551.631827
673 677 859.365086
672 678 934.5427060000001
671 679 958.509057
670 680 968.918903
669 681 1
681 682 1
682 683 13.212373999999999
683 684 5.4646859999999995
684 685 1
685 686 984.319464
685 687 16.396411999999998
687 688 971.052522
687 689 35.452749
689 690 141.25027
690 691 792.590964
690 692 789.284551
689 693 1
693 694 7.862387999999999
694 695 6.198423
695 696 6.047435
696 697 6.972842999999999
697 698 11.567871
698 699 18.205889
699 700 21.593494999999997
700 701 23.826935
701 702 43.172643
702 703 65.260104
703 704 194.86711400000002
704 705 558.474242
704 706 419.55409599999996
706 707 131.19975
706 708 1
703 709 752.786068
702 710 817.962646
701 711 862.524947
700 712 884.183084
699 713 905.4660419999999
698 714 923.8168760000001
697 715 935.1913700000001
696 716 943.512946
695 717 947.4622999999999
694 718 953.907435
693 719 963.799051
684 720 111.531677
720 721 863.128791
720 722 862.510394
683 723 467.851138
723 724 510.33675
723 725 512.383526
682 726 995.791403
681 727 22.347501
727 728 238.464344
728 729 730.473889
728 730 724.828316
727 731 969.044368
668 732 999.9466610000001
659 733 1
733 734 0.24252200000000002
734 735 1001.289132
734 736 10.67237
736 737 10.356857999999999
737 738 33.287432
738 739 946.6626679999999
738 740 35.418833
740 741 92.82818499999999
741 742 813.2707979999999
741 743 817.3325889999999
740 744 905.408411
737 745 978.524291
736 746 990.185338
733 747 103.68956
747 748 893.87771
747 749 895.074954
658 750 0.47878799999999994
750 751 4.121009
751 752 911.759892
752 753 83.401792
752 754 80.963689
751 755 4.431423000000001
755 756 6.933358
756 757 5.244064
757 758 8.216462
758 759 7.277762999999999
759 760 8.384177
760 761 12.839226
761 762 62.207176
762 763 65.973644
763 764 288.713191
764 765 526.730198
764 766 498.17593999999997
763 767 812.9662700000001
762 768 879.622292
761 769 938.135021
760 770 954.7663070000001
759 771 963.784954
758 772 968.207336
757 773 979.6648490000001
756 774 981.381886
755 775 991.670113
750 776 1
776 777 245.390593
777 778 752.9977749999999
777 779 754.753573
776 780 1000.733733
657 781 0.779716
781 782 2.02005
782 783 37.955413
783 784 191.29282899999998
784 785 766.289876
784 786 763.974471
783 787 960.5894810000001
782 788 1
788 789 4.043605
789 790 6.8573759999999995
790 791 1
791 792 4.38053
792 793 2.6299289999999997
793 794 1.71143
794 795 10.635059
795 796 6.869299
796 797 5.390435
797 798 7.225213
798 799 21.681814
799 800 18.245249
800 801 40.484184
801 802 47.945383
802 803 822.6742979999999
802 804 93.937282
804 805 278.305717
805 806 427.518884
805 807 452.062543
804 808 733.000371
801 809 872.700199
800 810 912.8677379999999
799 811 930.01395
798 812 953.628399
797 813 961.8060879999999
796 814 965.894527
795 815 972.748996
794 816 984.869956
793 817 984.2474980000001
792 818 988.821918
791 819 991.7111150000001
790 820 661.377674
820 821 322.42139199999997
820 822 323.296292
789 823 61.46223
823 824 930.17462
823 825 932.35085
788 826 999.6560900000001
781 827 1.195745
827 828 11.459188
828 829 983.777453
828 830 263.723184
830 831 718.066686
830 832 719.814698
827 833 1
833 834 3.120645
834 835 997.4914419999999
834 836 13.071551000000001
836 837 17.374071
837 838 22.941006
838 839 225.984593
839 840 709.5033199999999
839 841 717.2911799999999
838 842 944.4357610000001
837 843 964.544798
836 844 981.2166319999999
833 845 996.008561
374 846 9.819994
846 847 2.691893
847 848 1
848 849 5.196248
849 850 2.535037
850 851 3.2635539999999996
851 852 5.589182
852 853 11.249832999999999
853 854 36.262895
854 855 925.9416890000001
854 856 226.93039499999998
856 857 81.275757
857 858 609.4238459999999
857 859 608.956469
856 860 693.95951
853 861 961.115986
852 862 972.832582
851 863 978.66935
850 864 980.461369
849 865 985.0194460000001
848 866 990.5884110000001
847 867 226.987383
867 868 758.2716340000001
867 869 759.907055
846 870 31.666422999999998
870 871 959.7107120000001
870 872 41.777681
872 873 769.620348
873 874 143.09035699999998
873 875 143.98787
872 876 914.4888740000001
373 877 0.54648
877 878 2.991
878 879 10.279649000000001
879 880 43.308254000000005
880 881 195.85325899999998
881 882 748.591341
881 883 218.38198100000002
883 884 529.76061
883 885 524.5594729999999
880 886 127.97342300000001
886 887 811.47987
886 888 812.9140359999999
879 889 130.93746
889 890 853.813341
889 891 855.039315
878 892 0.73482
892 893 11.876152
893 894 16.377399
894 895 17.377782
895 896 24.635078999999998
896 897 85.74510400000001
897 898 249.443597
898 899 593.010136
898 900 585.626869
897 901 840.859502
896 902 923.4973419999999
895 903 951.57298
894 904 969.716158
893 905 57.098216
905 906 278.481512
906 907 648.882217
906 908 638.3425560000001
905 909 791.9949790000001
909 910 137.434493
909 911 134.995307
892 912 609.334159
912 913 388.95203
912 914 389.116601
877 915 0.08743899999999999
915 916 0.687506
916 917 1
917 918 2.116494
918 919 60.180589
919 920 935.330913
919 921 107.288858
921 922 829.11501
921 923 827.714526
918 924 1
924 925 1.293176
925 926 2.295781
926 927 444.92186499999997
927 928 552.9799350000001
927 929 552.986203
926 930 3.588601
930 931 1
931 932 2.245943
932 933 1.6450420000000001
933 934 290.018475
934 935 704.5759
934 936 702.777024
933 937 1
937 938 0.291852
938 939 1.3214
939 940 3.081263
940 941 1.120015
941 942 0.631373
942 943 0.606406
943 944 1.1663329999999998
944 945 0.759641
945 946 0.93132
946 947 4.46144
947 948 1.4897479999999999
948 949 1.233733
949 950 4.056909
950 951 2.236117
951 952 1.9406219999999998
952 953 1.971846
953 954 4.877446
954 955 3.2800160000000003
955 956 3.203028
956 957 4.125134
957 958 6.077851
958 959 5.5160800000000005
959 960 9.759136999999999
960 961 11.772126
961 962 14.532527
962 963 15.830224000000001
963 964 30.773797000000002
964 965 36.117875999999995
965 966 825.945615
965 967 79.97917
967 968 134.45965099999998
968 969 539.126775
969 970 1
969 971 60.956806
968 972 609.342209
967 973 744.640926
964 974 859.359502
963 975 892.6747580000001
962 976 908.27172
961 977 920.546414
960 978 933.889583
959 979 941.693351
958 980 946.955159
957 981 953.061053
956 982 958.6825019999999
955 983 958.8278329999999
954 984 962.4429470000001
953 985 967.56502
952 986 969.184851
951 987 971.05377
950 988 976.228989
949 989 978.5741879999999
948 990 981.4178800000001
947 991 981.164223
946 992 987.64746
945 993 986.92383
944 994 987.13932
943 995 989.519812
942 996 989.986403
941 997 987.097502
940 998 992.4724669999999
939 999 995.0431849999999
938 1000 995.60547
937 1001 995.013943
932 1002 83.515308
1002 1003 911.8800009999999
1002 1004 911.1144189999999
931 1005 998.2366280000001
930 1006 62.308282000000005
1006 1007 202.001871
1007 1008 729.498142
1007 1009 727.973566
1006 1010 930.237814
925 1011 998.629957
924 1012 997.1744219999999
917 1013 95.954956
1013 1014 162.697562
1014 1015 739.10993
1014 1016 736.7372879999999
1013 1017 901.9926039999999
916 1018 10.224952
1018 1019 21.495967999999998
1019 1020 8.450028
1020 1021 23.174718
1021 1022 25.680497000000003
1022 1023 909.60666
1022 1024 109.89775900000001
1024 1025 216.953621
1025 1026 572.9494169999999
1025 1027 582.829351
1024 1028 801.644433
1021 1029 936.249847
1020 1030 961.151974
1019 1031 968.108054
1018 1032 989.793534
915 1033 0.21768600000000002
1033 1034 0.22197699999999998
1034 1035 0.10069700000000001
1035 1036 0.39254900000000004
1036 1037 1.438164
1037 1038 1000.1446339999999
1037 1039 0.265325
1039 1040 25.354581
1040 1041 46.349872
1041 1042 927.968486
1041 1043 62.27123
1043 1044 164.698194
1044 1045 691.617746
1044 1046 700.744013
1043 1047 861.773515
1040 1048 727.7741490000001
1048 1049 245.088679
1048 1050 162.10542900000002
1050 1051 80.249367
1050 1052 83.392173
1039 1053 997.5942829999999
1036 1054 1
1054 1055 2.256485
1055 1056 41.947691
1056 1057 954.1604550000001
1056 1058 60.447474
1058 1059 891.362374
1058 1060 894.532989
1055 1061 999.076616
1054 1062 2.648257
1062 1063 16.470488
1063 1064 1
1064 1065 12.073459
1065 1066 18.596683
1066 1067 10.544905
1067 1068 19.916890000000002
1068 1069 26.282343
1069 1070 44.039088
1070 1071 99.648412
1071 1072 252.776485
1072 1073 499.654347
1072 1074 477.962195
1071 1075 754.5301109999999
1070 1076 851.7928059999999
1069 1077 895.4182189999999
1068 1078 924.066877
1067 1079 942.965942
1066 1080 952.155155
1065 1081 972.6319760000001
1064 1082 980.694527
1063 1083 172.142308
1083 1084 807.38818
1083 1085 807.80951
1062 1086 1
1086 1087 0.528573
1087 1088 0.549257
1088 1089 0.21621200000000002
1089 1090 999.5229059999999
1089 1091 0.10672999999999999
1091 1092 0.42369599999999996
1092 1093 963.491189
1093 1094 36.068524000000004
1093 1095 36.380212
1092 1096 1
1096 1097 999.4308139999999
1096 1098 0.396472
1098 1099 999.48186
1098 1100 0.51814
1100 1101 1000.002615
1100 1102 999.997385
1091 1103 999.48149
1088 1104 999.4259680000001
1087 1105 999.0042730000001
1086 1106 998.674845
1035 1107 0.22131699999999999
1107 1108 1
1108 1109 42.658541
1109 1110 955.8762700000001
1109 1111 956.016376
1108 1112 1
1112 1113 0.11223999999999999
1113 1114 998.0098079999999
1113 1115 0.09187899999999999
1115 1116 1.018867
1116 1117 1
1117 1118 998.18759
1117 1119 0.03787
1119 1120 0.69724
1120 1121 45.193061
1121 1122 952.6212879999999
1121 1123 954.738238
1120 1124 1
1124 1125 0.044923
1125 1126 0.088506
1126 1127 0.02669
1127 1128 0.233306
1128 1129 998.581356
1128 1130 0.014109
1130 1131 998.577106
1130 1132 0.020718
1132 1133 998.579374
1132 1134 0.598157
1134 1135 987.681119
1135 1136 12.030972
1135 1137 10.917693
1134 1138 1
1138 1139 0.057241
1139 1140 998.686167
1139 1141 0.019237999999999998
1141 1142 0.030599
1142 1143 0.042288
1143 1144 998.7257850000001
1143 1145 0.138414
1145 1146 1.165306
1146 1147 1
1147 1148 76.502206
1148 1149 923.7506209999999
1148 1150 828.653483
1150 1151 93.787027
1150 1152 94.458331
1147 1153 1
1153 1154 999.0195
1153 1155 0.089006
1155 1156 999.0772249999999
1155 1157 0.63316
1157 1158 37.301427
1158 1159 36.30796
1159 1160 923.1826249999999
1159 1161 927.5111559999999
1158 1162 963.816924
1157 1163 1
1163 1164 0.086594
1164 1165 999.2086
1164 1166 0.030604
1166 1167 0.05212800000000001
1167 1168 999.231957
1167 1169 0.509494
1169 1170 256.15135000000004
1170 1171 261.408371
1171 1172 482.344149
1171 1173 481.95378
1170 1174 743.5522119999999
1169 1175 1
1175 1176 0.11718799999999999
1176 1177 0.366427
1177 1178 311.40731800000003
1178 1179 688.118099
1178 1180 688.358151
1177 1181 1
1181 1182 0.016101999999999998
1182 1183 0.016852
1183 1184 999.321301
1183 1185 0.041747
1185 1186 0.041875
1186 1187 999.3392200000001
1186 1188 0.042227999999999995
1188 1189 999.3480119999999
1188 1190 0.027923
1190 1191 999.341265
1190 1192 0.119181
1192 1193 0.02143
1193 1194 0.06368399999999999
1194 1195 999.4510690000001
1194 1196 0.030602
1196 1197 999.449275
1196 1198 0.019345
1198 1199 0.11677
1199 1200 999.521182
1199 1201 0.06185299999999999
1201 1202 0.042735
1202 1203 0.050831
1203 1204 0.067552
1204 1205 999.632117
1204 1206 0.028399
1206 1207 999.6333569999999
1206 1208 0.029136
1208 1209 0.05643
1209 1210 0.05368900000000001
1210 1211 0.083487
1211 1212 999.754024
1211 1213 0.087548
1213 1214 999.82573
1213 1215 0.027167
1215 1216 999.837412
1215 1217 0.013538
1217 1218 0.02308
1218 1219 999.8407
1218 1220 0.018815
1220 1221 999.841954
1220 1222 0.049303
1222 1223 999.8767580000001
1222 1224 0.024958
1224 1225 999.8876759999999
1224 1226 0.074773
1226 1227 885.065421
1227 1228 115.01428
1227 1229 114.75246800000001
1226 1230 1
1230 1231 0.046819
1231 1232 999.9291969999999
1231 1233 0.06150800000000001
1233 1234 0.011361000000000001
1234 1235 1
1235 1236 1
1236 1237 1000.0
1236 1238 1000.0
1235 1239 1
1239 1240 1
1240 1241 1000.0
1240 1242 1000.0
1239 1243 1000.0
1234 1244 1
1244 1245 1
1245 1246 1000.0
1245 1247 1
1247 1248 1
1248 1249 1000.0
1248 1250 1000.0
1247 1251 1000.0
1244 1252 1000.0
1233 1253 999.988639
1230 1254 999.894179
1217 1255 999.834388
1210 1256 999.6919260000001
1209 1257 999.66391
1208 1258 999.634367
1203 1259 999.590843
1202 1260 999.568229
1201 1261 999.554279
1198 1262 999.434338
1193 1263 999.4187529999999
1192 1264 999.4296139999999
1185 1265 999.330384
1182 1266 999.336768
1181 1267 999.351514
1176 1268 999.309847
1175 1269 999.222028
1166 1270 999.209369
1163 1271 999.151317
1146 1272 1
1272 1273 1
1273 1274 998.786442
1273 1275 0.07943
1275 1276 998.8360260000001
1275 1277 0.025261000000000002
1277 1278 0.10512099999999999
1278 1279 998.9072869999999
1278 1280 0.020227
1280 1281 0.521608
1281 1282 1
1282 1283 0.616196
1283 1284 680.575276
1284 1285 319.626683
1284 1286 318.164894
1283 1287 1
1287 1288 0.059884999999999994
1288 1289 999.0966800000001
1288 1290 0.053282
1290 1291 0.101902
1291 1292 0.018122
1292 1293 0.064121
1293 1294 999.235078
1293 1295 0.039968000000000004
1295 1296 0.014287999999999999
1296 1297 0.032642000000000004
1297 1298 0.038355
1298 1299 999.2628910000001
1298 1300 0.35455000000000003
1300 1301 1
1301 1302 999.235174
1301 1303 0.08488
1303 1304 0.35345200000000004
1304 1305 1
1305 1306 999.295222
1305 1307 0.031749
1307 1308 0.11362399999999999
1308 1309 0.101373
1309 1310 0.036699999999999997
1310 1311 999.4856159999999
1310 1312 0.07267699999999999
1312 1313 0.030605999999999998
1313 1314 999.5505700000001
1313 1315 0.052448999999999996
1315 1316 0.038854
1316 1317 999.606332
1316 1318 0.009901
1318 1319 999.597959
1318 1320 0.024311
1320 1321 0.01506
1321 1322 999.5998480000001
1321 1323 0.019438999999999998
1323 1324 0.024496
1324 1325 0.07524800000000001
1325 1326 0.171755
1326 1327 775.6839160000001
1327 1328 224.902047
1327 1329 223.359451
1326 1330 1
1330 1331 999.6703500000001
1330 1332 0.024346
1332 1333 0.058254
1333 1334 0.018504
1334 1335 999.719344
1334 1336 0.082764
1336 1337 0.017741
1337 1338 0.015668
1338 1339 999.7953470000001
1338 1340 0.022699999999999998
1340 1341 999.80457
1340 1342 0.016836999999999998
1342 1343 0.019194
1343 1344 999.8130120000001
1343 1345 0.014166999999999999
1345 1346 0.016183
1346 1347 0.00975
1347 1348 999.8078230000001
1347 1349 0.0196
1349 1350 999.810986
1349 1351 0.033847
1351 1352 0.022538
1352 1353 999.8362609999999
1352 1354 0.014941999999999999
1354 1355 0.017488
1355 1356 999.8347640000001
1355 1357 0.013193999999999999
1357 1358 999.828953
1357 1359 0.011179999999999999
1359 1360 999.818818
1359 1361 0.037119
1361 1362 999.835357
1361 1363 0.029951000000000002
1363 1364 999.844586
1363 1365 0.063401
1365 1366 0.036026
1366 1367 0.01331
1367 1368 999.914825
1367 1369 0.039299
1369 1370 999.94393
1369 1371 0.026565
1371 1372 999.963118
1371 1373 0.026976000000000003
1373 1374 999.987264
1373 1375 0.012736
1375 1376 1
1376 1377 1000.0
1376 1378 1
1378 1379 1000.0
1378 1380 1000.0
1375 1381 1
1381 1382 1
1382 1383 1000.0
1382 1384 1000.0
1381 1385 1
1385 1386 1
1386 1387 1000.0
1386 1388 1000.0
1385 1389 1000.0
1366 1390 999.91571
1365 1391 999.892652
1354 1392 999.834669
1351 1393 999.8293170000001
1346 1394 999.814088
1345 1395 999.812777
1342 1396 999.8076689999999
1337 1397 999.7933229999999
1336 1398 999.7889150000001
1333 1399 999.717849
1332 1400 999.6761920000001
1325 1401 999.662419
1324 1402 999.6044830000001
1323 1403 999.5997629999999
1320 1404 999.603844
1315 1405 999.5849740000001
1312 1406 999.539089
1309 1407 999.469912
1308 1408 999.389742
1307 1409 999.30005
1304 1410 989.432362
1410 1411 10.203408999999999
1410 1412 10.173350000000001
1303 1413 999.2948710000001
1300 1414 163.540839
1414 1415 836.9000420000001
1414 1416 835.197517
1297 1417 999.2491060000001
1296 1418 999.2410830000001
1295 1419 999.251277
1292 1420 999.194861
1291 1421 999.2015130000001
1290 1422 999.1238069999999
1287 1423 999.063363
1282 1424 998.884668
1281 1425 139.376596
1425 1426 858.213486
1425 1427 861.8064820000001
1280 1428 998.89813
1277 1429 998.8309210000001
1272 1430 79.147
1430 1431 145.90710099999998
1431 1432 774.664993
1431 1433 771.9585569999999
1430 1434 920.9185209999999
1145 1435 998.848424
1142 1436 998.700833
1141 1437 998.6877910000001
1138 1438 998.6464440000001
1127 1439 998.3662380000001
1126 1440 998.36036
1125 1441 998.292609
1124 1442 998.269162
1119 1443 998.203416
1116 1444 33.232817999999995
1444 1445 354.416122
1445 1446 610.768343
1445 1447 610.963542
1444 1448 966.929586
1115 1449 998.078816
1112 1450 997.92112
1107 1451 0.392845
1451 1452 0.726322
1452 1453 15.091187
1453 1454 7.127834
1454 1455 23.853715
1455 1456 20.608271000000002
1456 1457 931.969799
1456 1458 44.573826
1458 1459 424.1923
1459 1460 453.671674
1459 1461 454.304551
1458 1462 887.8972550000001
1455 1463 954.863817
1454 1464 978.2632530000001
1453 1465 985.798324
1452 1466 2.5044489999999997
1466 1467 1
1467 1468 0.771442
1468 1469 999.231806
1468 1470 0.303761
1470 1471 0.086736
1471 1472 0.170108
1472 1473 0.189247
1473 1474 999.513436
1473 1475 0.086487
1475 1476 0.447717
1476 1477 32.510614
1477 1478 967.9798679999999
1477 1479 966.324562
1476 1480 0.035069
1480 1481 0.570266
1481 1482 0.10181599999999999
1482 1483 1000.182393
1482 1484 999.817607
1481 1485 999.8981840000001
1480 1486 999.395795
1475 1487 999.4398929999999
1472 1488 999.44583
1471 1489 999.398871
1470 1490 999.4323599999999
1467 1491 998.588397
1466 1492 2.9287520000000002
1492 1493 1
1493 1494 507.388548
1494 1495 489.97503800000004
1494 1496 489.81790500000005
1493 1497 31.573303000000003
1497 1498 31.606982
1498 1499 95.86321799999999
1499 1500 829.9974629999999
1499 1501 837.781427
1498 1502 929.509266
1497 1503 962.405124
1492 1504 9.649673
1504 1505 6.385027
1505 1506 976.7414289999999
1505 1507 3.513082
1507 1508 19.688212999999998
1508 1509 8.738576
1509 1510 16.134245
1510 1511 31.892835
1511 1512 43.120955
1512 1513 80.597484
1513 1514 297.44223700000003
1514 1515 477.610328
1514 1516 432.301204
1513 1517 773.728962
1512 1518 855.0922059999999
1511 1519 898.244854
1510 1520 929.2472789999999
1509 1521 944.751889
1508 1522 954.121027
1507 1523 973.5468279999999
1504 1524 985.721041
1451 1525 1
1525 1526 0.731742
1526 1527 0.270371
1527 1528 284.00277900000003
1528 1529 714.5304140000001
1528 1530 716.637823
1527 1531 1
1531 1532 0.228458
1532 1533 0.22194799999999998
1533 1534 999.4476410000001
1533 1535 0.139814
1535 1536 999.4499400000001
1535 1537 0.319314
1537 1538 0.186133
1538 1539 999.794633
1538 1540 0.11033200000000001
1540 1541 0.054230999999999994
1541 1542 999.7916789999999
1541 1543 0.13653400000000002
1543 1544 999.7846400000001
1543 1545 0.21536
1545 1546 1000.0
1545 1547 1000.0
1540 1548 999.8416080000001
1537 1549 999.676955
1532 1550 999.3484390000001
1531 1551 999.250293
1526 1552 777.3991490000001
1552 1553 223.57157899999999
1552 1554 220.517393
1525 1555 116.42021799999999
1555 1556 881.187828
1555 1557 883.6922500000001
1034 1558 0.354522
1558 1559 0.046692
1559 1560 1.279219
1560 1561 1
1561 1562 2.274264
1562 1563 25.014889
1563 1564 242.45681299999998
1564 1565 730.456553
1564 1566 725.0832489999999
1563 1567 971.577132
1562 1568 4.720909
1568 1569 1
1569 1570 997.865125
1569 1571 1.123743
1571 1572 1.521764
1572 1573 17.106606
1573 1574 12.603998999999998
1574 1575 16.128739
1575 1576 14.183879999999998
1576 1577 15.158447
1577 1578 23.722895
1578 1579 39.908105
1579 1580 108.662241
1580 1581 264.45901200000003
1581 1582 482.885161
1581 1583 443.29114599999997
1580 1584 744.833424
1579 1585 853.880316
1578 1586 895.497303
1577 1587 917.26986
1576 1588 935.1331849999999
1575 1589 947.0464890000001
1574 1590 964.7940249999999
1573 1591 114.413995
1591 1592 860.6363999999999
1591 1593 861.809042
1572 1594 994.1181399999999
1571 1595 996.368978
1568 1596 55.190709999999996
1596 1597 107.28536600000001
1597 1598 825.7381690000001
1597 1599 828.5819119999999
1596 1600 933.2886699999999
1561 1601 52.757261
1601 1602 151.879122
1602 1603 794.342356
1602 1604 791.502401
1601 1605 946.072948
1560 1606 0.157591
1606 1607 1.338578
1607 1608 1
1608 1609 0.259662
1609 1610 0.28889
1610 1611 0.103529
1611 1612 0.441611
1612 1613 0.280166
1613 1614 6.65311
1614 1615 1
1615 1616 8.907588
1616 1617 3.840077
1617 1618 8.018046
1618 1619 4.624626
1619 1620 5.388828999999999
1620 1621 7.257438
1621 1622 12.506898999999999
1622 1623 15.366224
1623 1624 21.121985
1624 1625 41.32863
1625 1626 54.178254
1626 1627 811.2852350000001
1626 1628 94.92146500000001
1628 1629 315.150357
1629 1630 369.630482
1629 1631 404.40876000000003
1628 1632 717.162059
1625 1633 867.316741
1624 1634 907.421322
1623 1635 928.621335
1622 1636 944.1721039999999
1621 1637 957.822069
1620 1638 961.828466
1619 1639 966.874519
1618 1640 974.1915029999999
1617 1641 982.641647
1616 1642 986.820964
1615 1643 995.2790990000001
1614 1644 230.39860600000003
1644 1645 754.8980730000001
1644 1646 756.1187170000001
1613 1647 996.062346
1612 1648 998.394066
1611 1649 998.765021
1610 1650 998.690105
1609 1651 997.22745
1608 1652 997.140963
1607 1653 694.694584
1653 1654 303.468599
1653 1655 303.62853099999995
1606 1656 27.442142000000004
1656 1657 31.266413
1657 1658 61.96368
1658 1659 169.424395
1659 1660 708.597988
1659 1661 700.97951
1658 1662 879.526617
1657 1663 941.181018
1656 1664 970.1532119999999
1559 1665 3.906152
1665 1666 8.250108
1666 1667 3.0116690000000004
1667 1668 5.273958
1668 1669 5.7926459999999995
1669 1670 7.163645000000001
1670 1671 24.472101
1671 1672 66.754319
1672 1673 203.18833399999997
1673 1674 661.5259149999999
1673 1675 672.8236810000001
1672 1676 877.5237000000001
1671 1677 943.7729929999999
1670 1678 964.075685
1669 1679 973.6707680000001
1668 1680 979.077453
1667 1681 986.219148
1666 1682 129.339954
1682 1683 857.8191280000001
1682 1684 858.3892020000001
1665 1685 994.4539609999999
1558 1686 0.250419
1686 1687 0.455632
1687 1688 9.540155
1688 1689 4.430751
1689 1690 986.750687
1689 1691 6.675776999999999
1691 1692 33.012478
1692 1693 61.93963099999999
1693 1694 163.683128
1694 1695 720.378513
1694 1696 714.9607460000001
1693 1697 881.383977
1692 1698 945.5665570000001
1691 1699 979.254188
1688 1700 990.658332
1687 1701 6.211374
1701 1702 1
1702 1703 0.8757839999999999
1703 1704 1.1046610000000001
1704 1705 2.28561
1705 1706 8.658962
1706 1707 11.819195
1707 1708 37.871182
1708 1709 99.43745899999999
1709 1710 833.601093
1709 1711 349.537577
1711 1712 474.47575200000006
1711 1713 471.53566299999994
1708 1714 932.671337
1707 1715 972.172489
1706 1716 982.4228509999999
1705 1717 992.50694
1704 1718 993.897226
1703 1719 995.539687
1702 1720 994.6840500000001
1701 1721 107.21745600000001
1721 1722 207.482657
1722 1723 678.1107440000001
1722 1724 669.154157
1721 1725 887.7926679999999
1686 1726 0.88445
1726 1727 7.005169
1727 1728 12.40622
1728 1729 300.328242
1729 1730 678.1925160000001
1729 1731 676.095713
1728 1732 34.274784000000004
1732 1733 944.807964
1732 1734 118.837432
1734 1735 219.744287
1735 1736 608.465748
1735 1737 594.37414
1734 1738 826.1919389999999
1727 1739 1
1739 1740 0.904851
1740 1741 0.653083
1741 1742 0.568236
1742 1743 2.050719
1743 1744 0.7749
1744 1745 2.836941
1745 1746 1.560998
1746 1747 4.8910469999999995
1747 1748 983.0067939999999
1747 1749 2.77228
1749 1750 3.8778989999999998
1750 1751 2.668937
1751 1752 3.1864120000000002
1752 1753 4.054672
1753 1754 5.393765999999999
1754 1755 15.484323999999999
1755 1756 12.810669999999998
1756 1757 28.747947
1757 1758 35.844424000000004
1758 1759 97.66959299999999
1759 1760 258.801807
1760 1761 511.623276
1760 1762 475.331654
1759 1763 771.027027
1758 1764 864.955272
1757 1765 904.4541110000001
1756 1766 933.67713
1755 1767 944.058235
1754 1768 957.5952060000001
1753 1769 964.837428
1752 1770 968.44913
1751 1771 973.135829
1750 1772 973.5232269999999
1749 1773 979.7327270000001
1746 1774 985.305595
1745 1775 987.6835829999999
1744 1776 989.559141
1743 1777 992.548826
1742 1778 991.356719
1741 1779 993.7625260000001
1740 1780 996.6509070000001
1739 1781 997.3611800000001
1726 1782 16.750026000000002
1782 1783 2.390727
1783 1784 11.192273
1784 1785 10.645142
1785 1786 10.860508000000001
1786 1787 28.282162
1787 1788 72.640145
1788 1789 176.033388
1789 1790 672.265759
1789 1791 647.634488
1788 1792 845.429655
1787 1793 917.210277
1786 1794 948.0136500000001
1785 1795 959.671176
1784 1796 968.12201
1783 1797 981.421881
1782 1798 983.993317
1033 1799 0.567646
1799 1800 2.626559
1800 1801 34.851618
1801 1802 15.611317999999999
1802 1803 147.299848
1803 1804 797.695026
1803 1805 794.616689
1802 1806 948.2937250000001
1801 1807 703.8484719999999
1807 1808 256.32673700000004
1807 1809 257.621376
1800 1810 1.02193
1810 1811 221.39491900000002
1811 1812 773.6796899999999
1811 1813 772.354336
1810 1814 1
1814 1815 999.221636
1814 1816 6.749511
1816 1817 1.41223
1817 1818 23.053337
1818 1819 15.228272
1819 1820 184.417159
1820 1821 256.952238
1821 1822 507.142914
1821 1823 493.93340400000005
1820 1824 767.7645970000001
1819 1825 951.9517649999999
1818 1826 966.7647139999999
1817 1827 989.204007
1816 1828 41.769675
1828 1829 69.41144299999999
1829 1830 876.2101250000001
1829 1831 877.384261
1828 1832 949.779514
1799 1833 1.0207650000000001
1833 1834 1.1418009999999998
1834 1835 4.9933890000000005
1835 1836 2.216749
1836 1837 16.730786000000002
1837 1838 455.33132500000005
1838 1839 517.947311
1838 1840 517.591596
1837 1841 159.656144
1841 1842 812.841145
1841 1843 223.80019099999998
1843 1844 588.550562
1843 1845 586.680343
1836 1846 991.3749599999999
1835 1847 86.88358099999999
1847 1848 216.97272800000002
1848 1849 690.155167
1848 1850 685.204166
1847 1851 907.297187
1834 1852 998.667367
1833 1853 7.230283999999999
1853 1854 34.074645999999994
1854 1855 20.946161999999998
1855 1856 937.9274770000001
1855 1857 44.556899
1857 1858 115.357393
1858 1859 770.933767
1858 1860 776.737667
1857 1861 891.9822630000001
1854 1862 955.547984
1853 1863 26.773644
1863 1864 121.436503
1864 1865 839.7701809999999
1864 1866 845.093633
1863 1867 217.988615
1867 1868 745.290572
1867 1869 748.25207
304 1870 0.294196
1870 1871 0.629885
1871 1872 8.897281
1872 1873 33.541568999999996
1873 1874 957.565071
1873 1875 68.524725
1875 1876 143.752381
1876 1877 743.188682
1876 1878 737.209628
1875 1879 887.776112
1872 1880 1
1880 1881 990.778254
1880 1882 17.097894
1882 1883 7.960167
1883 1884 13.616850999999999
1884 1885 80.576887
1885 1886 194.22493300000002
1886 1887 673.408358
1886 1888 677.539074
1885 1889 871.3656410000001
1884 1890 955.114564
1883 1891 969.3029429999999
1882 1892 977.832319
1871 1893 0.165555
1893 1894 17.918943000000002
1894 1895 65.406353
1895 1896 87.251846
1896 1897 824.905675
1896 1898 825.6682930000001
1895 1899 915.115745
1894 1900 981.8244030000001
1893 1901 5.3753969999999995
1901 1902 28.556056
1902 1903 964.6153719999999
1902 1904 962.8515070000001
1901 1905 993.6385760000001
1870 1906 10.293828
1906 1907 6.163002
1907 1908 2.8450699999999998
1908 1909 11.924463000000001
1909 1910 6.844509
1910 1911 11.170816
1911 1912 30.856551999999997
1912 1913 62.323605
1913 1914 126.34715000000001
1914 1915 727.32482
1914 1916 336.470741
1916 1917 370.309736
1916 1918 390.569792
1913 1919 858.46382
1912 1920 921.7874410000001
1911 1921 949.411176
1910 1922 962.4995609999999
1909 1923 970.645065
1908 1924 982.534315
1907 1925 979.351443
1906 1926 991.489569
303 1927 1
1927 1928 1.164067
1928 1929 0.265196
1929 1930 1000.51814
1929 1931 999.48186
1928 1932 15.518944000000001
1932 1933 15.551242000000002
1933 1934 969.855784
1933 1935 37.518466000000004
1935 1936 216.20861100000002
1936 1937 711.693101
1936 1938 715.0367219999999
1935 1939 932.724024
1932 1940 984.592078
1927 1941 0.49595000000000006
1941 1942 2.198232
1942 1943 1
1943 1944 3.061291
1944 1945 2.836117
1945 1946 16.097322
1946 1947 13.659104
1947 1948 110.800498
1948 1949 223.25825899999998
1949 1950 622.415335
1949 1951 630.699011
1948 1952 850.116927
1947 1953 965.299121
1946 1954 258.113378
1954 1955 717.5801640000001
1954 1956 714.606462
1945 1957 62.478753
1957 1958 927.7786100000001
1957 1959 930.154593
1944 1960 35.727387
1960 1961 959.3914090000001
1960 1962 961.635892
1943 1963 998.1138850000001
1942 1964 6.351866
1964 1965 18.317035
1965 1966 951.087727
1966 1967 20.899334
1966 1968 20.304005
1965 1969 974.233205
1964 1970 227.26274700000002
1970 1971 762.035612
1970 1972 759.384464
1941 1973 7.439495999999999
1973 1974 15.608787
1974 1975 46.854402
1975 1976 930.146216
1975 1977 110.75611400000001
1977 1978 814.99279
1977 1979 815.276186
1974 1980 978.350961
1973 1981 993.907877
220 1982 3.198753
1982 1983 43.230825
1983 1984 54.277764
1984 1985 139.842441
1985 1986 756.782409
1985 1987 760.1528519999999
1984 1988 898.656452
1983 1989 955.3684219999999
1982 1990 997.3732249999999
11 1991 992.5885129999999
10 1992 45.545867
1992 1993 904.0467100000001
1992 1994 226.06307
1994 1995 680.865755
1994 1996 673.146442
1 1997 577.243482
1 1998 583.508325
