1 2 0.21297999999999997
2 3 0.10180499999999999
3 4 0.032848
4 5 0.15481099999999998
5 6 1
6 7 0.076593
7 8 0.167798
8 9 9.580972000000001
8 10 10.332402
7 11 0.073244
11 12 0.023731
12 13 0.140041
13 14 9.861031
13 15 10.271243
12 16 0.010276
16 17 1
17 18 0.218127
18 19 1
19 20 0.181344
20 21 0.264045
21 22 9.652171
21 23 10.188414
20 24 0.232773
24 25 0.12376100000000001
25 26 10.439741
25 27 10.650424
24 28 11.357868
19 29 0.12183300000000001
29 30 0.027915999999999996
30 31 1
31 32 0.13836700000000002
32 33 0.070913
33 34 1
34 35 0.057246
35 36 0.0038680000000000003
36 37 0.062543
37 38 0.133908
38 39 0.015578999999999999
39 40 0.18236000000000002
40 41 10.987502000000001
40 42 10.400487
39 43 11.112455
38 44 0.07175000000000001
44 45 0.190408
45 46 9.905279
45 47 9.789995
44 48 10.719099
37 49 0.068623
49 50 1
50 51 0.338427
51 52 0.07555100000000001
52 53 0.015820999999999998
53 54 0.065351
54 55 0.05043400000000001
55 56 0.024073
56 57 11.698535999999999
56 58 0.066611
58 59 0.21688200000000002
59 60 11.242696
59 61 0.171056
61 62 10.900456
61 63 11.769836999999999
58 64 0.036233
64 65 0.165754
65 66 0.020583
66 67 0.015073
67 68 0.040875
68 69 11.524652
68 70 0.14588800000000002
70 71 0.023918
71 72 0.343756
72 73 12.996058999999999
72 74 12.004616
71 75 0.13811500000000002
75 76 11.681671
75 77 11.370953
70 78 0.132353
78 79 0.021536
79 80 0.011871
80 81 1.009628
81 82 10.72442
81 83 10.738254
80 84 0.170548
84 85 1
85 86 0.22499999999999998
86 87 0.0763
87 88 0.039854
88 89 0.008655
89 90 0.149233
90 91 0.10903899999999998
91 92 0.038928
92 93 0.024875
93 94 0.018637
94 95 0.16884300000000002
95 96 11.828548
95 97 12.463747999999999
94 98 0.06607400000000001
98 99 0.034399
99 100 0.22501000000000002
100 101 12.973643000000001
100 102 13.145181000000001
99 103 0.070977
103 104 0.105599
104 105 0.31009200000000003
105 106 0.08296
106 107 0.066081
107 108 0.026819000000000003
108 109 0.01464
109 110 1
110 111 0.150658
111 112 0.405948
112 113 1
113 114 0.124098
114 115 1
115 116 0.006657
116 117 0.169105
117 118 0.171211
118 119 0.150747
119 120 0.039415
120 121 0.31354400000000004
121 122 1
122 123 0.23437699999999997
123 124 1
124 125 0.019986
125 126 0.134673
126 127 0.086738
127 128 13.993801999999999
127 129 0.115707
129 130 0.117077
130 131 1
131 132 0.074773
132 133 0.373606
133 134 14.165869
133 135 13.585537
132 136 0.097538
136 137 0.17809
137 138 14.248175
137 139 13.585971999999998
136 140 0.07003200000000001
140 141 1
141 142 0.543061
142 143 15.282473999999999
142 144 13.974897
141 145 1
145 146 14.423717
145 147 0.368325
147 148 0.015759
148 149 0.021865
149 150 1.193244
150 151 13.168308000000001
150 152 13.031151
149 153 0.10372400000000001
153 154 1
154 155 14.623254
154 156 0.078183
156 157 0.351975
157 158 14.427271999999999
157 159 14.156412
156 160 0.050163
160 161 0.022217
161 162 0.266233
162 163 0.21817899999999998
163 164 0.10080700000000001
164 165 0.599079
165 166 16.707377
165 167 15.405381000000002
164 168 15.413108000000001
163 169 1
169 170 15.207300000000002
169 171 0.590056
171 172 0.101714
172 173 1
173 174 0.060068
174 175 0.124409
175 176 0.062703
176 177 15.276712
176 178 14.832781
175 179 0.062011
179 180 0.26678999999999997
180 181 14.929369000000001
180 182 15.265956
179 183 1
183 184 0.08151900000000001
184 185 0.10462799999999998
185 186 1
186 187 0.24237999999999998
187 188 0.166242
188 189 15.351878999999998
188 190 14.843447000000001
187 191 0.032855999999999996
191 192 1.305084
192 193 14.348378
192 194 14.739909
191 195 1
195 196 0.17954900000000001
196 197 1
197 198 0.27732
198 199 1
199 200 0.15123999999999999
200 201 1
201 202 1
202 203 0.718605
203 204 1
204 205 0.164647
205 206 1
206 207 0.06156300000000001
207 208 0.19882200000000003
208 209 1
209 210 0.296412
210 211 0.162962
211 212 0.321422
212 213 1
213 214 0.09670100000000001
214 215 0.306573
215 216 0.189075
216 217 0.1874
217 218 0.263513
218 219 16.586509999999997
218 220 0.17958500000000002
220 221 17.611991
220 222 17.670665999999997
217 223 0.41024299999999997
223 224 0.067506
224 225 0.10455600000000001
225 226 0.384678
226 227 19.844258
226 228 18.1827
225 229 17.055843
224 230 0.26367999999999997
230 231 0.422467
231 232 0.407772
232 233 19.205583
232 234 18.436236
231 235 0.566052
235 236 19.709386000000002
235 237 18.607846
230 238 1
238 239 17.968308999999998
238 240 0.605296
240 241 16.554187000000002
240 242 21.666151
223 243 1
243 244 0.025226
244 245 0.573725
245 246 1
246 247 0.074912
247 248 0.481096
248 249 0.378299
249 250 1
250 251 17.184093999999998
250 252 0.299246
252 253 0.892007
253 254 0.51273
254 255 0.046406
255 256 0.39464699999999997
256 257 0.981535
257 258 31.777839000000004
257 259 22.796363
256 260 19.940341
255 261 19.201158
254 262 1
262 263 0.176753
263 264 18.627589
263 265 0.210752
265 266 1
266 267 0.663552
267 268 5.5032749999999995
268 269 14.057037999999999
268 270 14.442929
267 271 1
271 272 0.470412
272 273 0.116702
273 274 0.288222
274 275 0.8133090000000001
275 276 1.7492839999999998
276 277 2.53661
277 278 19.729923
277 279 16.674936000000002
276 280 4.724681
280 281 5.458711
281 282 36.136046
281 283 2.221576
283 284 1.7574800000000002
284 285 2.852254
285 286 41.417252999999995
285 287 48.247963
284 288 36.711392
283 289 31.923249
280 290 28.836528
275 291 23.278171
274 292 20.015893000000002
273 293 18.875223
272 294 18.496575
271 295 19.186578
266 296 17.917728999999998
265 297 1
297 298 0.160517
298 299 0.040763
299 300 0.6236539999999999
300 301 1
301 302 0.375637
302 303 0.12216
303 304 0.42488100000000006
304 305 0.416433
305 306 18.767986
305 307 20.329323
304 308 0.564018
308 309 1
309 310 0.197901
310 311 0.6079990000000001
311 312 21.745012
311 313 0.135107
313 314 1.096307
314 315 21.933674
314 316 20.579734
313 317 21.04087
310 318 20.815461
309 319 19.975974
308 320 1
320 321 1
321 322 0.466397
322 323 0.124588
323 324 1
324 325 19.292198
324 326 0.02899
326 327 19.717508
326 328 0.24534
328 329 0.653999
329 330 1
330 331 1.2583149999999999
331 332 1
332 333 1.374235
333 334 1
334 335 0.076746
335 336 0.366993
336 337 0.6912699999999999
337 338 1
338 339 0.260323
339 340 21.692727
339 341 0.290983
341 342 20.429905
341 343 0.177805
343 344 0.111513
344 345 0.034852
345 346 0.267381
346 347 0.09639400000000001
347 348 1
348 349 0.247045
349 350 0.177151
350 351 0.532684
351 352 0.668388
352 353 0.058088
353 354 1
354 355 22.836049
354 356 0.329111
356 357 23.241552
356 358 0.13374
358 359 2.215913
359 360 1
360 361 1
361 362 25.008416999999998
361 363 1.7621600000000002
363 364 1
364 365 0.7392799999999999
365 366 24.496501000000002
365 367 1.843729
367 368 0.510301
368 369 34.793352
368 370 30.953408
367 371 29.696509999999996
364 372 25.321873
363 373 1
373 374 27.213537
373 375 3.430172
375 376 0.419207
376 377 0.9667169999999999
377 378 0.596453
378 379 1.2089290000000001
379 380 2.393928
380 381 38.770571999999994
380 382 34.857759
379 383 0.299369
383 384 5.27704
384 385 57.224149000000004
384 386 37.50029
383 387 35.637034
378 388 0.474484
388 389 34.014934000000004
388 390 2.3568990000000003
390 391 0.341688
391 392 2.875718
392 393 41.241513000000005
392 394 39.055939
391 395 1.0108380000000001
395 396 37.214597
395 397 39.368472
390 398 2.081362
398 399 0.384745
399 400 51.715087999999994
399 401 0.299154
401 402 4.338785
402 403 43.837266
402 404 53.420747999999996
401 405 36.86276
398 406 0.371143
406 407 3.591709
407 408 3.259215
408 409 51.781325
408 410 44.104310000000005
407 411 2.831651
411 412 49.611605
411 413 44.728826999999995
406 414 34.265179
377 415 31.176503
376 416 29.216878
375 417 1
417 418 26.321965000000002
417 419 1.0501230000000001
419 420 6.501692
420 421 35.574172999999995
420 422 53.363831
419 423 27.565502
360 424 8.503776
424 425 25.729825
424 426 9.682309
426 427 5.994484
426 428 5.963964
359 429 1
429 430 1
430 431 1
431 432 23.424453
431 433 0.894252
433 434 0.54513
434 435 0.403492
435 436 1.309797
436 437 1
437 438 0.20278700000000002
438 439 0.270257
439 440 0.46305699999999994
440 441 0.5924780000000001
441 442 0.258509
442 443 1.999115
443 444 1
444 445 0.727747
445 446 0.26895600000000003
446 447 2.669959
447 448 1
448 449 1
449 450 0.647726
450 451 0.52764
451 452 1.13739
452 453 0.144774
453 454 1.241549
454 455 1
455 456 37.974966
455 457 2.140142
457 458 1
458 459 0.318825
459 460 0.27977599999999997
460 461 2.1436830000000002
461 462 3.207249
462 463 1
463 464 1.941633
464 465 1.814475
465 466 1.130805
466 467 0.593413
467 468 0.375062
468 469 0.623652
469 470 1.111448
470 471 0.982234
471 472 46.384619
471 473 43.280597
470 474 42.942231
469 475 42.032922
468 476 41.682129
467 477 48.366934
466 478 49.562652
465 479 42.757945
464 480 51.485609
463 481 36.602193
462 482 0.323764
482 483 1.9040850000000002
483 484 1.7930229999999998
484 485 42.763151
484 486 40.722832
483 487 39.614724
482 488 42.200108
461 489 0.421193
489 490 1
490 491 1.5644479999999998
491 492 1.680214
492 493 1
493 494 39.4464
493 495 5.821975
495 496 3.0277789999999998
496 497 1.9490859999999999
497 498 49.419847
497 499 42.648013
496 500 49.655152
495 501 53.524972999999996
492 502 0.923873
502 503 43.348899
502 504 41.687195
491 505 41.104851999999994
490 506 33.253814999999996
489 507 1.902833
507 508 42.106176
507 509 38.026529999999994
460 510 31.095349
459 511 34.597619
458 512 30.987553000000002
457 513 1
513 514 0.72342
514 515 2.470583
515 516 1.0990440000000001
516 517 3.639076
517 518 1.939194
518 519 37.739145
518 520 42.888706
517 521 1.923743
521 522 3.3364190000000002
522 523 49.208336
522 524 47.655609
521 525 42.286206
516 526 31.628651
515 527 32.163191000000005
514 528 39.881837
513 529 28.292973999999997
454 530 1
530 531 1.958983
531 532 32.882236
531 533 46.26829
530 534 29.830746
453 535 29.404004
452 536 30.714975
451 537 27.822833000000003
450 538 26.887248000000003
449 539 29.441805
448 540 0.807901
540 541 2.023371
541 542 33.124314
541 543 53.311842
540 544 29.945122
447 545 1
545 546 2.074719
546 547 1.7685039999999999
547 548 0.222655
548 549 0.9768020000000001
549 550 0.909539
550 551 34.363397
550 552 1.8669950000000002
552 553 0.807659
553 554 4.5103089999999995
554 555 41.647363999999996
554 556 50.607842999999995
553 557 35.350926
552 558 1
558 559 1.0273880000000002
559 560 45.043808
559 561 0.80675
561 562 34.190071
561 563 51.368570999999996
558 564 41.165965
549 565 33.559281
548 566 32.697145
547 567 1.80799
567 568 33.42203
567 569 31.355206000000003
546 570 29.244309
545 571 26.87851
446 572 27.710546
445 573 0.5882499999999999
573 574 27.101879
573 575 35.5014
444 576 27.878989999999998
443 577 1
577 578 2.031653
578 579 0.592211
579 580 28.25897
579 581 36.243343
578 582 33.16213
577 583 30.625303
442 584 0.45266100000000004
584 585 1.146312
585 586 28.113339
585 587 27.313546
584 588 28.176842
441 589 30.347388
440 590 24.987968
439 591 23.802122
438 592 23.976372
437 593 25.20792
436 594 0.234646
594 595 30.569232000000003
594 596 1.454316
596 597 28.705306000000004
596 598 3.55727
598 599 33.563533
598 600 37.355493
435 601 0.044270000000000004
601 602 0.605812
602 603 28.820211
602 604 24.076435
601 605 27.915391
434 606 0.565328
606 607 25.572832000000002
606 608 23.962351
433 609 0.535042
609 610 23.135117
609 611 23.50978
430 612 0.128039
612 613 22.738476
612 614 21.970153
429 615 1
615 616 2.251029
616 617 2.071803
617 618 28.863495
617 619 30.713502
616 620 0.832798
620 621 0.441913
621 622 32.26498
621 623 29.937061999999997
620 624 26.122072000000003
615 625 22.077994
358 626 24.062397999999998
353 627 1
627 628 0.22907000000000002
628 629 22.401786
628 630 0.842828
630 631 23.530746
630 632 1.834562
632 633 24.601807
632 634 26.653366000000002
627 635 23.149128
352 636 1
636 637 0.6336160000000001
637 638 0.244787
638 639 0.48833000000000004
639 640 23.497333
639 641 0.35882200000000003
641 642 25.824128
641 643 25.199426000000003
638 644 0.383892
644 645 23.312089999999998
644 646 24.986466
637 647 23.943078
636 648 22.813525000000002
351 649 0.10879699999999999
649 650 23.402975
649 651 22.807167
350 652 21.468235
349 653 23.353445999999998
348 654 20.770764
347 655 0.301811
655 656 22.416021
655 657 24.119944
346 658 0.08206
658 659 21.367914
658 660 21.145493000000002
345 661 20.928206
344 662 20.549706
343 663 20.873981999999998
338 664 24.088084000000002
337 665 0.537364
665 666 19.80614
665 667 20.677729
336 668 20.969246
335 669 0.431004
669 670 19.460515
669 671 20.128835000000002
334 672 0.11543199999999999
672 673 20.318175
672 674 19.370001000000002
333 675 0.23723199999999997
675 676 0.041413000000000005
676 677 0.491463
677 678 0.575337
678 679 23.025535
678 680 22.537296
677 681 0.407389
681 682 24.080522
681 683 21.69744
676 684 23.211553
675 685 0.39497400000000005
685 686 0.425854
686 687 0.47558
687 688 21.549115
687 689 25.095781
686 690 25.460476
685 691 0.049812
691 692 0.18940400000000002
692 693 24.297037
692 694 21.913104999999998
691 695 22.225162
332 696 22.164423
331 697 0.1921
697 698 0.9925889999999999
698 699 3.498932
699 700 21.041514
699 701 26.812424
698 702 1.7504439999999999
702 703 22.674746000000003
702 704 28.117898000000004
697 705 0.157244
705 706 21.865511
705 707 24.344632
330 708 19.714659
329 709 0.02737
709 710 0.091919
710 711 0.304082
711 712 0.089597
712 713 22.261419
712 714 0.316147
714 715 23.782188
714 716 20.082224
711 717 0.399391
717 718 1.3095809999999999
718 719 22.048907
718 720 26.138243
717 721 20.188342000000002
710 722 21.131032
709 723 0.356998
723 724 20.343991
723 725 20.742632
328 726 20.07812
323 727 0.279703
727 728 19.74668
727 729 20.338211
322 730 0.015557
730 731 19.334066999999997
730 732 19.080195
321 733 18.731912
320 734 0.181794
734 735 19.210680999999997
734 736 21.775124
303 737 18.699396
302 738 18.139443999999997
301 739 18.620541
300 740 0.887076
740 741 18.208777
740 742 18.764208
299 743 17.748664
298 744 18.162447
297 745 0.574332
745 746 18.283039000000002
745 747 16.629651000000003
262 748 18.407697
253 749 0.045741
749 750 1.1775529999999998
750 751 18.655611
750 752 19.27486
749 753 20.944485
252 754 0.49797399999999997
754 755 17.92964
754 756 16.98305
249 757 0.166581
757 758 16.683281
757 759 18.414139
248 760 17.072697
247 761 16.418513
246 762 16.352914
245 763 0.497607
763 764 0.212024
764 765 0.478622
765 766 0.11314400000000001
766 767 19.217185
766 768 20.569958999999997
765 769 0.638207
769 770 0.522525
770 771 21.497833999999997
770 772 20.80998
769 773 18.808079
764 774 0.569448
774 775 17.568344
774 776 20.651994000000002
763 777 0.220047
777 778 0.077556
778 779 18.297812999999998
778 780 19.536306
777 781 18.602985
244 782 0.655449
782 783 17.677554
782 784 16.867191000000002
243 785 17.898372000000002
216 786 1
786 787 0.343569
787 788 16.849508
787 789 17.420594
786 790 16.566089
215 791 0.065423
791 792 16.797791
791 793 0.427445
793 794 16.760179
793 795 16.783008
214 796 0.20959
796 797 16.65383
796 798 17.070345
213 799 0.9709890000000001
799 800 16.753135
799 801 15.182976
212 802 0.056702
802 803 0.037053
803 804 0.090712
804 805 18.267318
804 806 16.369224
803 807 16.502851
802 808 18.022793
211 809 17.118135000000002
210 810 0.089634
810 811 17.667531
810 812 17.429889000000003
209 813 15.859799999999998
208 814 0.091748
814 815 0.286685
815 816 17.299468
815 817 17.062057
814 818 16.896325
207 819 0.15640700000000002
819 820 16.290105
819 821 15.294127
206 822 15.958330000000002
205 823 0.000732
823 824 16.166848
823 825 0.464085
825 826 15.743545000000001
825 827 15.840687
204 828 15.712192
203 829 0.047374
829 830 0.6716650000000001
830 831 17.262981999999997
830 832 18.019676
829 833 0.48738999999999993
833 834 15.39941
833 835 16.097146000000002
202 836 16.238619
201 837 0.479525
837 838 15.56406
837 839 14.975731
200 840 1
840 841 15.846952
840 842 0.25415699999999997
842 843 16.314725
842 844 16.509389
199 845 16.115285
198 846 0.466454
846 847 29.920550000000002
846 848 17.161699
197 849 15.859026000000002
196 850 0.252384
850 851 14.969623000000002
850 852 16.090304
195 853 15.608251000000001
186 854 15.561613
185 855 0.136052
855 856 14.992245
855 857 15.117248
184 858 15.292779000000001
183 859 15.7977
174 860 15.150549
173 861 15.353045000000002
172 862 0.032404999999999996
862 863 15.38069
862 864 16.643685
171 865 0.023838
865 866 0.165543
866 867 0.41773699999999997
867 868 15.050913
867 869 15.230357999999999
866 870 14.812605000000001
865 871 15.993989000000001
162 872 0.21197299999999997
872 873 15.077333000000001
872 874 15.635375000000002
161 875 0.26269000000000003
875 876 14.501465999999999
875 877 14.41818
160 878 0.307224
878 879 14.559904000000001
878 880 14.275586
153 881 0.271118
881 882 14.41201
881 883 14.339435
148 884 0.312415
884 885 14.288946
884 886 13.877244999999998
147 887 0.23509300000000002
887 888 13.887490999999999
887 889 14.445369999999999
140 890 0.125863
890 891 0.165518
891 892 0.388121
892 893 13.9812
892 894 13.276001
891 895 13.528953
890 896 14.425377000000001
131 897 0.19227999999999998
897 898 13.329459
897 899 14.670495
130 900 0.40013999999999994
900 901 0.277343
901 902 13.41522
901 903 13.678097000000001
900 904 13.393262
129 905 0.293318
905 906 13.843488
905 907 13.660336000000001
126 908 13.469797
125 909 13.718100999999999
124 910 14.273622999999999
123 911 0.24060700000000002
911 912 13.822972
911 913 13.434229
122 914 13.871501
121 915 0.247562
915 916 0.208197
916 917 13.735152000000001
916 918 14.932358
915 919 0.214052
919 920 13.581877
919 921 14.501141
120 922 0.060431000000000006
922 923 13.746344999999998
922 924 13.101936
119 925 0.215861
925 926 12.856086
925 927 14.073768000000001
118 928 0.077085
928 929 13.887047999999998
928 930 12.961233
117 931 13.045347
116 932 13.413142
115 933 13.202294
114 934 0.140482
934 935 0.20884800000000003
935 936 13.352064
935 937 13.905137
934 938 12.566247
113 939 0.060986000000000005
939 940 12.452357
939 941 13.184815
112 942 0.15651199999999998
942 943 0.10900499999999999
943 944 0.290801
944 945 13.056458000000001
944 946 13.223740000000001
943 947 13.213921000000001
942 948 14.394758999999999
111 949 13.686888
110 950 32.842406000000004
109 951 0.365808
951 952 12.435827000000002
951 953 13.201345
108 954 0.0651
954 955 13.012779
954 956 12.704412000000001
107 957 0.13824799999999998
957 958 0.368609
958 959 13.030061000000002
958 960 15.052957
957 961 0.12449600000000001
961 962 13.198655
961 963 12.759208
106 964 0.321819
964 965 0.367492
965 966 12.439165000000001
965 967 13.278026
964 968 0.39213700000000007
968 969 12.297077
968 970 12.466574
105 971 0.121025
971 972 0.165028
972 973 13.185505000000001
972 974 12.772357000000001
971 975 14.773522
104 976 12.542032
103 977 13.613923
98 978 0.109545
978 979 0.183822
979 980 12.254318999999999
979 981 12.194697999999999
978 982 0.351373
982 983 12.092487
982 984 12.513648
93 985 0.068363
985 986 0.21197999999999997
986 987 11.772641
986 988 11.974232
985 989 12.678434
92 990 0.353531
990 991 12.813372000000001
990 992 12.584354000000001
91 993 0.949923
993 994 1.179411
994 995 4.605319
995 996 16.697115
995 997 75.745804
994 998 14.849478999999999
993 999 15.244982000000002
90 1000 0.16002
1000 1001 12.02692
1000 1002 0.389944
1002 1003 11.869049
1002 1004 11.337177
89 1005 0.116192
1005 1006 12.271597
1005 1007 0.193406
1007 1008 0.045163
1008 1009 11.427698
1008 1010 11.855474000000001
1007 1011 11.327834000000001
88 1012 0.194238
1012 1013 0.122089
1013 1014 11.638632
1013 1015 0.274585
1015 1016 11.891741
1015 1017 11.314485000000001
1012 1018 0.408965
1018 1019 11.394898000000001
1018 1020 12.19702
87 1021 0.156712
1021 1022 12.316816
1021 1023 0.287529
1023 1024 11.379981
1023 1025 11.138045
86 1026 0.19839400000000001
1026 1027 0.325258
1027 1028 11.393203999999999
1027 1029 11.200908
1026 1030 11.394663
85 1031 0.258953
1031 1032 12.106897
1031 1033 12.185399
84 1034 0.012530000000000001
1034 1035 0.353489
1035 1036 11.58259
1035 1037 10.783548
1034 1038 0.128437
1038 1039 0.21029199999999998
1039 1040 0.4144
1040 1041 11.167254
1040 1042 11.426858
1039 1043 12.229966000000001
1038 1044 0.18204199999999998
1044 1045 0.261803
1045 1046 11.548509
1045 1047 11.121784
1044 1048 11.149619
79 1049 0.12154200000000001
1049 1050 11.884756000000001
1049 1051 11.398415
78 1052 0.563266
1052 1053 11.341702
1052 1054 11.176324
67 1055 0.23359000000000002
1055 1056 11.441539
1055 1057 12.538498
66 1058 0.329961
1058 1059 0.315241
1059 1060 11.021768999999999
1059 1061 11.572343
1058 1062 12.642965
65 1063 0.15079099999999998
1063 1064 11.282865000000001
1063 1065 11.693102
64 1066 0.21811399999999997
1066 1067 4.350873
1067 1068 7.0463949999999995
1067 1069 7.310896
1066 1070 12.334132
55 1071 0.080495
1071 1072 0.13289199999999998
1072 1073 10.867477000000001
1072 1074 10.222689
1071 1075 11.764816
54 1076 0.081211
1076 1077 11.835928
1076 1078 11.216695999999999
53 1079 0.10585499999999999
1079 1080 0.28190200000000004
1080 1081 11.824105999999999
1080 1082 11.38212
1079 1083 1
1083 1084 0.231175
1084 1085 11.697425
1084 1086 3.645058
1086 1087 7.803844
1086 1088 2.038208
1088 1089 5.578648
1088 1090 6.063346
1083 1091 11.746466999999999
52 1092 11.668903
51 1093 0.49314299999999994
1093 1094 10.171266
1093 1095 10.696491
50 1096 0.090084
1096 1097 0.189189
1097 1098 10.69193
1097 1099 0.13458599999999998
1099 1100 3.052289
1100 1101 7.740704
1100 1102 7.956663999999999
1099 1103 11.693187
1096 1104 0.120838
1104 1105 0.40793399999999996
1105 1106 13.967001000000002
1105 1107 11.590254
1104 1108 0.025782000000000003
1108 1109 0.46811600000000003
1109 1110 10.774674
1109 1111 11.364338
1108 1112 10.982722
49 1113 10.482809999999999
36 1114 0.010581
1114 1115 0.221308
1115 1116 10.702135
1115 1117 10.091667
1114 1118 11.294706
35 1119 0.165347
1119 1120 10.790421
1119 1121 10.225517
34 1122 0.265401
1122 1123 10.806352
1122 1124 10.061404999999999
33 1125 10.337252
32 1126 0.101943
1126 1127 10.861044
1126 1128 12.038362
31 1129 0.16013100000000002
1129 1130 0.193802
1130 1131 0.417763
1131 1132 9.967399
1131 1133 9.873187
1130 1134 9.53981
1129 1135 9.842144999999999
30 1136 0.21655300000000002
1136 1137 10.582413
1136 1138 9.99007
29 1139 10.116106
18 1140 0.122923
1140 1141 0.148057
1141 1142 9.646346999999999
1141 1143 9.976402
1140 1144 10.357225
17 1145 0.006477
1145 1146 0.5489510000000001
1146 1147 10.16611
1146 1148 10.259277
1145 1149 0.6800740000000001
1149 1150 9.108363
1149 1151 9.082184999999999
16 1152 10.283596000000001
11 1153 0.407699
1153 1154 10.036509
1153 1155 9.731376
6 1156 0.10644400000000001
1156 1157 0.164514
1157 1158 9.888729
1157 1159 9.013596999999999
1156 1160 10.334224
5 1161 0.383753
1161 1162 9.744912
1161 1163 10.168462
4 1164 0.212175
1164 1165 0.260902
1165 1166 0.082764
1166 1167 0.24262899999999998
1167 1168 10.495454
1167 1169 9.563763999999999
1166 1170 9.503113
1165 1171 4.53341
1171 1172 0.413934
1172 1173 2.799305
1173 1174 4.057853
1173 1175 4.2773140000000005
1172 1176 1.20289
1176 1177 1.422464
1177 1178 4.217471
1177 1179 4.595151
1176 1180 5.479216
1171 1181 7.670666
1164 1182 1
1182 1183 0.084882
1183 1184 0.079261
1184 1185 0.069631
1185 1186 1
1186 1187 0.19050499999999998
1187 1188 9.349973
1187 1189 9.124259
1186 1190 1
1190 1191 0.070483
1191 1192 9.575927
1191 1193 0.153038
1193 1194 0.027475
1194 1195 0.171512
1195 1196 9.06532
1195 1197 9.05452
1194 1198 0.130448
1198 1199 9.429165000000001
1198 1200 9.473162
1193 1201 1
1201 1202 0.123865
1202 1203 0.246104
1203 1204 1
1204 1205 0.055597999999999995
1205 1206 0.096543
1206 1207 0.066168
1207 1208 8.743086
1207 1209 8.954277
1206 1210 0.120419
1210 1211 0.089808
1211 1212 0.24706699999999998
1212 1213 9.174701
1212 1214 9.086641
1211 1215 9.132061
1210 1216 1
1216 1217 0.066276
1217 1218 0.061176999999999995
1218 1219 9.582622
1218 1220 0.032432
1220 1221 0.45056599999999997
1221 1222 8.168346999999999
1221 1223 8.210934
1220 1224 0.022690000000000002
1224 1225 0.033586
1225 1226 0.087769
1226 1227 0.067272
1227 1228 0.44902
1228 1229 1.000464
1229 1230 8.056896
1229 1231 8.048655
1228 1232 8.819797999999999
1227 1233 1
1233 1234 9.274295
1233 1235 0.160831
1235 1236 0.218753
1236 1237 0.013282999999999998
1237 1238 0.19872700000000001
1238 1239 0.039446
1239 1240 1
1240 1241 0.18995800000000002
1241 1242 1
1242 1243 8.917016
1242 1244 0.429622
1244 1245 0.09352400000000001
1245 1246 0.299731
1246 1247 0.023391
1247 1248 0.148294
1248 1249 1.9484419999999998
1249 1250 0.40932599999999997
1250 1251 6.893497
1250 1252 7.662818000000001
1249 1253 8.248132
1248 1254 11.048073
1247 1255 0.30447
1255 1256 0.036453
1256 1257 0.12461900000000001
1257 1258 7.889495
1257 1259 8.147825000000001
1256 1260 8.236367
1255 1261 0.067936
1261 1262 7.914119
1261 1263 7.445287
1246 1264 1
1264 1265 0.052094
1265 1266 8.257875
1265 1267 0.264639
1267 1268 1
1268 1269 0.147967
1269 1270 0.186953
1270 1271 1
1271 1272 0.031463
1272 1273 0.001918
1273 1274 0.054431
1274 1275 0.10959100000000001
1275 1276 0.013758999999999999
1276 1277 0.442302
1277 1278 1
1278 1279 0.284846
1279 1280 0.076872
1280 1281 0.123836
1281 1282 7.06248
1281 1283 6.964639
1280 1284 0.29028
1284 1285 6.957666
1284 1286 7.003648
1279 1287 1
1287 1288 1
1288 1289 0.296794
1289 1290 0.12592599999999998
1290 1291 0.03171
1291 1292 0.022673
1292 1293 0.087139
1293 1294 0.339065
1294 1295 7.65514
1294 1296 6.834757
1293 1297 7.2393730000000005
1292 1298 0.014236000000000002
1298 1299 1
1299 1300 0.114883
1300 1301 7.17672
1300 1302 0.14141900000000002
1302 1303 1
1303 1304 7.123258000000001
1303 1305 0.10977400000000001
1305 1306 0.05659
1306 1307 0.27840400000000004
1307 1308 6.741451
1307 1309 6.500997999999999
1306 1310 1
1310 1311 0.039984
1311 1312 0.069266
1312 1313 0.211204
1313 1314 1
1314 1315 0.055656
1315 1316 0.083451
1316 1317 1
1317 1318 0.174535
1318 1319 0.082338
1319 1320 1
1320 1321 0.267339
1321 1322 6.803497999999999
1321 1323 6.374051
1320 1324 0.296672
1324 1325 0.057112
1325 1326 3.4317710000000003
1326 1327 3.0312889999999997
1326 1328 3.4927449999999998
1325 1329 6.842402
1324 1330 0.018649000000000002
1330 1331 0.09464700000000001
1331 1332 1
1332 1333 0.126688
1333 1334 0.07825
1334 1335 0.038116000000000004
1335 1336 0.068057
1336 1337 0.181526
1337 1338 0.273878
1338 1339 0.080112
1339 1340 1
1340 1341 6.0442219999999995
1340 1342 0.266368
1342 1343 1
1343 1344 0.568713
1344 1345 1
1345 1346 7.547516999999999
1345 1347 0.345112
1347 1348 6.311994
1347 1349 0.139289
1349 1350 0.363956
1350 1351 0.21963
1351 1352 0.086829
1352 1353 1
1353 1354 0.120731
1354 1355 5.699912
1354 1356 0.23178500000000002
1356 1357 0.033254
1357 1358 0.255176
1358 1359 5.17569
1358 1360 5.094951
1357 1361 5.56189
1356 1362 0.060792
1362 1363 0.527486
1363 1364 1
1364 1365 0.17240999999999998
1365 1366 0.214796
1366 1367 5.123989
1366 1368 5.45535
1365 1369 0.41419500000000004
1369 1370 1
1370 1371 0.511409
1371 1372 0.12448999999999999
1372 1373 0.095079
1373 1374 0.092194
1374 1375 4.782357999999999
1374 1376 4.391134
1373 1377 5.009918
1372 1378 4.876128
1371 1379 0.26202000000000003
1379 1380 4.502273
1379 1381 4.430373
1370 1382 5.392289
1369 1383 0.132917
1383 1384 1
1384 1385 1
1385 1386 0.230922
1386 1387 0.24419
1387 1388 0.088686
1388 1389 0.033137
1389 1390 0.43959000000000004
1390 1391 0.371677
1391 1392 1
1392 1393 1
1393 1394 1
1394 1395 4.913534
1394 1396 0.043217
1396 1397 4.829752
1396 1398 0.623059
1398 1399 1
1399 1400 0.357217
1400 1401 1
1401 1402 4.736279000000001
1401 1403 0.039896
1403 1404 0.70646
1404 1405 1
1405 1406 0.039007
1406 1407 0.693477
1407 1408 1
1408 1409 0.659894
1409 1410 1
1410 1411 0.076874
1411 1412 0.07254
1412 1413 0.146897
1413 1414 0.19017299999999998
1414 1415 0.11301099999999999
1415 1416 0.20394400000000001
1416 1417 2.8352209999999998
1416 1418 0.22576900000000003
1418 1419 2.644838
1418 1420 2.686403
1415 1421 0.0007849999999999999
1421 1422 0.052163999999999995
1422 1423 0.051938
1423 1424 0.114473
1424 1425 0.13539800000000002
1425 1426 0.122693
1426 1427 0.10379300000000001
1427 1428 2.184943
1427 1429 2.1450139999999998
1426 1430 2.978361
1425 1431 2.442412
1424 1432 0.039764
1432 1433 2.520774
1432 1434 2.530404
1423 1435 2.5979769999999998
1422 1436 2.677633
1421 1437 2.876516
1414 1438 0.109076
1438 1439 2.816154
1438 1440 2.7966499999999996
1413 1441 3.20818
1412 1442 3.433293
1411 1443 0.126108
1443 1444 3.155885
1443 1445 3.7717880000000004
1410 1446 0.16223500000000002
1446 1447 0.147434
1447 1448 3.1036390000000003
1447 1449 3.019799
1446 1450 3.2574980000000004
1409 1451 1
1451 1452 0.5229229999999999
1452 1453 0.388019
1453 1454 0.544458
1454 1455 1
1455 1456 4.323547
1455 1457 0.839475
1457 1458 1
1458 1459 2.547478
1458 1460 0.22406900000000002
1460 1461 0.138793
1461 1462 0.31183700000000003
1462 1463 0.28004
1463 1464 1.905033
1463 1465 1.713561
1462 1466 0.096027
1466 1467 0.134951
1467 1468 1.700502
1467 1469 1.7011640000000001
1466 1470 2.329261
1461 1471 2.837922
1460 1472 2.474733
1457 1473 0.27742
1473 1474 2.202159
1473 1475 2.293351
1454 1476 0.126022
1476 1477 1
1477 1478 6.652602000000001
1477 1479 0.177037
1479 1480 3.37921
1479 1481 0.573091
1481 1482 0.282639
1482 1483 0.380686
1483 1484 1.722811
1483 1485 2.994258
1482 1486 1.867687
1481 1487 3.488352
1476 1488 1
1488 1489 0.159435
1489 1490 2.966443
1489 1491 0.057799
1491 1492 0.506574
1492 1493 1
1493 1494 0.30712500000000004
1494 1495 0.45016300000000004
1495 1496 0.12662299999999999
1496 1497 3.299411
1496 1498 0.170883
1498 1499 0.160218
1499 1500 1.244308
1499 1501 1.086234
1498 1502 1.431268
1495 1503 4.334237
1494 1504 1
1504 1505 5.064546
1504 1506 0.278688
1506 1507 1.5553569999999999
1506 1508 1.8463090000000002
1493 1509 6.6657779999999995
1492 1510 0.061541000000000005
1510 1511 2.034586
1510 1512 0.374645
1512 1513 1.663605
1512 1514 1.738061
1491 1515 2.689047
1488 1516 2.9072839999999998
1453 1517 0.301475
1517 1518 3.140711
1517 1519 3.325909
1452 1520 3.9615959999999997
1451 1521 7.266857
1408 1522 3.8285649999999998
1407 1523 0.13969399999999998
1523 1524 0.39123300000000005
1524 1525 2.960127
1524 1526 3.277459
1523 1527 0.21513600000000002
1527 1528 3.12881
1527 1529 3.3952240000000002
1406 1530 4.532812
1405 1531 5.029152
1404 1532 1
1532 1533 0.582928
1533 1534 1
1534 1535 0.244027
1535 1536 1
1536 1537 0.333436
1537 1538 1
1538 1539 4.04616
1538 1540 0.163105
1540 1541 0.057187999999999996
1541 1542 0.136458
1542 1543 3.306
1542 1544 0.186419
1544 1545 3.064274
1544 1546 3.1733119999999997
1541 1547 0.070646
1547 1548 3.400313
1547 1549 3.353998
1540 1550 0.095946
1550 1551 3.517099
1550 1552 3.352724
1537 1553 1
1553 1554 0.33399
1554 1555 3.298408
1554 1556 3.3406400000000005
1553 1557 3.681386
1536 1558 4.291564
1535 1559 0.056689
1559 1560 0.028716000000000002
1560 1561 3.742056
1560 1562 0.159808
1562 1563 3.5188619999999995
1562 1564 3.699008
1559 1565 0.25810099999999997
1565 1566 3.4990729999999997
1565 1567 3.486513
1534 1568 4.372794
1533 1569 0.07113599999999999
1569 1570 0.350918
1570 1571 1
1571 1572 0.357371
1572 1573 0.039507
1573 1574 0.028019999999999996
1574 1575 0.077317
1575 1576 1
1576 1577 3.090027
1576 1578 0.22734500000000002
1578 1579 2.8355620000000004
1578 1580 2.833735
1575 1581 0.049556
1581 1582 0.25155099999999997
1582 1583 0.41610800000000003
1583 1584 2.316011
1583 1585 2.456594
1582 1586 2.754232
1581 1587 3.238
1574 1588 1
1588 1589 3.347612
1588 1590 0.204334
1590 1591 0.09279899999999999
1591 1592 3.1949980000000004
1591 1593 0.44254699999999997
1593 1594 3.4380859999999998
1593 1595 3.37395
1590 1596 3.263355
1573 1597 0.087989
1597 1598 0.14877600000000002
1598 1599 3.214728
1598 1600 3.0228580000000003
1597 1601 3.1417
1572 1602 0.07302199999999999
1602 1603 3.2040119999999996
1602 1604 3.2052579999999997
1571 1605 3.8963129999999997
1570 1606 1
1606 1607 3.692517
1606 1608 0.206712
1608 1609 3.5119490000000004
1608 1610 3.242361
1569 1611 3.842848
1532 1612 4.560187
1403 1613 5.4753549999999995
1400 1614 0.322098
1614 1615 4.272126
1614 1616 0.10370399999999999
1616 1617 4.15628
1616 1618 4.000922
1399 1619 5.166256000000001
1398 1620 1
1620 1621 4.525808
1620 1622 0.205907
1622 1623 0.26668400000000003
1623 1624 0.24217499999999997
1624 1625 3.6079239999999997
1624 1626 3.843242
1623 1627 3.9530999999999996
1622 1628 4.423982
1393 1629 1
1629 1630 0.44779700000000006
1630 1631 4.156174
1630 1632 3.511768
1632 1633 0.461535
1632 1634 0.457793
1629 1635 4.692704
1392 1636 1
1636 1637 0.409427
1637 1638 0.093481
1638 1639 3.9902390000000003
1638 1640 4.285540999999999
1637 1641 0.144918
1641 1642 3.9986050000000004
1641 1643 4.099405
1636 1644 4.9159429999999995
1391 1645 0.139266
1645 1646 0.096407
1646 1647 4.415908
1646 1648 4.396715
1645 1649 0.090104
1649 1650 0.261448
1650 1651 3.863697
1650 1652 3.880525
1649 1653 0.019438999999999998
1653 1654 4.083292
1653 1655 4.370844
1390 1656 1.207891
1656 1657 3.988635
1656 1658 5.064301
1389 1659 6.796658999999999
1388 1660 5.482779
1387 1661 6.060856
1386 1662 5.93044
1385 1663 8.534443
1384 1664 0.687823
1664 1665 5.766116
1664 1666 5.248321000000001
1383 1667 1
1667 1668 0.48056499999999996
1668 1669 0.08025499999999999
1669 1670 4.700357
1669 1671 4.71505
1668 1672 0.084049
1672 1673 0.004345
1673 1674 4.717824
1673 1675 0.380446
1675 1676 4.217945
1675 1677 4.295775
1672 1678 0.132362
1678 1679 4.577441
1678 1680 0.129329
1680 1681 4.372207
1680 1682 4.380503
1667 1683 5.689451999999999
1364 1684 0.135654
1684 1685 6.7824480000000005
1684 1686 6.265522
1363 1687 1
1687 1688 0.335932
1688 1689 0.113914
1689 1690 0.18998800000000002
1690 1691 0.289629
1691 1692 4.1692149999999994
1691 1693 4.165952
1690 1694 4.385465
1689 1695 4.650904000000001
1688 1696 0.541457
1696 1697 0.156252
1697 1698 4.0112630000000005
1697 1699 4.323904
1696 1700 4.280048
1687 1701 5.36545
1362 1702 0.11882799999999999
1702 1703 0.264181
1703 1704 4.8977569999999995
1703 1705 5.127167
1702 1706 5.273701
1353 1707 6.03198
1352 1708 1
1708 1709 0.387205
1709 1710 0.124361
1710 1711 0.137948
1711 1712 4.749976
1711 1713 4.786793
1710 1714 4.843477
1709 1715 5.076531
1708 1716 5.726922999999999
1351 1717 0.969531
1717 1718 5.119899
1717 1719 1.02669
1719 1720 4.139099
1719 1721 2.502456
1721 1722 1.541307
1721 1723 2.186093
1350 1724 0.161963
1724 1725 0.357432
1725 1726 5.309372
1725 1727 5.208088
1724 1728 0.469759
1728 1729 5.2842899999999995
1728 1730 5.295048
1349 1731 5.9646289999999995
1344 1732 0.038814
1732 1733 0.120528
1733 1734 0.355408
1734 1735 4.913469
1734 1736 0.188947
1736 1737 4.5912500000000005
1736 1738 4.64262
1733 1739 5.630558
1732 1740 5.4956629999999995
1343 1741 6.016380000000001
1342 1742 0.105229
1742 1743 5.874115
1742 1744 5.704804
1339 1745 1
1745 1746 0.186492
1746 1747 5.831473
1746 1748 5.810521
1745 1749 0.138172
1749 1750 0.08297600000000001
1750 1751 5.919822
1750 1752 5.596093
1749 1753 0.24541200000000002
1753 1754 5.44233
1753 1755 0.00863
1755 1756 0.18538000000000002
1756 1757 0.047661999999999996
1757 1758 5.160888
1757 1759 5.171354
1756 1760 0.167412
1760 1761 4.946951
1760 1762 4.894404
1755 1763 5.476146
1338 1764 1
1764 1765 0.096148
1765 1766 0.25648
1766 1767 5.711303
1766 1768 5.616026
1765 1769 5.753495
1764 1770 0.158381
1770 1771 0.31312100000000004
1771 1772 0.302859
1772 1773 5.068378
1772 1774 5.0178720000000006
1771 1775 0.11539899999999999
1775 1776 5.266185
1775 1777 5.251275
1770 1778 0.052833000000000005
1778 1779 0.072076
1779 1780 0.09750400000000001
1780 1781 5.431331999999999
1780 1782 5.708051
1779 1783 5.660702
1778 1784 5.611744
1337 1785 1
1785 1786 0.045521
1786 1787 5.976381
1786 1788 0.22648
1788 1789 0.087042
1789 1790 5.595203
1789 1791 5.606758
1788 1792 5.827928
1785 1793 6.15519
1336 1794 6.246443
1335 1795 6.253061
1334 1796 6.534838
1333 1797 6.5217410000000005
1332 1798 9.777885
1331 1799 0.342955
1799 1800 5.893293
1799 1801 6.065155
1330 1802 0.37899299999999997
1802 1803 6.254085
1802 1804 5.767869
1319 1805 1
1805 1806 0.352018
1806 1807 5.995451999999999
1806 1808 6.090081
1805 1809 6.782800999999999
1318 1810 0.0086
1810 1811 6.443804999999999
1810 1812 6.863619999999999
1317 1813 6.886504
1316 1814 0.236398
1814 1815 6.2260089999999995
1814 1816 6.9515400000000005
1315 1817 0.315132
1817 1818 6.392294
1817 1819 6.397410000000001
1314 1820 0.053986
1820 1821 6.535803
1820 1822 6.44749
1313 1823 1
1823 1824 0.03381
1824 1825 6.7279290000000005
1824 1826 0.197384
1826 1827 0.037675
1827 1828 0.0179
1828 1829 6.231909
1828 1830 6.2366209999999995
1827 1831 6.184357
1826 1832 0.287982
1832 1833 6.0379570000000005
1832 1834 6.3026159999999996
1823 1835 6.680345999999999
1312 1836 0.125247
1836 1837 0.306625
1837 1838 6.4962539999999995
1837 1839 6.6812949999999995
1836 1840 6.738065
1311 1841 0.24433
1841 1842 6.468235
1841 1843 6.450454
1310 1844 6.830877
1305 1845 0.075542
1845 1846 0.08502
1846 1847 6.980574000000001
1846 1848 6.783780999999999
1845 1849 6.600916
1302 1850 0.24373200000000003
1850 1851 6.551301
1850 1852 6.6262479999999995
1299 1853 7.268542
1298 1854 0.08995500000000001
1854 1855 0.207238
1855 1856 6.915438999999999
1855 1857 6.587361
1854 1858 7.035653999999999
1291 1859 0.340561
1859 1860 7.476964
1859 1861 7.079351000000001
1290 1862 1
1862 1863 7.2383429999999995
1862 1864 0.33492
1864 1865 6.641677
1864 1866 6.795924
1289 1867 0.24213400000000002
1867 1868 7.194474
1867 1869 7.030519
1288 1870 7.636605
1287 1871 0.080191
1871 1872 0.202166
1872 1873 7.192967
1872 1874 7.164324
1871 1875 7.676204
1278 1876 7.422376999999999
1277 1877 0.061769
1877 1878 0.207618
1878 1879 0.045759
1879 1880 6.960375000000001
1879 1881 7.066744
1878 1882 7.298011
1877 1883 0.16619799999999998
1883 1884 7.271432999999999
1883 1885 7.551331
1276 1886 7.963919999999999
1275 1887 7.789306
1274 1888 7.736518
1273 1889 7.731552999999999
1272 1890 8.019295999999999
1271 1891 8.314533
1270 1892 0.040713
1892 1893 0.038876999999999995
1893 1894 0.184482
1894 1895 8.157765999999999
1894 1896 7.607432
1893 1897 8.278166
1892 1898 8.593412
1269 1899 0.08980700000000001
1899 1900 7.7673309999999995
1899 1901 0.14938300000000002
1901 1902 8.014783
1901 1903 7.818326000000001
1268 1904 8.06232
1267 1905 0.140737
1905 1906 8.101929
1905 1907 8.003622
1264 1908 8.4339
1245 1909 1.7777790000000002
1909 1910 6.809871000000001
1909 1911 7.81294
1244 1912 0.031212999999999998
1912 1913 8.023042
1912 1914 0.030338
1914 1915 7.900923
1914 1916 8.341331
1241 1917 0.10664299999999999
1917 1918 0.178087
1918 1919 8.339552999999999
1918 1920 8.521881
1917 1921 8.844355
1240 1922 8.331735
1239 1923 0.490015
1923 1924 12.797267000000002
1923 1925 8.367217
1238 1926 0.09108000000000001
1926 1927 0.16711600000000001
1927 1928 8.216813
1927 1929 0.039234
1929 1930 9.062803
1929 1931 8.564442
1926 1932 0.260849
1932 1933 0.02836
1933 1934 8.587731
1933 1935 8.135537
1932 1936 8.368286
1237 1937 0.12622
1937 1938 8.780222
1937 1939 8.567386
1236 1940 0.23107499999999997
1940 1941 8.365349
1940 1942 8.151282
1235 1943 8.454319
1226 1944 0.11714
1944 1945 9.256864
1944 1946 8.580988000000001
1225 1947 0.156304
1947 1948 8.901979
1947 1949 9.359363
1224 1950 0.20355299999999998
1950 1951 8.270203
1950 1952 8.591231
1217 1953 9.327873
1216 1954 9.287325000000001
1205 1955 0.33904
1955 1956 8.881402
1955 1957 9.097275
1204 1958 0.214417
1958 1959 8.970155
1958 1960 8.797411
1203 1961 0.147112
1961 1962 0.24969200000000003
1962 1963 10.154631
1962 1964 1.493131
1964 1965 8.442916
1964 1966 8.974475
1961 1967 0.604648
1967 1968 10.237016
1967 1969 10.188371
1202 1970 0.10343
1970 1971 9.272086999999999
1970 1972 9.98936
1201 1973 9.32155
1190 1974 9.911989
1185 1975 0.298151
1975 1976 0.279918
1976 1977 10.458678
1976 1978 9.746739999999999
1975 1979 9.936717
1184 1980 0.025774000000000002
1980 1981 0.16159099999999998
1981 1982 9.231116
1981 1983 9.456776999999999
1980 1984 9.254436
1183 1985 0.292437
1985 1986 0.8092699999999999
1986 1987 9.320288999999999
1986 1988 11.031686
1985 1989 10.25657
1182 1990 0.21846000000000002
1990 1991 0.2134
1991 1992 10.083392
1991 1993 9.829982
1990 1994 11.255337
3 1995 9.842829
2 1996 9.78261
1 1997 9.067342
1 1998 10.194106
