1 2 0.113547
2 3 0.09359
3 4 0.39196600000000004
4 5 0.205931
5 6 14.052537000000001
5 7 13.459198
4 8 13.619803999999998
3 9 0.10687400000000001
9 10 0.031541
10 11 0.105057
11 12 0.192657
12 13 11.098498
12 14 12.585972000000002
11 15 0.49772
15 16 12.009778
15 17 11.285167999999999
10 18 0.133605
18 19 0.29791700000000004
19 20 0.939424
20 21 11.185004
20 22 10.892506000000001
19 23 11.156621999999999
18 24 0.303585
24 25 0.26213400000000003
25 26 0.340633
26 27 10.984027000000001
26 28 11.284105
25 29 10.793732
24 30 0.144566
30 31 0.30090300000000003
31 32 0.258028
32 33 10.697735
32 34 11.189746
31 35 0.089894
35 36 0.368332
36 37 10.481857999999999
36 38 10.964521000000001
35 39 0.443257
39 40 1.188742
40 41 8.818072
40 42 4.154676
42 43 4.9976069999999995
42 44 6.374344999999999
39 45 10.634188
30 46 0.050982999999999994
46 47 0.310881
47 48 10.918312
47 49 10.842813
46 50 0.210663
50 51 11.65173
50 52 0.156868
52 53 11.973646
52 54 13.763296
9 55 0.08482500000000001
55 56 0.16067
56 57 0.11288400000000001
57 58 0.089225
58 59 0.27791299999999997
59 60 15.332485000000002
59 61 0.184472
61 62 15.611024
61 63 0.249305
63 64 16.25263
63 65 17.276543
58 66 14.163561999999999
57 67 0.146291
67 68 0.036526
68 69 0.217798
69 70 13.148523
69 71 0.052549
71 72 0.630136
72 73 13.147012
72 74 12.187368
71 75 0.234427
75 76 13.206937
75 77 13.479466
68 78 0.286989
78 79 0.060728
79 80 0.7780900000000001
80 81 11.915741
80 82 13.285025000000001
79 83 0.202023
83 84 0.127346
84 85 0.622662
85 86 12.380155
85 87 12.753912
84 88 13.360339
83 89 0.136628
89 90 0.457858
90 91 3.283191
91 92 10.547443
91 93 2.399108
93 94 7.704528
93 95 9.500588
90 96 0.07249799999999999
96 97 0.097443
97 98 0.075321
98 99 0.246663
99 100 0.318039
100 101 0.18729400000000002
101 102 0.157649
102 103 0.14185899999999999
103 104 0.131894
104 105 0.221633
105 106 15.112207999999999
105 107 0.236118
107 108 2.284538
108 109 16.000163
108 110 5.383256
110 111 7.695088
111 112 0.10669200000000001
111 113 0.191945
110 114 0.8137
114 115 7.050996
115 116 0.210832
115 117 0.302214
114 118 4.1034880000000005
118 119 6.191782
118 120 2.854601
107 121 0.44251
121 122 1.438949
122 123 18.500294
122 124 15.792494000000001
121 125 15.498631
104 126 0.64019
126 127 0.519888
127 128 0.179285
128 129 0.343099
129 130 0.310569
130 131 0.083104
131 132 0.172936
132 133 15.565813
132 134 0.211247
134 135 0.176645
135 136 0.6003930000000001
136 137 19.125719
136 138 17.590882
135 139 16.147257
134 140 1.257345
140 141 13.767622
140 142 14.720721000000001
131 143 0.13479
143 144 18.756873
143 145 0.7412420000000001
145 146 15.815761
145 147 15.473880000000001
130 148 0.3078
148 149 16.183233
148 150 17.270057
129 151 0.266006
151 152 17.028451999999998
151 153 0.377813
153 154 15.935647
153 155 16.464274
128 156 0.240634
156 157 16.538245
156 158 0.30562900000000004
158 159 0.637109
159 160 0.10685499999999999
160 161 15.126097
160 162 15.21628
159 163 16.601415
158 164 0.315345
164 165 0.23787
165 166 0.632806
166 167 17.222857
166 168 17.377833000000003
165 169 0.158021
169 170 15.06916
169 171 14.410893
164 172 0.7334620000000001
172 173 13.937463999999999
172 174 14.903309
127 175 0.225528
175 176 17.48441
175 177 0.266921
177 178 0.336914
178 179 19.151419999999998
178 180 0.246562
180 181 0.348005
181 182 0.563193
182 183 2.046043
183 184 20.316457
183 185 19.743737
182 186 17.567752
181 187 0.28206899999999996
187 188 0.7624839999999999
188 189 20.883892
188 190 0.15929500000000002
190 191 21.876265
190 192 21.783302
187 193 0.141882
193 194 0.191271
194 195 0.415487
195 196 21.907906
195 197 0.424019
197 198 0.37772700000000003
198 199 22.988134
198 200 22.541513
197 201 19.68687
194 202 0.307388
202 203 0.323932
203 204 0.25368399999999997
204 205 21.264342
204 206 0.967777
206 207 22.430224000000003
206 208 21.317303000000003
203 209 0.41080099999999997
209 210 0.640836
210 211 0.152516
211 212 0.936759
212 213 1.105102
213 214 1.737039
214 215 28.310541
214 216 23.820891
213 217 0.308227
217 218 0.766299
218 219 33.119807
218 220 27.771295000000002
217 221 1.470805
221 222 1.929923
222 223 34.492092
222 224 29.20454
221 225 32.385239999999996
212 226 0.304673
226 227 24.509952
226 228 1.217168
228 229 26.243888
228 230 0.22602
230 231 0.358265
231 232 23.489518
231 233 1.1145159999999998
233 234 24.932211000000002
233 235 28.191625
230 236 0.44341299999999995
236 237 22.969391
236 238 1.320644
238 239 19.62182
238 240 22.386771
211 241 0.075594
241 242 22.808419999999998
241 243 0.323664
243 244 24.494171
243 245 0.20156200000000002
245 246 25.608539000000004
245 247 1.108298
247 248 24.492394
247 249 0.72795
249 250 35.221344
249 251 24.248603
210 252 0.561275
252 253 2.6343550000000002
253 254 2.006158
254 255 27.261827999999998
254 256 35.979354
253 257 38.334475
252 258 23.270592
209 259 21.981391
202 260 0.6099789999999999
260 261 0.47202
261 262 1.261352
262 263 22.529291
262 264 23.81683
261 265 0.5209779999999999
265 266 22.351093
265 267 22.549799
260 268 0.284141
268 269 21.890554
268 270 0.727834
270 271 26.456718000000002
270 272 26.767070999999998
193 273 0.021835999999999998
273 274 0.320689
274 275 0.268127
275 276 0.329173
276 277 21.130266
276 278 25.033624
275 279 1.125959
279 280 24.235029
279 281 0.5354140000000001
281 282 23.851525000000002
281 283 0.592588
283 284 33.218393
283 285 27.893603
274 286 0.667581
286 287 19.042769
286 288 22.794244
273 289 0.579911
289 290 1.760364
290 291 17.744048
290 292 1.3425289999999999
292 293 20.700003
292 294 19.611287
289 295 0.401506
295 296 30.826566
295 297 1.919842
297 298 28.527453
297 299 25.703111
180 300 0.235895
300 301 18.524587
300 302 18.271662
177 303 0.183548
303 304 0.344961
304 305 0.323922
305 306 1.355438
306 307 16.961178
306 308 4.575785000000001
308 309 6.2146989999999995
309 310 4.181710000000001
310 311 2.189085
310 312 3.2375920000000002
309 313 5.283587
308 314 15.162204000000001
305 315 0.483635
315 316 1.887918
316 317 18.590372
316 318 2.152595
318 319 18.671582
318 320 21.723608
315 321 0.13332000000000002
321 322 0.061510999999999996
322 323 8.968314
323 324 10.032411
323 325 11.665633
322 326 0.118859
326 327 3.126625
327 328 17.04389
327 329 16.409399999999998
326 330 0.422434
330 331 0.028846
331 332 7.8722959999999995
332 333 17.892926
332 334 16.399863
331 335 0.263028
335 336 0.7104929999999999
336 337 9.226168
337 338 9.882971
338 339 1.163262
338 340 1.009813
337 341 10.226535
336 342 19.389507000000002
335 343 0.332405
343 344 0.3352
344 345 0.257761
345 346 1.0430220000000001
346 347 0.818268
347 348 0.206536
348 349 0.46751600000000004
349 350 27.439278
349 351 1.700311
351 352 1.1451879999999999
352 353 0.643837
353 354 4.238169
354 355 38.081340000000004
354 356 34.525206000000004
353 357 19.926155
357 358 9.758807
357 359 10.383248
352 360 27.518777
351 361 11.29969
361 362 8.405014
362 363 13.203909999999999
362 364 12.870484
361 365 18.245806
348 366 7.555784999999999
366 367 19.579459
366 368 23.554609000000003
347 369 1.336463
369 370 1.2254209999999999
370 371 10.217411
371 372 33.552634
371 373 32.459968
370 374 27.256856000000003
369 375 1.464446
375 376 36.176195
375 377 6.981432
377 378 3.1851079999999996
378 379 26.203352000000002
378 380 20.325456
377 381 4.595941
381 382 3.589751
382 383 2.6535010000000003
383 384 4.766717
384 385 13.091379
384 386 0.929919
386 387 5.191229
387 388 2.033368
388 389 16.247965999999998
388 390 4.947787
387 391 14.3483
386 392 8.148967
392 393 8.701245
392 394 7.288766000000001
383 395 1.251453
395 396 1.3727800000000001
396 397 11.542641
396 398 0.133056
398 399 4.357293
399 400 11.376348
399 401 11.210818
398 402 15.676306
395 403 17.012601999999998
382 404 14.296292
404 405 5.181649
404 406 7.796702
381 407 24.907364
346 408 8.253810999999999
408 409 16.662826
408 410 15.587972
345 411 23.259613
344 412 0.24053400000000003
412 413 0.302707
413 414 0.647878
414 415 0.48775399999999997
415 416 24.290329999999997
416 417 0.493066
416 418 0.625242
415 419 0.62056
419 420 23.689677
419 421 9.130859
421 422 3.398259
422 423 11.906134999999999
423 424 0.5695279999999999
423 425 0.44264200000000004
425 426 0.08039199999999999
425 427 0.175473
422 428 12.044288
421 429 18.991851
414 430 1.104206
430 431 20.213741
431 432 2.06654
431 433 2.3763780000000003
430 434 25.199624999999997
413 435 0.308333
435 436 0.49518799999999996
436 437 0.843727
437 438 4.209143
438 439 23.347806
438 440 23.916338
437 441 0.604006
441 442 29.550093
441 443 3.452704
443 444 27.867409
443 445 30.847665000000003
436 446 7.134696
446 447 22.700086
446 448 19.739276
435 449 0.6633370000000001
449 450 0.803449
450 451 0.674357
451 452 32.319224000000006
451 453 17.792806
453 454 14.959526
453 455 15.672856
450 456 24.447693
449 457 1.346404
457 458 25.289251
457 459 0.597318
459 460 26.874983000000004
459 461 1.753596
461 462 24.891213
461 463 28.232622000000003
412 464 0.5679949999999999
464 465 6.6275189999999995
465 466 15.139221
465 467 15.857488
464 468 0.792438
468 469 2.8213410000000003
469 470 2.677771
470 471 17.921499
470 472 5.179576
472 473 1.9219469999999998
473 474 6.39375
473 475 10.636220999999999
472 476 9.677952
469 477 1.787099
477 478 1.9763240000000002
478 479 13.763768
478 480 17.159913
477 481 16.044552
468 482 1.29616
482 483 6.405284
483 484 4.102752
484 485 10.543377
485 486 0.513482
485 487 0.474513
484 488 2.7703789999999997
488 489 8.206558999999999
488 490 10.239444
483 491 13.060289
482 492 21.574713000000003
343 493 3.360678
493 494 5.2371300000000005
494 495 16.035905
494 496 17.114712
493 497 1.595114
497 498 14.374964000000002
498 499 2.645108
498 500 2.217159
497 501 1.778921
501 502 11.248819000000001
502 503 6.235587
502 504 5.9873709999999996
501 505 12.419001
505 506 3.3341990000000004
505 507 4.215126000000001
330 508 0.343575
508 509 0.353037
509 510 7.728562999999999
510 511 2.8252289999999998
511 512 7.779114
511 513 8.728552
510 514 10.282045
509 515 9.412476999999999
515 516 10.712472
515 517 11.810755
508 518 6.773426000000001
518 519 13.097918
518 520 14.691327000000001
321 521 0.14010999999999998
521 522 0.6980540000000001
522 523 0.7566660000000001
523 524 2.292358
524 525 7.211099999999999
525 526 10.544061000000001
525 527 10.091555000000001
524 528 17.113573000000002
523 529 8.882205
529 530 8.181232
529 531 13.453798
522 532 3.2994290000000004
532 533 17.347422
532 534 19.051516
521 535 0.41913799999999996
535 536 1.9252660000000001
536 537 17.895775
536 538 4.318206
538 539 12.880987999999999
538 540 15.818581000000002
535 541 18.145675
304 542 11.384601
542 543 6.737844
542 544 2.561066
544 545 7.883542
544 546 2.650239
303 547 17.690413999999997
126 548 0.21184
548 549 18.124757
548 550 16.091277
103 551 0.194814
551 552 1.9252060000000002
552 553 13.045601000000001
552 554 13.640803000000002
551 555 1.4604570000000001
555 556 0.20100500000000002
556 557 0.10924
557 558 13.490213
557 559 14.160126
556 560 1.545412
560 561 12.571941
560 562 12.296036
555 563 2.724187
563 564 11.556416
563 565 3.775801
565 566 8.79928
565 567 8.757710000000001
102 568 1.615997
568 569 14.363553000000001
568 570 4.174522
570 571 8.463733
570 572 14.315655
101 573 0.028472000000000004
573 574 0.648828
574 575 4.068029
575 576 9.993440000000001
575 577 10.087204
574 578 4.888676
578 579 12.28504
578 580 11.791427
573 581 0.13314900000000002
581 582 0.137326
582 583 0.23164700000000002
583 584 0.234945
584 585 0.13436800000000002
585 586 0.37094900000000003
586 587 0.578975
587 588 17.244639
587 589 17.742922999999998
586 590 17.111603
585 591 0.19074300000000002
591 592 0.275896
592 593 1.227642
593 594 1.991864
594 595 11.599046
594 596 3.4223410000000003
596 597 13.275033
596 598 14.444721999999999
593 599 13.941527
592 600 3.304862
600 601 13.12612
600 602 11.855327
602 603 0.8128099999999999
602 604 0.698468
591 605 16.017761
584 606 0.145564
606 607 0.013373000000000001
607 608 0.356594
608 609 13.703048
608 610 1.154976
610 611 1.5878679999999998
611 612 2.229877
612 613 12.734300000000001
612 614 15.824373999999999
611 615 16.039927000000002
610 616 0.5345070000000001
616 617 13.758018999999999
616 618 15.082754000000001
607 619 0.286858
619 620 17.758447
619 621 0.311337
621 622 10.826684
622 623 4.2550110000000005
622 624 4.841994000000001
621 625 10.042684
625 626 5.164259
625 627 5.996959
606 628 0.238045
628 629 17.300266999999998
628 630 3.4164060000000003
630 631 12.491953
630 632 12.376023
583 633 0.23156000000000002
633 634 13.550586000000001
634 635 3.387485
634 636 3.5258320000000003
633 637 5.280565999999999
637 638 10.417618
637 639 4.763771
639 640 5.50202
639 641 6.6138509999999995
582 642 0.162102
642 643 5.1727490000000005
643 644 5.650081
644 645 8.096262999999999
644 646 4.449192
643 647 12.755378
642 648 2.949027
648 649 12.656353000000001
648 650 11.68283
581 651 4.546859
651 652 10.862402
651 653 10.961869
100 654 14.132734
99 655 4.28211
655 656 8.335093
655 657 8.694878000000001
98 658 0.13708900000000002
658 659 0.101017
659 660 0.103448
660 661 0.114201
661 662 1.5744129999999998
662 663 12.033782
662 664 2.374295
664 665 4.259092
665 666 5.608153
665 667 1.8552220000000001
667 668 8.031759
667 669 4.24482
664 670 8.845701
661 671 0.20600100000000002
671 672 0.41653799999999996
672 673 0.880389
673 674 12.61739
673 675 11.65601
672 676 11.990742000000001
671 677 12.651931
660 678 0.059345
678 679 0.035901999999999996
679 680 0.278996
680 681 3.231261
681 682 8.782921
681 683 2.584272
683 684 6.471191
683 685 7.162797
680 686 1.1617870000000001
686 687 11.405387000000001
686 688 11.760263
679 689 2.845337
689 690 1.954926
690 691 9.82926
690 692 3.294894
692 693 3.784834
692 694 1.2426
694 695 2.5989709999999997
694 696 2.4038299999999997
689 697 3.05251
697 698 1.708769
698 699 5.459022
698 700 5.335327
697 701 6.393751
678 702 0.128268
702 703 0.077591
703 704 0.09493900000000001
704 705 0.342326
705 706 0.118958
706 707 0.52269
707 708 0.671909
708 709 1.687768
709 710 8.045076
709 711 1.285473
711 712 3.215533
712 713 7.48594
712 714 8.848661
711 715 6.588431999999999
708 716 2.658766
716 717 7.448926999999999
716 718 9.873246
707 719 11.802927
706 720 0.3458
720 721 0.389156
721 722 1.922575
722 723 5.40969
723 724 6.4297830000000005
723 725 5.686087
722 726 9.732782
721 727 11.939787
720 728 0.239208
728 729 0.145839
729 730 0.663422
730 731 1.058047
731 732 3.425517
732 733 2.422869
733 734 5.8802970000000006
733 735 3.623382
732 736 13.559802000000001
731 737 5.5145979999999994
737 738 7.0964089999999995
737 739 6.427777
730 740 0.9161640000000001
740 741 10.092357
740 742 11.858401
729 743 0.19426300000000002
743 744 0.700896
744 745 12.807877000000001
744 746 1.110109
746 747 11.179002
746 748 0.43413
748 749 9.822493
748 750 0.979085
750 751 9.71099
750 752 0.27974
752 753 0.497533
753 754 8.990228
753 755 8.156449
752 756 0.64715
756 757 10.586637999999999
756 758 7.383554
743 759 1.8157820000000002
759 760 9.161933
760 761 1.8322720000000001
760 762 1.327235
759 763 12.264153
728 764 1.471068
764 765 1.5996940000000002
765 766 4.171609
766 767 6.54624
766 768 5.784011
765 769 8.987167999999999
764 770 1.234091
770 771 1.159541
771 772 10.014906
771 773 7.955286
770 774 1.425571
774 775 8.603793999999999
774 776 1.15174
776 777 5.052292
777 778 1.264258
777 779 0.9977110000000001
776 780 9.664950999999999
705 781 0.49710199999999993
781 782 13.878516
781 783 0.355072
783 784 0.778218
784 785 0.58542
785 786 6.584418
786 787 7.01922
786 788 4.72345
785 789 11.912792
784 790 12.833223999999998
783 791 12.263148
704 792 0.5069159999999999
792 793 0.33102000000000004
793 794 2.646112
794 795 0.5082800000000001
795 796 1.4093639999999998
796 797 23.470297000000002
796 798 3.049334
798 799 22.066861
798 800 40.608564
795 801 39.144509
801 802 9.383779
801 803 1.098346
803 804 0.845425
804 805 4.203158
805 806 0.693658
805 807 0.42465
804 808 3.656493
808 809 0.173431
808 810 0.12520599999999998
803 811 1.810985
811 812 3.8095660000000002
812 813 0.236731
812 814 0.191613
814 815 0.16256199999999998
814 816 0.178883
811 817 2.011871
817 818 0.3992
817 819 0.26633199999999996
819 820 0.076182
819 821 0.073191
821 822 0.088884
821 823 0.060435
823 824 0.159907
823 825 0.095958
794 826 3.212275
826 827 1.5779450000000002
827 828 16.212367999999998
827 829 42.717652
826 830 14.638088
793 831 15.610309
792 832 12.871654
703 833 0.20617600000000003
833 834 0.079462
834 835 0.315876
835 836 4.164748
836 837 3.1321389999999996
837 838 6.040775
837 839 4.027067
836 840 6.805163
835 841 0.7937700000000001
841 842 10.259026
841 843 11.187352
834 844 0.104271
844 845 0.11926700000000001
845 846 0.125294
846 847 10.22298
847 848 2.050752
847 849 2.345779
846 850 0.303276
850 851 0.34880300000000003
851 852 12.267664
851 853 11.092030999999999
850 854 0.361578
854 855 0.283974
855 856 0.502341
856 857 17.196593
856 858 9.353294
855 859 0.20234200000000002
859 860 0.235779
860 861 0.140406
861 862 0.048371
862 863 0.11836500000000001
863 864 0.18897899999999998
864 865 3.059783
865 866 7.037926
865 867 5.669475
864 868 1.585743
868 869 8.074371
868 870 6.781635
863 871 0.046841
871 872 0.054743
872 873 0.277683
873 874 0.713967
874 875 8.672545
874 876 0.596559
876 877 10.271079
876 878 7.817706
873 879 0.20192700000000002
879 880 0.24278300000000003
880 881 3.0308040000000003
881 882 1.662893
882 883 4.691258
882 884 5.068137999999999
881 885 1.399668
885 886 7.437646000000001
885 887 5.2157219999999995
880 888 10.197134
879 889 0.115976
889 890 9.939682
889 891 0.094805
891 892 9.404229
891 893 1.7330310000000002
893 894 7.427191
893 895 8.163375
872 896 0.251681
896 897 0.23867099999999997
897 898 8.87539
897 899 0.143508
899 900 7.618989
899 901 5.560558
901 902 2.572125
901 903 2.477605
896 904 0.19151400000000002
904 905 0.267753
905 906 3.5289420000000002
906 907 6.954324000000001
906 908 6.569863
905 909 8.787059
904 910 2.037979
910 911 5.871146
911 912 0.5750639999999999
911 913 0.8923989999999999
910 914 6.646681
871 915 0.093815
915 916 0.15897999999999998
916 917 0.133121
917 918 0.134226
918 919 0.20333600000000002
919 920 0.145212
920 921 0.030674
921 922 0.228524
922 923 0.23164800000000002
923 924 0.265176
924 925 8.358527
924 926 0.730957
926 927 7.626568000000001
926 928 3.364829
928 929 3.7627170000000003
928 930 3.2967009999999997
923 931 0.311524
931 932 1.941975
932 933 7.638868
932 934 7.498552
931 935 0.309269
935 936 0.29582800000000004
936 937 7.996296999999999
936 938 0.112451
938 939 8.37821
938 940 8.535288000000001
935 941 8.349953000000001
922 942 0.096235
942 943 0.240212
943 944 7.706564
943 945 6.702036
942 946 7.894402
921 947 0.229314
947 948 6.538101999999999
947 949 0.178591
949 950 0.296452
950 951 0.16994700000000001
951 952 0.304961
952 953 0.12111699999999999
953 954 0.408442
954 955 4.28861
954 956 4.606190000000001
953 957 0.204965
957 958 3.8187930000000003
957 959 5.025574
952 960 0.073851
960 961 4.6881390000000005
960 962 0.06369999999999999
962 963 4.774056
962 964 4.373616999999999
951 965 0.154171
965 966 0.15978699999999998
966 967 0.18970499999999998
967 968 1.664887
968 969 2.452318
969 970 3.216421
969 971 0.71462
971 972 1.514537
971 973 1.514505
973 974 0.5117
973 975 0.476294
968 976 3.7828510000000004
976 977 2.259026
976 978 1.860048
967 979 2.927501
979 980 3.2633349999999997
979 981 2.877476
966 982 5.746525999999999
965 983 0.036357
983 984 0.292151
984 985 4.885643
984 986 5.492386
983 987 0.163844
987 988 0.271764
988 989 4.46673
988 990 5.1902360000000005
987 991 4.917614
950 992 5.714789
949 993 0.053783
993 994 0.383665
994 995 0.348054
995 996 0.128282
996 997 0.246869
997 998 2.685736
998 999 4.306372
998 1000 3.894044
1000 1001 0.19392299999999998
1000 1002 0.190367
997 1003 1.177289
1003 1004 5.127362
1003 1005 0.43057700000000004
1005 1006 5.342835
1005 1007 6.293664000000001
996 1008 0.281721
1008 1009 1.06298
1009 1010 4.873883999999999
1009 1011 5.193958
1008 1012 0.154224
1012 1013 0.123408
1013 1014 5.3204340000000006
1013 1015 0.08509900000000001
1015 1016 0.209202
1016 1017 0.478939
1017 1018 4.018261
1017 1019 27.491940999999997
1016 1020 0.07739
1020 1021 5.035381
1020 1022 5.915900000000001
1015 1023 0.158717
1023 1024 1.246967
1024 1025 1.238889
1025 1026 1.294277
1026 1027 3.2071259999999997
1026 1028 1.9455239999999998
1028 1029 0.086433
1028 1030 0.083998
1025 1031 0.398233
1031 1032 0.978421
1032 1033 0.708472
1033 1034 2.182477
1033 1035 0.10982900000000001
1035 1036 0.20881900000000003
1036 1037 1.5701010000000002
1037 1038 0.8673129999999999
1038 1039 1.186166
1039 1040 3.479748
1039 1041 2.805053
1038 1042 2.39198
1037 1043 2.5020089999999997
1036 1044 0.171517
1044 1045 0.71323
1045 1046 0.46752800000000005
1046 1047 2.1513299999999997
1046 1048 0.48751300000000003
1048 1049 1.259723
1049 1050 0.014041
1049 1051 0.028512
1048 1052 0.106115
1052 1053 1.805255
1052 1054 1.582578
1054 1055 0.035252
1054 1056 0.007300999999999999
1045 1057 0.454093
1057 1058 1.287854
1058 1059 0.8081889999999999
1058 1060 0.878727
1057 1061 0.944967
1061 1062 0.61293
1062 1063 1.058502
1063 1064 1
1063 1065 1
1062 1066 1.6951669999999999
1061 1067 3.0165859999999998
1044 1068 0.11266500000000002
1068 1069 1.810383
1068 1070 1.0409089999999999
1070 1071 0.78972
1070 1072 2.324535
1072 1073 1
1072 1074 1
1035 1075 3.1858980000000003
1032 1076 2.043135
1031 1077 3.6312120000000006
1024 1078 1.917611
1078 1079 0.944817
1079 1080 2.0509
1079 1081 2.624574
1078 1082 3.683771
1023 1083 7.248314000000001
1012 1084 0.032787000000000004
1084 1085 0.26633199999999996
1085 1086 4.481674
1085 1087 0.044466
1087 1088 0.24109399999999997
1088 1089 4.3008440000000006
1088 1090 0.203044
1090 1091 3.6292289999999996
1090 1092 5.2655710000000004
1087 1093 0.20855100000000001
1093 1094 0.06439
1094 1095 0.082042
1095 1096 0.134764
1096 1097 0.044735
1097 1098 0.291755
1098 1099 0.246889
1099 1100 0.16122599999999998
1100 1101 0.504624
1101 1102 3.803464
1101 1103 4.539128
1100 1104 0.246204
1104 1105 3.780646
1104 1106 4.015322
1099 1107 3.20057
1098 1108 3.714817
1097 1109 0.137297
1109 1110 0.192076
1110 1111 0.167596
1111 1112 2.211156
1111 1113 0.265219
1113 1114 0.57884
1114 1115 1.115532
1115 1116 1.226286
1115 1117 1.213936
1114 1118 2.878673
1113 1119 0.121708
1119 1120 0.029448000000000002
1120 1121 0.196102
1121 1122 0.20592700000000003
1122 1123 0.343165
1123 1124 1.835809
1123 1125 1.36899
1122 1126 0.028908
1126 1127 2.284139
1126 1128 0.157717
1128 1129 0.197979
1129 1130 0.159496
1130 1131 4.336736
1130 1132 0.184341
1132 1133 0.7954610000000001
1133 1134 10.824285999999999
1133 1135 5.337764
1132 1136 0.445291
1136 1137 5.800333
1136 1138 3.4488190000000003
1129 1139 0.29739699999999997
1139 1140 2.62702
1139 1141 3.6577810000000004
1128 1142 0.070382
1142 1143 0.06589700000000001
1143 1144 0.28222400000000003
1144 1145 1.250626
1144 1146 1.773245
1143 1147 0.58024
1142 1148 0.057662000000000005
1148 1149 0.7948169999999999
1148 1150 0.042853999999999996
1150 1151 0.141987
1151 1152 0.461362
1151 1153 0.13770500000000002
1150 1154 0.135634
1154 1155 2.483802
1154 1156 0.766328
1121 1157 0.304639
1157 1158 1.573863
1157 1159 1.404875
1120 1160 0.671843
1160 1161 0.900049
1160 1162 0.9631149999999999
1119 1163 0.036857
1163 1164 0.22186799999999998
1164 1165 1.115175
1165 1166 1.904045
1165 1167 2.122871
1164 1168 0.110247
1168 1169 2.280673
1168 1170 1.976944
1163 1171 0.267262
1171 1172 0.560635
1172 1173 1.948221
1172 1174 1.803201
1171 1175 2.285951
1110 1176 2.907759
1109 1177 0.066412
1177 1178 3.9862429999999995
1177 1179 0.138299
1179 1180 0.268011
1180 1181 3.4525689999999996
1180 1182 0.743781
1182 1183 4.237579
1182 1184 4.055091
1179 1185 3.372971
1096 1186 0.308156
1186 1187 3.991629
1186 1188 0.577169
1188 1189 0.495722
1189 1190 2.16988
1189 1191 1.171813
1191 1192 0.880502
1191 1193 0.674629
1188 1194 3.025966
1095 1195 0.094412
1195 1196 0.138842
1196 1197 3.4767430000000004
1196 1198 3.290871
1195 1199 0.105772
1199 1200 0.213983
1200 1201 0.49692800000000004
1201 1202 2.748113
1201 1203 2.963058
1200 1204 0.109841
1204 1205 3.424544
1204 1206 4.026441
1199 1207 3.106767
1094 1208 0.074753
1208 1209 0.162809
1209 1210 0.046748
1210 1211 0.646523
1211 1212 2.641804
1211 1213 2.832182
1210 1214 3.602852
1209 1215 0.159705
1215 1216 0.397979
1216 1217 3.833533
1216 1218 3.666599
1215 1219 3.475205
1208 1220 3.386939
1093 1221 0.216364
1221 1222 3.5771070000000003
1221 1223 5.418701
1084 1224 0.09693800000000001
1224 1225 0.274026
1225 1226 6.392488999999999
1225 1227 4.768727999999999
1224 1228 0.069674
1228 1229 5.267293
1228 1230 5.007146
995 1231 0.139825
1231 1232 0.20028899999999997
1232 1233 0.179604
1233 1234 0.445588
1234 1235 0.640733
1235 1236 3.675092
1235 1237 4.418348
1234 1238 5.227491
1233 1239 4.67928
1232 1240 0.25339300000000003
1240 1241 5.2156769999999995
1240 1242 5.266138
1231 1243 0.287697
1243 1244 4.521531
1243 1245 5.340488000000001
994 1246 0.881229
1246 1247 5.578623
1246 1248 5.635204
993 1249 1.5408430000000002
1249 1250 5.173601
1249 1251 5.568535
920 1252 0.275607
1252 1253 0.21915900000000002
1253 1254 7.245145
1253 1255 0.182114
1255 1256 0.35961
1256 1257 6.757167
1256 1258 6.384381
1255 1259 0.12324
1259 1260 0.281258
1260 1261 6.782108000000001
1260 1262 8.41176
1259 1263 6.537367
1252 1264 6.692267999999999
919 1265 0.09056
1265 1266 0.164573
1266 1267 0.12553799999999998
1267 1268 6.922243
1267 1269 0.465459
1269 1270 6.321238
1269 1271 6.116512
1266 1272 7.146546
1265 1273 0.185201
1273 1274 7.801704
1273 1275 0.087288
1275 1276 6.5788020000000005
1275 1277 0.24633200000000002
1277 1278 7.081957
1277 1279 0.18015
1279 1280 0.164101
1280 1281 5.733888
1280 1282 0.436991
1282 1283 5.57311
1282 1284 0.15301399999999998
1284 1285 4.4857830000000005
1285 1286 1.5588849999999999
1285 1287 1.4198540000000002
1284 1288 5.635145
1279 1289 6.443930000000001
918 1290 0.063485
1290 1291 0.083206
1291 1292 0.186479
1292 1293 0.038707
1293 1294 8.353441
1293 1295 7.579337
1292 1296 0.302562
1296 1297 8.469368
1296 1298 0.254575
1298 1299 9.587622
1298 1300 7.969366999999999
1291 1301 0.147868
1301 1302 0.348719
1302 1303 8.240987
1302 1304 7.349577999999999
1301 1305 8.278277000000001
1290 1306 0.132191
1306 1307 0.158133
1307 1308 0.206057
1308 1309 7.434298999999999
1308 1310 8.042646000000001
1307 1311 7.760135
1306 1312 0.246497
1312 1313 7.317595000000001
1312 1314 7.594584
917 1315 0.124946
1315 1316 1.1124560000000001
1316 1317 6.829948
1316 1318 7.801918
1315 1319 7.3082400000000005
916 1320 0.18823600000000001
1320 1321 0.41520799999999997
1321 1322 0.047602
1322 1323 0.140556
1323 1324 0.31259
1324 1325 9.027757
1324 1326 8.942435
1323 1327 9.298168
1322 1328 0.19635199999999997
1328 1329 0.075978
1329 1330 0.063189
1330 1331 0.631686
1331 1332 10.669474
1331 1333 9.044022
1330 1334 0.10924299999999999
1334 1335 0.122978
1335 1336 0.253697
1336 1337 0.768825
1337 1338 9.639926
1337 1339 11.057672
1336 1340 0.109865
1340 1341 10.403292
1340 1342 0.14468599999999998
1342 1343 0.22512700000000002
1343 1344 2.426646
1344 1345 9.544579
1344 1346 8.782110999999999
1343 1347 0.146668
1347 1348 0.12761999999999998
1348 1349 1.303213
1349 1350 9.851443
1349 1351 9.862053
1348 1352 0.196248
1352 1353 11.873076000000001
1352 1354 0.042159
1354 1355 0.21683700000000003
1355 1356 0.332712
1356 1357 10.887979
1356 1358 10.936290999999999
1355 1359 0.612162
1359 1360 1.267302
1360 1361 9.263123
1360 1362 8.588714
1359 1363 10.662502
1354 1364 0.129069
1364 1365 7.049796999999999
1365 1366 3.8522929999999995
1365 1367 4.3905
1364 1368 0.250473
1368 1369 9.930163
1368 1370 0.309973
1370 1371 2.4704319999999997
1371 1372 1.017834
1372 1373 6.426721000000001
1372 1374 1.099625
1374 1375 1.017771
1375 1376 2.789351
1375 1377 3.9297850000000003
1374 1378 0.803045
1378 1379 0.904806
1379 1380 5.518696
1379 1381 5.800498
1378 1382 0.282189
1382 1383 4.40103
1382 1384 1.90489
1384 1385 2.257818
1385 1386 1.389069
1385 1387 0.9174049999999999
1384 1388 1.079918
1388 1389 1.041609
1389 1390 0.5687829999999999
1389 1391 0.462612
1388 1392 1.443998
1371 1393 1.228316
1393 1394 2.602595
1394 1395 3.3290680000000004
1394 1396 0.801992
1396 1397 1.567445
1396 1398 2.875473
1393 1399 4.901897
1399 1400 3.324903
1399 1401 0.820662
1401 1402 2.056129
1401 1403 2.7126580000000002
1370 1404 1.222028
1404 1405 5.404319
1405 1406 5.391801999999999
1405 1407 5.98015
1404 1408 10.703387000000001
1347 1409 0.239964
1409 1410 10.411488
1409 1411 1.160771
1411 1412 1.049044
1412 1413 10.08416
1412 1414 2.5992930000000003
1414 1415 7.199846999999999
1414 1416 1.791073
1416 1417 4.391252
1416 1418 2.36437
1418 1419 2.54279
1418 1420 0.8810560000000001
1420 1421 2.032926
1420 1422 1.2735480000000001
1422 1423 0.28019299999999997
1423 1424 0.6297200000000001
1424 1425 1.308761
1424 1426 1.26556
1423 1427 5.124992
1427 1428 1.28762
1427 1429 0.300095
1429 1430 0.679236
1430 1431 0.101074
1430 1432 0.069357
1429 1433 0.189372
1433 1434 0.643747
1433 1435 1.090082
1435 1436 0.085226
1435 1437 0.085205
1422 1438 0.697851
1438 1439 0.753773
1439 1440 0.168671
1439 1441 0.17277399999999998
1438 1442 0.5235029999999999
1442 1443 0.104506
1442 1444 0.065925
1411 1445 9.466359
1342 1446 0.12723199999999998
1446 1447 6.976615999999999
1447 1448 4.374746
1447 1449 4.823643
1446 1450 8.961349
1450 1451 1.533445
1450 1452 1.580811
1335 1453 0.10057600000000001
1453 1454 0.144616
1454 1455 0.058589
1455 1456 0.187964
1456 1457 10.425739
1456 1458 0.106349
1458 1459 9.617937
1458 1460 10.095559
1455 1461 0.25349499999999997
1461 1462 0.28195899999999996
1462 1463 0.12389700000000001
1463 1464 0.20409
1464 1465 0.155912
1465 1466 9.968766
1465 1467 0.255102
1467 1468 10.347642
1467 1469 11.350403
1464 1470 0.217885
1470 1471 0.790373
1471 1472 1.085517
1472 1473 8.117072
1472 1474 4.731882
1474 1475 5.031507
1474 1476 5.450308000000001
1471 1477 9.320938
1470 1478 0.15002800000000002
1478 1479 12.188061999999999
1478 1480 11.496407
1463 1481 0.135128
1481 1482 10.556534
1481 1483 10.639219
1462 1484 0.343134
1484 1485 10.856835
1484 1486 0.217851
1486 1487 9.557981
1486 1488 2.504434
1488 1489 8.348155
1488 1490 9.681304
1461 1491 0.124322
1491 1492 9.632659
1491 1493 0.31653800000000004
1493 1494 10.029082
1493 1495 0.212822
1495 1496 9.063604999999999
1495 1497 0.41982499999999995
1497 1498 8.19125
1497 1499 8.664099
1454 1500 0.147372
1500 1501 0.147821
1501 1502 9.662251
1501 1503 0.12440000000000001
1503 1504 0.089323
1504 1505 8.013988
1504 1506 0.04518
1506 1507 0.415671
1507 1508 9.849176
1507 1509 0.116643
1509 1510 0.113637
1510 1511 9.543034
1510 1512 0.128221
1512 1513 9.008135000000001
1512 1514 9.140037
1509 1515 0.10192899999999999
1515 1516 0.30429799999999996
1516 1517 0.229377
1517 1518 8.829827
1517 1519 8.903894
1516 1520 8.167494999999999
1515 1521 0.184691
1521 1522 0.161115
1522 1523 9.492246999999999
1522 1524 9.073309
1521 1525 9.361772
1506 1526 0.047722
1526 1527 0.179117
1527 1528 8.114898
1527 1529 0.143161
1529 1530 0.318132
1530 1531 8.247637
1530 1532 7.799663
1529 1533 0.093942
1533 1534 0.14518999999999999
1534 1535 0.132401
1535 1536 0.169677
1536 1537 0.113214
1537 1538 8.385287
1537 1539 0.133448
1539 1540 1.095308
1540 1541 7.076538
1540 1542 8.287008
1539 1543 7.964480999999999
1536 1544 7.886529
1535 1545 0.133029
1545 1546 0.167409
1546 1547 0.147341
1547 1548 7.8195
1547 1549 0.319214
1549 1550 8.471648
1549 1551 8.151682000000001
1546 1552 8.267238
1545 1553 8.478167000000001
1534 1554 0.180575
1554 1555 0.7132310000000001
1555 1556 8.186702
1555 1557 7.803308
1554 1558 8.11824
1533 1559 0.178652
1559 1560 8.542757
1559 1561 0.143244
1561 1562 7.2537389999999995
1561 1563 0.44537099999999996
1563 1564 11.600116
1563 1565 8.973583
1526 1566 0.086817
1566 1567 0.193882
1567 1568 8.306088
1567 1569 8.317242
1566 1570 0.012849000000000001
1570 1571 0.190065
1571 1572 8.204384000000001
1571 1573 0.081656
1573 1574 0.20131300000000002
1574 1575 1.576296
1575 1576 6.347549
1575 1577 10.799127
1574 1578 8.134564
1573 1579 0.289098
1579 1580 0.396337
1580 1581 0.325246
1581 1582 8.536598
1581 1583 9.020392000000001
1580 1584 0.344706
1584 1585 8.009243000000001
1584 1586 8.267783
1579 1587 0.11485899999999999
1587 1588 0.25567900000000005
1588 1589 8.706856
1588 1590 0.30680799999999997
1590 1591 8.715378999999999
1590 1592 8.606793999999999
1587 1593 5.427247
1593 1594 4.923578
1593 1595 1.3941729999999999
1595 1596 4.145293
1595 1597 2.914125
1570 1598 0.245427
1598 1599 8.789247
1598 1600 7.660673
1503 1601 0.354315
1601 1602 0.116952
1602 1603 0.691022
1603 1604 7.787272000000001
1603 1605 8.317374
1602 1606 1.2462630000000001
1606 1607 0.34780700000000003
1607 1608 6.708578
1607 1609 6.870482999999999
1606 1610 0.7227629999999999
1610 1611 1.362893
1611 1612 6.894831
1611 1613 5.542919
1610 1614 7.544066000000001
1601 1615 7.907526
1500 1616 9.91657
1453 1617 0.148669
1617 1618 9.221733
1617 1619 0.5255799999999999
1619 1620 1.227335
1620 1621 3.445487
1621 1622 5.33066
1621 1623 4.582742
1620 1624 9.628345000000001
1619 1625 10.459156
1334 1626 0.247336
1626 1627 9.968905
1626 1628 2.363372
1628 1629 9.752239
1628 1630 2.099151
1630 1631 6.205784
1630 1632 6.447584000000001
1329 1633 2.555936
1633 1634 8.191321
1633 1635 2.3526559999999996
1635 1636 7.0281910000000005
1635 1637 5.571194
1328 1638 0.218943
1638 1639 2.191943
1639 1640 7.819858
1639 1641 8.399651
1638 1642 8.715639999999999
1321 1643 8.911507
1320 1644 0.008780000000000001
1644 1645 1.0589080000000002
1645 1646 8.345101000000001
1645 1647 7.302359
1644 1648 8.884509999999999
915 1649 0.03352
1649 1650 0.15410000000000001
1650 1651 0.20284600000000003
1651 1652 8.224227
1651 1653 8.57303
1650 1654 0.955676
1654 1655 8.549522
1654 1656 8.073808
1649 1657 0.077437
1657 1658 1.124782
1658 1659 7.364106
1658 1660 8.970494
1657 1661 0.101083
1661 1662 3.097721
1662 1663 5.8545050000000005
1662 1664 5.570256
1661 1665 0.234656
1665 1666 2.97511
1666 1667 1.823452
1667 1668 3.537141
1667 1669 3.376176
1666 1670 4.891539
1665 1671 2.487346
1671 1672 2.2042740000000003
1672 1673 2.912906
1672 1674 3.1321269999999997
1671 1675 5.099444
862 1676 0.124928
1676 1677 4.75838
1677 1678 1.2277669999999998
1678 1679 4.372626
1678 1680 2.8822170000000003
1677 1681 1.1467120000000002
1681 1682 1.536196
1682 1683 2.734889
1682 1684 1.8009270000000002
1681 1685 3.7330759999999996
1676 1686 1.7372249999999998
1686 1687 8.644391
1686 1688 8.502285
861 1689 0.18897
1689 1690 1.559732
1690 1691 4.250045
1691 1692 3.728529
1691 1693 3.6242950000000005
1690 1694 7.949173
1689 1695 3.798952
1695 1696 0.796882
1696 1697 2.21152
1697 1698 1.786689
1698 1699 1.5544179999999999
1699 1700 0.664043
1699 1701 0.14174599999999998
1701 1702 0.147032
1702 1703 0.5008900000000001
1702 1704 0.209104
1704 1705 0.24896900000000002
1704 1706 0.307069
1701 1707 0.13196
1707 1708 0.30483099999999996
1707 1709 0.060004999999999996
1709 1710 0.5267769999999999
1709 1711 0.11535600000000001
1698 1712 0.811563
1712 1713 0.33371
1713 1714 0.305878
1713 1715 0.379358
1712 1716 1.705699
1716 1717 0.296664
1716 1718 0.604642
1697 1719 2.061529
1696 1720 1.886693
1720 1721 2.610249
1720 1722 3.196096
1695 1723 0.9141140000000001
1723 1724 1.217468
1724 1725 0.7519009999999999
1725 1726 3.149852
1725 1727 1.181924
1727 1728 1.835873
1727 1729 2.607045
1724 1730 4.9175379999999995
1723 1731 1.84467
1731 1732 3.6330769999999997
1731 1733 2.507733
860 1734 0.169914
1734 1735 5.120679
1735 1736 5.403714
1735 1737 4.76733
1734 1738 3.974001
1738 1739 2.90686
1739 1740 2.310728
1739 1741 1.9468889999999999
1738 1742 5.943205
859 1743 0.365554
1743 1744 8.8326
1743 1745 1.438409
1745 1746 7.4258619999999995
1745 1747 8.164704
854 1748 10.306568
845 1749 11.822829
844 1750 0.7432880000000001
1750 1751 0.445361
1751 1752 3.4347719999999997
1752 1753 7.204757000000001
1752 1754 7.1481639999999995
1751 1755 0.148051
1755 1756 2.208862
1756 1757 7.986455
1756 1758 8.868894
1755 1759 0.743721
1759 1760 0.46494099999999994
1760 1761 3.5184
1761 1762 2.534392
1762 1763 2.815915
1762 1764 1.8129650000000002
1761 1765 5.48442
1760 1766 0.756229
1766 1767 0.790565
1767 1768 1.322435
1768 1769 4.93196
1768 1770 5.290757
1767 1771 0.948469
1771 1772 3.259233
1772 1773 2.027924
1772 1774 3.826073
1771 1775 6.122582
1766 1776 0.22652599999999998
1776 1777 1.146102
1777 1778 6.250828
1777 1779 5.918561
1776 1780 2.37707
1780 1781 3.264582
1781 1782 2.707748
1781 1783 7.930112
1780 1784 1.4991050000000001
1784 1785 5.257988
1784 1786 5.016451
1759 1787 1.676992
1787 1788 1.07714
1788 1789 1.585516
1789 1790 8.877942
1789 1791 2.905804
1791 1792 2.529623
1792 1793 2.414212
1792 1794 1.9823190000000002
1791 1795 4.725956
1788 1796 2.953254
1796 1797 3.9935560000000003
1797 1798 0.981105
1797 1799 1.8174989999999998
1796 1800 3.2561600000000004
1800 1801 1.9769869999999998
1800 1802 2.095987
1787 1803 0.7166589999999999
1803 1804 4.776676
1804 1805 3.5806440000000004
1804 1806 4.165905
1803 1807 0.26977
1807 1808 0.7476700000000001
1808 1809 6.100087
1808 1810 0.7385079999999999
1810 1811 9.730667
1810 1812 5.069221
1807 1813 1.831013
1813 1814 4.06125
1813 1815 5.2387120000000005
1750 1816 0.10421
1816 1817 0.418252
1817 1818 0.8049900000000001
1818 1819 0.087161
1819 1820 3.375811
1820 1821 7.5993640000000005
1820 1822 9.48893
1819 1823 1.530433
1823 1824 10.289896
1823 1825 1.692946
1825 1826 8.704318
1825 1827 5.537405
1818 1828 1.705903
1828 1829 11.447857
1828 1830 3.450751
1830 1831 5.041963
1830 1832 4.717434
1817 1833 2.86084
1833 1834 8.930455
1833 1835 9.754897
1816 1836 0.5228189999999999
1836 1837 7.548939000000001
1837 1838 1.680347
1838 1839 5.674911
1838 1840 2.567882
1837 1841 7.393533
1836 1842 1.533743
1842 1843 8.972764
1842 1844 4.567035
1844 1845 7.642670999999999
1844 1846 9.3873
833 1847 0.412523
1847 1848 11.840383000000001
1847 1849 0.9824019999999999
1849 1850 1.37182
1850 1851 2.005221
1851 1852 5.197387
1851 1853 0.742057
1853 1854 1.134904
1854 1855 0.589595
1855 1856 1.517016
1856 1857 1.475752
1856 1858 3.9982339999999996
1855 1859 3.066145
1854 1860 5.217743
1853 1861 1.611579
1861 1862 3.347137
1861 1863 7.761521
1850 1864 12.663658999999999
1849 1865 9.95582
702 1866 0.193694
1866 1867 0.47608
1867 1868 3.0677309999999998
1868 1869 3.650749
1869 1870 4.099538
1870 1871 2.4589529999999997
1871 1872 0.22321799999999997
1871 1873 0.161072
1870 1874 2.3283020000000003
1869 1875 1.760617
1875 1876 4.679255
1875 1877 4.215546
1868 1878 1.9398889999999998
1878 1879 2.320576
1879 1880 6.308803
1879 1881 5.080366
1881 1882 2.8484920000000002
1881 1883 2.729819
1883 1884 0.317001
1883 1885 0.282066
1878 1886 7.811673
1867 1887 3.022888
1887 1888 17.083243
1887 1889 28.446403999999998
1866 1890 0.106156
1890 1891 1.2197259999999999
1891 1892 2.092863
1892 1893 0.9243589999999999
1893 1894 9.185703
1893 1895 10.711086
1892 1896 11.016833
1891 1897 0.5177539999999999
1897 1898 0.893418
1898 1899 1.931925
1899 1900 1.795684
1900 1901 4.276521
1901 1902 3.246396
1901 1903 5.0462739999999995
1900 1904 9.628366
1899 1905 8.485405
1898 1906 2.117417
1906 1907 13.235225
1906 1908 10.329968000000001
1908 1909 1.93808
1908 1910 1.402832
1897 1911 5.07325
1911 1912 11.279052
1911 1913 11.628821
1890 1914 13.240567
659 1915 2.739626
1915 1916 10.007246
1915 1917 9.523518000000001
658 1918 2.135214
1918 1919 10.818145
1918 1920 10.315113
97 1921 0.263595
1921 1922 1.044712
1922 1923 1.629646
1923 1924 10.338584
1923 1925 3.68612
1925 1926 6.360059999999999
1925 1927 6.618291
1922 1928 3.7360089999999997
1928 1929 8.003057
1928 1930 6.600003999999999
1930 1931 3.6623500000000004
1930 1932 3.2509669999999997
1921 1933 14.052501000000001
96 1934 0.033780000000000004
1934 1935 0.28423699999999996
1935 1936 0.34297300000000003
1936 1937 0.416356
1937 1938 11.180298
1937 1939 11.599089999999999
1936 1940 12.632159000000001
1935 1941 1.2430780000000001
1941 1942 1.200437
1942 1943 10.547868000000001
1942 1944 2.371566
1944 1945 5.756137
1944 1946 8.208537
1941 1947 11.689977
1934 1948 1.7809289999999998
1948 1949 13.335047
1948 1950 6.433535999999999
1950 1951 5.712197
1950 1952 5.291493
89 1953 0.167078
1953 1954 1.9755459999999998
1954 1955 1.8746260000000001
1955 1956 9.763798
1955 1957 15.838669
1954 1958 1.252972
1958 1959 11.152917
1958 1960 9.980341
1953 1961 0.310307
1961 1962 0.295594
1962 1963 0.373919
1963 1964 13.881912
1963 1965 14.747171
1962 1966 14.579716000000001
1961 1967 0.311751
1967 1968 15.972094
1967 1969 14.009587000000002
78 1970 12.874642
67 1971 0.249251
1971 1972 12.6233
1971 1973 0.213554
1973 1974 0.348381
1974 1975 12.289574
1974 1976 12.844491999999999
1973 1977 12.318809
56 1978 0.63452
1978 1979 1.807483
1979 1980 0.806929
1980 1981 10.158776999999999
1980 1982 3.701381
1982 1983 10.852022999999999
1982 1984 5.771307
1979 1985 13.289340999999999
1978 1986 12.131859
55 1987 1.314864
1987 1988 11.191661
1987 1989 11.909443
2 1990 0.689922
1990 1991 11.838599
1990 1992 14.847804
1 1993 0.337532
1993 1994 12.318164
1993 1995 0.086577
1995 1996 11.285544
1995 1997 12.922142000000001
1 1998 11.78603
