1 2 0.6839149999999999
2 3 1.00406
3 4 30.721058
3 5 0.30474399999999996
5 6 29.142114000000003
5 7 25.187218
2 8 0.9462160000000001
8 9 0.8147909999999999
9 10 0.345503
10 11 25.622613
10 12 0.4622
12 13 25.608821
12 14 0.578255
14 15 28.838401
14 16 0.736071
16 17 23.759535
16 18 0.5582550000000001
18 19 25.67992
18 20 0.451498
20 21 27.688911
20 22 0.615671
22 23 27.531025999999997
22 24 0.252432
24 25 0.888213
25 26 32.007448
25 27 24.471752
24 28 0.288372
28 29 0.23761899999999997
29 30 23.52351
29 31 0.65343
31 32 26.674226
31 33 26.437275
28 34 0.398397
34 35 22.658552
34 36 0.35766499999999996
36 37 0.715337
37 38 0.715616
38 39 22.552349
38 40 0.13736399999999999
40 41 0.496875
41 42 22.893179999999997
41 43 1.464296
43 44 21.762516
43 45 20.910629
40 46 21.753608
37 47 24.629691
36 48 0.998371
48 49 0.30716099999999996
49 50 0.356786
50 51 0.18169
51 52 0.582537
52 53 0.342484
53 54 21.385526
53 55 21.002146999999997
52 56 24.554102999999998
51 57 0.507035
57 58 21.742275
57 59 0.336712
59 60 24.014637999999998
59 61 24.412143
50 62 0.28767
62 63 23.680639
62 64 0.620314
64 65 0.796627
65 66 24.988991
65 67 0.638483
67 68 26.382153000000002
67 69 27.391222
64 70 24.797591
49 71 0.9483349999999999
71 72 23.400256
71 73 22.198259
73 74 0.9747290000000001
73 75 1.5182330000000002
48 76 0.20830300000000002
76 77 0.43006
77 78 0.362319
78 79 0.450274
79 80 0.425412
80 81 22.205965
80 82 23.187948
79 83 22.321903000000002
78 84 0.167927
84 85 0.38178
85 86 20.584926
85 87 21.329492
84 88 21.96027
77 89 25.021281000000002
76 90 0.104616
90 91 0.09437
91 92 0.371502
92 93 21.839992
92 94 22.962184
91 95 22.524791
90 96 0.438461
96 97 0.413928
97 98 0.444778
98 99 0.289142
99 100 0.609323
100 101 0.331888
101 102 0.711557
102 103 0.358575
103 104 0.8865
104 105 0.6934980000000001
105 106 22.973834
105 107 21.53428
104 108 0.266891
108 109 22.734673
108 110 20.225095
103 111 0.473633
111 112 0.542446
112 113 0.697658
113 114 22.978638
113 115 19.409035
112 116 20.951729999999998
111 117 22.847799
102 118 0.33085699999999996
118 119 1.5103820000000001
119 120 25.638327999999998
119 121 24.881773
118 122 0.7856
122 123 0.269063
123 124 0.5947520000000001
124 125 0.615096
125 126 24.793001
125 127 26.688513000000004
124 128 27.588399000000003
123 129 0.8550169999999999
129 130 0.155912
130 131 0.8520120000000001
131 132 0.8573280000000001
132 133 29.311888000000003
132 134 1.286289
134 135 0.791494
135 136 2.395737
136 137 1.5275050000000001
137 138 2.711784
138 139 42.256327999999996
138 140 41.434847000000005
137 141 37.956742999999996
136 142 38.271042
135 143 0.885117
143 144 34.954525
143 145 36.484842
134 146 1.119293
146 147 1.202728
147 148 1.4902630000000001
148 149 35.705577999999996
148 150 38.391743
147 151 34.578847
146 152 38.076808
131 153 0.753992
153 154 27.292332000000002
153 155 26.039158
130 156 0.9628410000000001
156 157 25.485236
156 158 24.295507999999998
129 159 0.44611900000000004
159 160 0.647035
160 161 1.214309
161 162 24.704052
161 163 24.55302
160 164 27.158897
159 165 0.9657519999999999
165 166 31.360332000000003
165 167 0.7970649999999999
167 168 27.240044
167 169 0.40371799999999997
169 170 28.575827999999998
169 171 32.145798
122 172 0.6669780000000001
172 173 21.739726
172 174 28.462614000000002
101 175 0.39574
175 176 21.075695
175 177 21.027646
100 178 0.24754400000000001
178 179 0.288726
179 180 0.196962
180 181 0.42886699999999994
181 182 0.21437900000000001
182 183 0.18837500000000001
183 184 0.340256
184 185 0.157196
185 186 0.313004
186 187 0.223273
187 188 17.126286
187 189 0.6188779999999999
189 190 16.253061
189 191 16.485871999999997
186 192 18.32517
185 193 0.260964
193 194 0.334279
194 195 0.14472300000000002
195 196 1.1891509999999998
196 197 60.40505699999999
196 198 21.717878
195 199 17.807433
194 200 7.912115
200 201 11.114994
200 202 11.418974
193 203 1.053723
203 204 17.455909
203 205 1.914937
205 206 14.802097999999999
205 207 6.153663
207 208 8.431408999999999
207 209 10.28903
184 210 0.193071
210 211 0.685006
211 212 0.458064
212 213 0.817477
213 214 6.829955
214 215 12.226090000000001
214 216 13.406977000000001
213 217 1.132622
217 218 14.713267
218 219 7.424332
218 220 8.211746999999999
217 221 22.570431
212 222 1.914234
222 223 0.583004
223 224 3.756627
224 225 5.075271
225 226 53.610029000000004
225 227 37.657771000000004
224 228 24.904221
223 229 51.32084999999999
222 230 2.7503409999999997
230 231 15.264676
230 232 15.443088
211 233 0.299955
233 234 10.78421
234 235 6.424354999999999
234 236 6.701573
233 237 18.690315
210 238 0.112154
238 239 0.823593
239 240 17.821096999999998
239 241 18.476406
238 242 0.182182
242 243 17.268275
242 244 16.804133
183 245 0.595298
245 246 17.386255000000002
245 247 17.960895
182 248 0.194
248 249 0.290613
249 250 0.182057
250 251 18.96285
250 252 0.615212
252 253 17.494615
252 254 17.084792
249 255 17.682981
248 256 0.28098
256 257 0.493797
257 258 17.232481
257 259 17.51678
256 260 0.062224999999999996
260 261 0.478561
261 262 17.875825
261 263 0.18146600000000002
263 264 17.686169
263 265 16.723812
260 266 17.346823999999998
181 267 17.62333
180 268 0.44026400000000004
268 269 1.123333
269 270 22.339285
269 271 20.048388
268 272 18.950433999999998
179 273 0.261511
273 274 3.982551
274 275 15.328577
274 276 19.250829
273 277 20.447372
178 278 0.48141
278 279 0.40916700000000006
279 280 0.7040000000000001
280 281 17.667402
280 282 0.270328
282 283 0.12422799999999999
283 284 0.262191
284 285 18.934782
284 286 17.188935999999998
283 287 0.653177
287 288 0.382192
288 289 0.460826
289 290 19.093586000000002
289 291 0.278778
291 292 0.226938
292 293 0.105372
293 294 19.428660999999998
293 295 16.608331
292 296 0.28719
296 297 0.199466
297 298 0.23347400000000001
298 299 15.652260000000002
298 300 0.169822
300 301 15.775127999999999
300 302 0.280871
302 303 15.831116000000002
302 304 0.311816
304 305 16.127312999999997
304 306 1.433196
306 307 1.081527
307 308 14.252830999999999
307 309 0.250022
309 310 13.904423
309 311 0.128101
311 312 0.13157100000000002
312 313 0.23953999999999998
313 314 0.30993000000000004
314 315 0.105656
315 316 0.223459
316 317 14.556543999999999
316 318 14.883638
315 319 0.189533
319 320 15.713738
319 321 0.08594
321 322 15.091154000000001
321 323 16.421558
314 324 0.562934
324 325 15.566331
324 326 14.346297
313 327 0.464436
327 328 0.236973
328 329 0.195321
329 330 0.254009
330 331 15.679683
330 332 0.261248
332 333 18.13241
332 334 14.854522000000001
329 335 0.047522999999999996
335 336 0.34687
336 337 14.838040999999999
336 338 15.949774
335 339 0.11452000000000001
339 340 0.15953
340 341 0.14011200000000001
341 342 0.26918
342 343 15.963410999999999
342 344 16.940751000000002
341 345 0.161097
345 346 0.267559
346 347 0.31540999999999997
347 348 0.460993
348 349 0.12492600000000001
349 350 0.49217999999999995
350 351 18.279083
350 352 19.691818
349 353 0.214314
353 354 0.336666
354 355 19.207771
354 356 18.407423
353 357 18.471446999999998
348 358 20.181361
347 359 17.579738
346 360 0.187108
360 361 0.580434
361 362 20.359285999999997
361 363 16.813851
360 364 17.112711
345 365 0.133572
365 366 16.61561
365 367 0.060708
367 368 16.030839999999998
367 369 0.217925
369 370 15.241384
369 371 16.433512
340 372 0.415656
372 373 0.394507
373 374 18.810314
373 375 17.140062
372 376 15.794585999999999
339 377 0.22731
377 378 16.595748
377 379 16.391184
328 380 0.23704899999999998
380 381 0.40312400000000004
381 382 14.814911
381 383 15.972904
380 384 15.962322
327 385 0.36541
385 386 0.155193
386 387 0.139178
387 388 14.202157000000001
387 389 14.846941
386 390 0.109576
390 391 0.345477
391 392 15.255932999999999
391 393 14.262749999999999
390 394 0.367185
394 395 0.152819
395 396 0.46357899999999996
396 397 14.293529999999999
396 398 14.134735000000001
395 399 0.268804
399 400 0.498544
400 401 0.112758
401 402 13.916406
401 403 13.287977000000001
400 404 0.230922
404 405 13.93595
404 406 13.420139
399 407 14.661864999999999
394 408 0.220146
408 409 14.017152
408 410 13.949402999999998
385 411 0.163943
411 412 15.131692999999999
411 413 0.51504
413 414 0.46905
414 415 13.278063000000001
414 416 12.725587999999998
413 417 13.962337999999999
312 418 0.162357
418 419 0.12338600000000001
419 420 0.11375999999999999
420 421 0.207705
421 422 0.13298100000000002
422 423 0.44751900000000006
423 424 0.561206
424 425 14.279765
424 426 16.029215999999998
423 427 15.398254999999999
422 428 0.736007
428 429 16.964678
428 430 14.629076
421 431 0.565816
431 432 15.517707999999999
431 433 0.157607
433 434 15.789223
433 435 15.885673
420 436 0.61052
436 437 0.22586199999999998
437 438 0.164591
438 439 16.273667
438 440 15.808444999999999
437 441 0.11071
441 442 0.416348
442 443 15.346112000000002
442 444 16.328784
441 445 0.153776
445 446 0.7339100000000001
446 447 16.514252
446 448 13.87429
445 449 14.164019999999999
436 450 0.135604
450 451 0.21959499999999998
451 452 0.176239
452 453 15.802413000000001
452 454 0.35557900000000003
454 455 15.373661
454 456 15.174296000000002
451 457 16.047538
450 458 0.312506
458 459 0.280639
459 460 0.422842
460 461 0.13411700000000001
461 462 0.261206
462 463 0.499487
463 464 2.283443
464 465 14.669449
464 466 15.639531000000002
463 467 14.157623
462 468 0.174881
468 469 0.24552
469 470 15.019036999999999
469 471 15.369506
468 472 0.248421
472 473 14.334036999999999
472 474 14.949425999999999
461 475 14.771894999999999
460 476 0.279059
476 477 15.041383999999999
476 478 0.152596
478 479 14.998137999999999
478 480 14.993566999999999
459 481 0.18399
481 482 14.820648
481 483 15.171057
458 484 0.48240999999999995
484 485 14.312116
484 486 1.137864
486 487 14.677087
486 488 2.596541
488 489 12.015138
488 490 13.7659
419 491 0.138074
491 492 0.531142
492 493 15.21575
492 494 13.911376
491 495 14.351242000000001
418 496 0.10258500000000001
496 497 0.398115
497 498 14.623446000000001
497 499 13.882095999999999
496 500 0.09783800000000001
500 501 14.085578000000002
500 502 0.137178
502 503 0.104408
503 504 0.261712
504 505 0.8915690000000001
505 506 11.788495000000001
505 507 12.167636
504 508 0.249886
508 509 0.280045
509 510 0.033112
510 511 0.317542
511 512 0.293472
512 513 0.097963
513 514 0.031615000000000004
514 515 0.11829799999999999
515 516 0.22095800000000002
516 517 0.236716
517 518 13.431837
517 519 0.16786299999999998
519 520 12.523632000000001
519 521 13.331522000000001
516 522 13.232551
515 523 0.5503079999999999
523 524 12.238392
523 525 12.150862
514 526 0.11763699999999999
526 527 0.152972
527 528 0.06816
528 529 0.07832800000000001
529 530 0.239873
530 531 0.051675
531 532 12.531137000000001
531 533 0.46809599999999996
533 534 11.929264
533 535 12.677689
530 536 0.059195000000000005
536 537 0.113883
537 538 12.192794999999998
537 539 12.414158
536 540 12.957864999999998
529 541 0.178774
541 542 13.390024
541 543 12.986408999999998
528 544 0.15865
544 545 0.14257899999999998
545 546 12.826467999999998
545 547 0.214918
547 548 13.388354
547 549 12.466801
544 550 0.223564
550 551 0.194969
551 552 15.055502
551 553 13.141491
550 554 0.102187
554 555 0.5924389999999999
555 556 11.84514
555 557 12.327174000000001
554 558 0.142001
558 559 0.142621
559 560 0.091772
560 561 0.380719
561 562 0.148323
562 563 0.31615699999999997
563 564 12.3019
563 565 11.870414
562 566 0.150271
566 567 0.135505
567 568 0.202381
568 569 0.024414
569 570 0.10148100000000002
570 571 0.558824
571 572 1.67086
572 573 8.802413000000001
572 574 11.184959
571 575 10.634834
570 576 11.259451
569 577 0.346729
577 578 11.673081
577 579 11.072124
568 580 0.277184
580 581 0.128051
581 582 0.201623
582 583 0.266812
583 584 0.61485
584 585 11.506365
584 586 12.882888000000001
583 587 0.188943
587 588 13.911779
587 589 14.285215
582 590 12.568172
581 591 0.096391
591 592 2.789638
592 593 10.173011
592 594 9.545391
591 595 0.10513199999999999
595 596 0.538666
596 597 11.265147
596 598 10.569931
595 599 0.121291
599 600 13.045074000000001
599 601 3.035761
601 602 10.364761999999999
601 603 8.620166999999999
580 604 0.168656
604 605 0.076086
605 606 0.255923
606 607 11.675972
606 608 11.778655
605 609 0.11436700000000001
609 610 0.11594000000000002
610 611 1.6055380000000001
611 612 10.157082
611 613 10.371877
610 614 11.371292
609 615 0.11272299999999999
615 616 11.237733
615 617 0.31565
617 618 0.053029
618 619 0.118913
619 620 0.144603
620 621 0.13132
621 622 10.953994
621 623 0.20269500000000001
623 624 10.621336000000001
623 625 10.043786
620 626 0.084766
626 627 0.11191599999999999
627 628 0.155271
628 629 0.352475
629 630 11.086965
629 631 11.166485
628 632 0.20103000000000001
632 633 10.687940999999999
632 634 12.481933000000001
627 635 0.124504
635 636 0.171554
636 637 10.628757
636 638 11.136871
635 639 0.29578899999999997
639 640 0.400192
640 641 11.39968
640 642 10.365948
639 643 0.144549
643 644 0.32020400000000004
644 645 10.556743
644 646 10.793846
643 647 10.493160999999999
626 648 0.356256
648 649 0.166353
649 650 10.730112
649 651 10.896855
648 652 11.23865
619 653 0.132635
653 654 10.132025
653 655 10.80635
618 656 0.084518
656 657 0.11458600000000001
657 658 0.10105800000000001
658 659 0.12343199999999999
659 660 0.128063
660 661 0.20040600000000003
661 662 0.062649
662 663 0.341497
663 664 10.723258
663 665 10.627331
662 666 0.341383
666 667 11.589324
666 668 0.259316
668 669 10.23523
668 670 0.622667
670 671 10.609909
670 672 12.347263
661 673 0.265421
673 674 10.947401
673 675 10.541219
660 676 0.172488
676 677 0.315075
677 678 9.979057
677 679 9.672291
676 680 11.106533
659 681 0.028244000000000002
681 682 0.17208900000000002
682 683 10.133983
682 684 9.920819
681 685 0.22329400000000002
685 686 0.114441
686 687 0.15554600000000002
687 688 9.26294
687 689 9.589597
686 690 0.22503800000000002
690 691 10.289166
690 692 0.197535
692 693 9.745814999999999
692 694 0.076072
694 695 10.507606
694 696 10.499277
685 697 0.05941
697 698 0.226174
698 699 0.544359
699 700 0.433359
700 701 0.288462
701 702 0.055317
702 703 0.051533
703 704 0.08429299999999999
704 705 0.511758
705 706 8.314109
705 707 7.572853
704 708 0.22323
708 709 0.099464
709 710 0.034433
710 711 0.072003
711 712 8.529195000000001
711 713 0.120196
713 714 0.08517000000000001
714 715 7.875548
714 716 7.948591
713 717 0.24707700000000002
717 718 7.936097
717 719 8.329242
710 720 0.25431400000000004
720 721 7.709123
720 722 7.428442
709 723 0.188284
723 724 7.547561
723 725 0.125794
725 726 0.369085
726 727 8.618523
726 728 7.900445
725 729 0.147845
729 730 0.029788
730 731 0.087923
731 732 0.227384
732 733 9.527828000000001
732 734 8.471304
731 735 8.481139
730 736 0.159274
736 737 0.08064
737 738 8.601348
737 739 8.556573
736 740 0.290941
740 741 8.884018000000001
740 742 0.372485
742 743 10.079675
742 744 9.975128
729 745 8.312564
708 746 0.10910399999999999
746 747 0.08876300000000001
747 748 0.020303
748 749 0.06274199999999999
749 750 0.0714
750 751 0.092992
751 752 0.057637
752 753 0.222871
753 754 6.750736
753 755 0.19069899999999998
755 756 0.154438
756 757 0.058929999999999996
757 758 6.849163
757 759 6.878874
756 760 0.144229
760 761 0.085379
761 762 6.45669
761 763 0.138121
763 764 0.552431
764 765 6.808728
764 766 6.25734
763 767 0.232854
767 768 0.15615600000000002
768 769 7.363409
768 770 7.03441
767 771 0.07542
771 772 7.410576000000001
771 773 0.22336299999999998
773 774 8.148597
773 775 6.741323
760 776 0.100445
776 777 0.35761299999999996
777 778 0.17493599999999998
778 779 0.101603
779 780 0.169876
780 781 6.093922
780 782 0.050685
782 783 6.429907
782 784 6.996275000000001
779 785 0.04739
785 786 0.178591
786 787 5.909802
786 788 0.061401000000000004
788 789 6.3810519999999995
788 790 5.735824
785 791 0.037003
791 792 5.817112
791 793 0.078154
793 794 6.494846
793 795 0.096289
795 796 6.155519
795 797 0.255504
797 798 5.996085
797 799 5.710523
778 800 0.040728
800 801 0.162974
801 802 5.680623
801 803 0.037614
803 804 0.25117500000000004
804 805 6.127622
804 806 6.284156
803 807 0.106162
807 808 5.816554
807 809 6.418097
800 810 0.021852
810 811 6.012441
810 812 0.073894
812 813 5.776744000000001
812 814 5.522594
777 815 0.087838
815 816 0.067362
816 817 0.048812
817 818 0.020553
818 819 0.421666
819 820 4.963179
819 821 5.245569
818 822 0.050542000000000004
822 823 0.086528
823 824 0.11604
824 825 5.630078
824 826 0.097578
826 827 0.140179
827 828 4.827729
827 829 5.494807
826 830 0.18748
830 831 5.037346
830 832 4.774985
823 833 1.102092
833 834 5.020311
833 835 3.8965689999999995
822 836 0.202182
836 837 6.345633
836 838 5.419401
817 839 0.047699
839 840 0.025166
840 841 0.186169
841 842 5.627338
841 843 5.9043600000000005
840 844 0.044029
844 845 0.14177700000000001
845 846 5.066578
845 847 5.5414650000000005
844 848 0.23085699999999998
848 849 5.229592
848 850 4.9223490000000005
839 851 0.09853799999999999
851 852 0.19128
852 853 5.176203
852 854 5.3174600000000005
851 855 0.153006
855 856 5.309528
855 857 5.298515
816 858 0.139846
858 859 0.23508
859 860 0.106144
860 861 0.076635
861 862 0.143641
862 863 0.22639700000000001
863 864 4.970402
863 865 4.33643
862 866 4.540788
861 867 0.138319
867 868 0.131276
868 869 4.628276
868 870 4.511092
867 871 4.886127
860 872 0.041359
872 873 0.147259
873 874 0.338678
874 875 0.15018
875 876 0.065676
876 877 0.131718
877 878 0.14824400000000001
878 879 0.236733
879 880 3.928379
879 881 0.172609
881 882 4.231864
881 883 3.858724
878 884 0.117571
884 885 0.333809
885 886 0.25511
886 887 0.037563
887 888 0.094907
888 889 0.11269299999999999
889 890 0.06114
890 891 0.185674
891 892 3.1446799999999997
891 893 3.649662
890 894 0.046381
894 895 0.207173
895 896 0.160089
896 897 3.960392
896 898 0.157021
898 899 0.221316
899 900 0.173511
900 901 0.56795
901 902 5.162393
901 903 18.007481
900 904 5.424019
899 905 4.070068
898 906 4.383900000000001
895 907 0.174124
907 908 4.500135
907 909 0.256264
909 910 3.910546
909 911 3.636125
894 912 0.091841
912 913 3.438749
912 914 3.089453
889 915 0.08664999999999999
915 916 3.603282
915 917 0.116019
917 918 3.8192660000000003
917 919 3.61928
888 920 0.076867
920 921 3.164013
920 922 0.033471
922 923 0.196948
923 924 2.7817209999999997
923 925 0.191797
925 926 3.0848690000000003
925 927 3.125717
922 928 3.866622
887 929 0.22303800000000001
929 930 3.4552729999999996
929 931 3.499392
886 932 0.284682
932 933 0.15986699999999998
933 934 0.173285
934 935 0.125571
935 936 0.120766
936 937 2.363718
936 938 0.064157
938 939 2.376377
938 940 2.274179
935 941 0.095369
941 942 0.12344700000000002
942 943 0.22264
943 944 0.178152
944 945 0.289402
945 946 2.304506
945 947 4.65016
944 948 5.356754
943 949 0.050506
949 950 0.058252
950 951 1.9187450000000001
950 952 0.22669
952 953 0.084601
953 954 0.37927299999999997
954 955 1.029407
954 956 0.30180799999999997
956 957 0.150506
957 958 0.095635
958 959 0.183242
959 960 1.1936250000000002
959 961 6.515645
958 962 0.42208799999999996
957 963 0.207443
963 964 4.619954
963 965 4.020093
956 966 0.018187
966 967 0.182752
967 968 2.981884
967 969 7.568938999999999
966 970 0.317072
970 971 4.475384
970 972 3.7794559999999997
953 973 1.8965610000000002
952 974 2.000858
949 975 4.22741
942 976 0.120681
976 977 0.153214
977 978 2.236161
977 979 0.11566499999999999
979 980 3.2981190000000002
979 981 2.230767
976 982 0.192944
982 983 0.215909
983 984 2.285144
983 985 2.725296
982 986 3.070181
941 987 0.282738
987 988 0.118204
988 989 0.150976
989 990 2.56149
989 991 2.915321
988 992 2.666084
987 993 3.725282
934 994 0.11634
994 995 0.12920900000000002
995 996 0.311777
996 997 3.2711820000000005
996 998 0.317609
998 999 6.3402009999999995
998 1000 3.415733
995 1001 0.23450300000000002
1001 1002 2.3090759999999997
1001 1003 2.34148
994 1004 0.176307
1004 1005 3.00512
1004 1006 0.085729
1006 1007 0.064051
1007 1008 3.062954
1007 1009 0.19905299999999998
1009 1010 2.7794499999999998
1009 1011 2.801562
1006 1012 0.037167
1012 1013 0.128643
1013 1014 0.073572
1014 1015 3.1601280000000003
1014 1016 3.1561190000000003
1013 1017 3.2169309999999998
1012 1018 0.15838200000000002
1018 1019 0.33602699999999996
1019 1020 4.094626
1019 1021 2.646382
1018 1022 0.056448
1022 1023 3.528924
1022 1024 2.787322
933 1025 0.20486800000000002
1025 1026 0.517823
1026 1027 0.12051799999999999
1027 1028 0.017568999999999998
1028 1029 0.055442000000000005
1029 1030 0.21659499999999998
1030 1031 0.10041399999999999
1031 1032 0.582577
1032 1033 4.59758
1032 1034 0.764294
1034 1035 6.384587
1034 1036 5.3220209999999994
1031 1037 4.256946
1030 1038 3.8849259999999997
1029 1039 3.4957879999999997
1028 1040 0.062977
1040 1041 0.104638
1041 1042 0.138764
1042 1043 4.322928
1042 1044 0.357208
1044 1045 4.637535000000001
1044 1046 3.892172
1041 1047 0.20322199999999999
1047 1048 4.13324
1047 1049 3.467576
1040 1050 0.245728
1050 1051 0.106769
1051 1052 0.13094999999999998
1052 1053 3.5718579999999998
1052 1054 4.246084
1051 1055 0.171676
1055 1056 4.357027
1055 1057 3.952675
1050 1058 0.268677
1058 1059 0.06421
1059 1060 3.630398
1059 1061 3.646368
1058 1062 0.01817
1062 1063 0.312825
1063 1064 4.170528
1063 1065 4.35918
1062 1066 3.513159
1027 1067 4.037412
1026 1068 3.376203
1025 1069 4.076414
932 1070 3.115618
885 1071 4.160968
884 1072 3.779436
877 1073 0.077551
1073 1074 0.09424099999999999
1074 1075 4.911651
1074 1076 0.097604
1076 1077 3.885305
1076 1078 4.04153
1073 1079 0.094554
1079 1080 0.799587
1080 1081 4.1445669999999994
1080 1082 4.4954790000000004
1079 1083 0.140288
1083 1084 0.061207000000000004
1084 1085 0.068435
1085 1086 0.170535
1086 1087 4.456144
1086 1088 4.683224
1085 1089 0.07134
1089 1090 0.28326599999999996
1090 1091 4.726044
1090 1092 4.190837
1089 1093 0.024512999999999997
1093 1094 0.129437
1094 1095 4.98388
1094 1096 4.772053
1093 1097 0.11034300000000001
1097 1098 4.7557599999999995
1097 1099 4.775162
1084 1100 0.15384699999999998
1100 1101 4.676072
1100 1102 4.51906
1083 1103 4.645751
876 1104 4.534358
875 1105 0.231416
1105 1106 4.54343
1105 1107 4.9874920000000005
874 1108 0.24957400000000002
1108 1109 5.069375
1108 1110 5.310144
873 1111 0.163824
1111 1112 6.145872
1111 1113 0.090363
1113 1114 0.260219
1114 1115 5.475647
1114 1116 5.5346020000000005
1113 1117 0.092557
1117 1118 0.22838200000000003
1118 1119 0.098945
1119 1120 0.243669
1120 1121 0.182918
1121 1122 6.448880999999999
1121 1123 6.199941
1120 1124 5.963647
1119 1125 0.026171
1125 1126 0.19473100000000002
1126 1127 5.7397789999999995
1126 1128 5.966829
1125 1129 0.06674
1129 1130 6.052615
1129 1131 0.20313599999999998
1131 1132 0.131838
1132 1133 0.194214
1133 1134 0.159886
1134 1135 6.7200750000000005
1134 1136 6.4058530000000005
1133 1137 6.223815
1132 1138 6.4141390000000005
1131 1139 0.164103
1139 1140 0.191026
1140 1141 6.297672
1140 1142 6.35115
1139 1143 0.09193899999999999
1143 1144 0.078969
1144 1145 0.09814699999999998
1145 1146 0.17527199999999998
1146 1147 7.187244
1146 1148 6.4198580000000005
1145 1149 0.063519
1149 1150 7.483814
1149 1151 0.028253
1151 1152 0.326443
1152 1153 7.105583
1152 1154 6.9868120000000005
1151 1155 0.124037
1155 1156 0.340048
1156 1157 6.387669
1156 1158 6.618604
1155 1159 0.080378
1159 1160 7.077126
1159 1161 0.492058
1161 1162 7.316266000000001
1161 1163 7.759288000000001
1144 1164 0.699984
1164 1165 7.274803
1164 1166 7.1230150000000005
1143 1167 0.12109600000000001
1167 1168 6.589486999999999
1167 1169 6.357052
1118 1170 0.082089
1170 1171 6.19105
1170 1172 5.63247
1117 1173 5.882111999999999
872 1174 0.36242
1174 1175 4.547488
1174 1176 4.647645000000001
859 1177 0.3443
1177 1178 5.144202
1177 1179 5.3494600000000005
858 1180 0.04503
1180 1181 5.300845
1180 1182 0.055241000000000005
1182 1183 0.105064
1183 1184 5.083787
1183 1185 5.295732
1182 1186 0.049308000000000005
1186 1187 0.103268
1187 1188 5.5698739999999995
1187 1189 0.25073500000000004
1189 1190 5.174857
1189 1191 5.204663
1186 1192 5.057137
815 1193 0.181758
1193 1194 0.054645
1194 1195 0.127568
1195 1196 0.105058
1196 1197 4.79532
1196 1198 4.9606129999999995
1195 1199 0.206282
1199 1200 5.058009
1199 1201 4.754322
1194 1202 0.253751
1202 1203 4.7345310000000005
1202 1204 5.644988
1193 1205 0.192186
1205 1206 0.287395
1206 1207 5.113183
1206 1208 5.5521389999999995
1205 1209 5.6512199999999995
776 1210 0.151844
1210 1211 0.083883
1211 1212 0.163309
1212 1213 5.957416
1212 1214 0.11271600000000001
1214 1215 0.111246
1215 1216 6.457709
1215 1217 0.135216
1217 1218 6.541725
1217 1219 6.524344
1214 1220 0.174871
1220 1221 0.320664
1221 1222 6.348317000000001
1221 1223 6.837534000000001
1220 1224 6.362911
1211 1225 0.11560100000000001
1225 1226 0.609702
1226 1227 5.929305
1226 1228 6.364325
1225 1229 5.714709
1210 1230 0.08036599999999999
1230 1231 0.239947
1231 1232 5.871327
1231 1233 0.182379
1233 1234 5.305206
1233 1235 5.3601160000000005
1230 1236 0.133183
1236 1237 6.115995
1236 1238 6.473471999999999
755 1239 0.054195999999999994
1239 1240 6.7640210000000005
1239 1241 0.17337
1241 1242 0.35879300000000003
1242 1243 7.881088999999999
1242 1244 7.380701
1241 1245 7.210795
752 1246 7.4317720000000005
751 1247 7.195614
750 1248 0.311506
1248 1249 0.157886
1249 1250 7.11662
1249 1251 6.67198
1248 1252 8.023668
749 1253 0.141622
1253 1254 0.194907
1254 1255 0.059818
1255 1256 0.225863
1256 1257 0.173901
1257 1258 6.265925999999999
1257 1259 0.14827600000000002
1259 1260 6.373460000000001
1259 1261 6.872377999999999
1256 1262 0.136819
1262 1263 6.467972
1262 1264 7.199565
1255 1265 6.868676999999999
1254 1266 0.10964900000000001
1266 1267 0.093386
1267 1268 0.160702
1268 1269 0.120286
1269 1270 7.238062000000001
1269 1271 6.915287
1268 1272 7.170447
1267 1273 0.132973
1273 1274 0.226228
1274 1275 7.47705
1274 1276 7.722594000000001
1273 1277 0.109226
1277 1278 7.46778
1277 1279 0.29326399999999997
1279 1280 7.319135999999999
1279 1281 8.756706
1266 1282 7.2988
1253 1283 7.227039
748 1284 0.11639300000000001
1284 1285 0.059785000000000005
1285 1286 0.099089
1286 1287 7.9803109999999995
1286 1288 0.18547
1288 1289 0.22587800000000002
1289 1290 0.44906199999999996
1290 1291 8.117771999999999
1290 1292 9.686162
1289 1293 8.167811
1288 1294 7.842701000000001
1285 1295 7.592122
1284 1296 0.068564
1296 1297 0.068736
1297 1298 7.878409
1297 1299 0.09566899999999999
1299 1300 7.638189
1299 1301 7.685813
1296 1302 0.23565999999999998
1302 1303 7.609003
1302 1304 7.528562
747 1305 0.087587
1305 1306 0.024677
1306 1307 7.16184
1306 1308 0.285732
1308 1309 8.143434
1308 1310 7.180568
1305 1311 0.139602
1311 1312 0.035175
1312 1313 7.681058
1312 1314 7.518585999999999
1311 1315 7.813667000000001
746 1316 0.221429
1316 1317 7.312723
1316 1318 7.577196999999999
703 1319 7.8781740000000005
702 1320 0.16876
1320 1321 0.13483099999999998
1321 1322 7.245011
1321 1323 6.969357
1320 1324 7.339977
701 1325 0.11561099999999999
1325 1326 0.142768
1326 1327 0.155559
1327 1328 0.058912000000000006
1328 1329 0.166742
1329 1330 8.636326
1329 1331 9.624082000000001
1328 1332 7.863233999999999
1327 1333 0.205945
1333 1334 0.115212
1334 1335 0.062056
1335 1336 0.13439
1336 1337 6.880958
1336 1338 0.256964
1338 1339 7.243658
1338 1340 6.970709
1335 1341 8.521087
1334 1342 8.953969
1333 1343 8.083120000000001
1326 1344 0.273104
1344 1345 0.29978
1345 1346 9.25412
1345 1347 9.334515999999999
1344 1348 0.5737019999999999
1348 1349 8.350373
1348 1350 9.518555
1325 1351 7.642592
700 1352 0.263778
1352 1353 0.075466
1353 1354 0.207265
1354 1355 0.20192700000000002
1355 1356 8.172458
1355 1357 8.282998
1354 1358 8.280578
1353 1359 0.095154
1359 1360 0.245053
1360 1361 0.13139
1361 1362 0.021148
1362 1363 0.199062
1363 1364 0.081043
1364 1365 8.929041
1364 1366 0.135844
1366 1367 9.003903000000001
1366 1368 9.191077
1363 1369 0.267557
1369 1370 9.055138
1369 1371 9.996098
1362 1372 0.140839
1372 1373 8.732742
1372 1374 9.658738
1361 1375 0.109132
1375 1376 0.358326
1376 1377 8.056140000000001
1376 1378 8.272502
1375 1379 0.227709
1379 1380 0.190295
1380 1381 0.10152099999999999
1381 1382 9.226212
1381 1383 8.838131
1380 1384 0.046561
1384 1385 9.338047
1384 1386 8.791578
1379 1387 0.245364
1387 1388 9.127384
1387 1389 9.329741
1360 1390 0.099005
1390 1391 0.116468
1391 1392 0.022295
1392 1393 0.10968
1393 1394 0.4328
1394 1395 8.276792
1394 1396 10.641904
1393 1397 0.155413
1397 1398 8.661365
1397 1399 9.077646
1392 1400 0.40323299999999995
1400 1401 0.27429
1401 1402 8.901468
1401 1403 10.216149
1400 1404 0.127187
1404 1405 8.981305
1404 1406 9.541539
1391 1407 0.095194
1407 1408 0.096458
1408 1409 8.73208
1408 1410 9.136847
1407 1411 0.072115
1411 1412 0.117996
1412 1413 9.333574
1412 1414 0.108429
1414 1415 0.34342700000000004
1415 1416 10.340081
1415 1417 9.512654
1414 1418 9.550471
1411 1419 0.352015
1419 1420 9.415481
1419 1421 8.975999
1390 1422 0.121792
1422 1423 0.044957
1423 1424 0.25989799999999996
1424 1425 0.146411
1425 1426 7.558428
1425 1427 7.8278550000000005
1424 1428 8.110849
1423 1429 0.180368
1429 1430 0.127298
1430 1431 8.000456
1430 1432 8.201648
1429 1433 0.158504
1433 1434 8.059143
1433 1435 8.332871
1422 1436 0.129859
1436 1437 0.09851199999999999
1437 1438 0.08992
1438 1439 0.069981
1439 1440 8.127618
1439 1441 0.037432999999999994
1441 1442 0.20371
1442 1443 7.998532
1442 1444 8.33011
1441 1445 8.182727
1438 1446 8.811803999999999
1437 1447 0.25150300000000003
1447 1448 8.426423
1447 1449 8.219776
1436 1450 0.333128
1450 1451 8.266262000000001
1450 1452 8.507448
1359 1453 0.026899999999999997
1453 1454 0.029551
1454 1455 0.092678
1455 1456 0.172438
1456 1457 0.407626
1457 1458 0.49886
1458 1459 9.349632
1458 1460 9.239004000000001
1457 1461 7.027298
1461 1462 3.294019
1461 1463 3.4469890000000003
1456 1464 9.502899
1455 1465 0.07315
1465 1466 0.16270300000000001
1466 1467 8.652823
1466 1468 8.312676
1465 1469 0.46394
1469 1470 8.524821000000001
1469 1471 8.057727
1454 1472 0.11672600000000001
1472 1473 0.198494
1473 1474 0.158948
1474 1475 8.44688
1474 1476 8.199319
1473 1477 8.805073
1472 1478 0.214643
1478 1479 0.065758
1479 1480 9.540722
1479 1481 9.047914
1478 1482 0.09139699999999999
1482 1483 0.180876
1483 1484 10.979951
1483 1485 10.095517
1482 1486 10.221164
1453 1487 0.110694
1487 1488 0.266754
1488 1489 0.15174400000000002
1489 1490 8.940339999999999
1489 1491 8.993653
1488 1492 8.296766
1487 1493 9.125731
1352 1494 0.259765
1494 1495 8.136897
1494 1496 7.938944
699 1497 2.921614
1497 1498 5.7303880000000005
1497 1499 6.622285
698 1500 0.011262
1500 1501 0.7743680000000001
1501 1502 9.980787000000001
1501 1503 9.403098
1500 1504 0.154857
1504 1505 8.906329
1504 1506 0.25334799999999996
1506 1507 0.14393699999999998
1507 1508 9.082567
1507 1509 0.438374
1509 1510 9.980952
1509 1511 0.421228
1511 1512 10.612973
1511 1513 9.576920999999999
1506 1514 9.1955
697 1515 0.30997600000000003
1515 1516 9.935158
1515 1517 9.049771
658 1518 0.080955
1518 1519 0.10073499999999999
1519 1520 0.21103799999999998
1520 1521 9.468375
1520 1522 10.115995
1519 1523 10.52712
1518 1524 0.10511999999999999
1524 1525 0.191302
1525 1526 0.089451
1526 1527 0.294061
1527 1528 9.870462
1527 1529 0.243108
1529 1530 0.118242
1530 1531 0.07008500000000001
1531 1532 0.134705
1532 1533 10.474772999999999
1532 1534 0.099395
1534 1535 10.012758
1534 1536 10.925617
1531 1537 10.333957
1530 1538 0.10606000000000002
1538 1539 0.421579
1539 1540 9.882337
1539 1541 0.407752
1541 1542 9.214544
1541 1543 9.374092000000001
1538 1544 0.491282
1544 1545 9.851139
1544 1546 9.934392
1529 1547 9.926593
1526 1548 0.124555
1548 1549 0.095376
1549 1550 0.096639
1550 1551 10.683317
1550 1552 0.026300999999999998
1552 1553 0.13090000000000002
1553 1554 0.061970000000000004
1554 1555 11.740462
1554 1556 0.19840499999999997
1556 1557 0.07001299999999999
1557 1558 11.854273
1557 1559 11.032162
1556 1560 0.176864
1560 1561 10.982982
1560 1562 11.130690999999999
1553 1563 0.10765799999999999
1563 1564 10.635559
1563 1565 0.065583
1565 1566 0.430314
1566 1567 10.30093
1566 1568 10.024360999999999
1565 1569 0.204946
1569 1570 10.980347
1569 1571 0.19436399999999998
1571 1572 0.5231089999999999
1572 1573 10.869783
1572 1574 9.59121
1571 1575 10.706625
1552 1576 0.07030499999999999
1576 1577 10.790472
1576 1578 0.092439
1578 1579 0.150618
1579 1580 10.619831
1579 1581 10.730758999999999
1578 1582 12.202242
1549 1583 0.044511
1583 1584 0.338297
1584 1585 10.440042
1584 1586 10.498334
1583 1587 10.543143
1548 1588 10.439739000000001
1525 1589 0.032042
1589 1590 0.135353
1590 1591 0.30415400000000004
1591 1592 10.745066
1591 1593 10.467807
1590 1594 10.165229
1589 1595 0.07095
1595 1596 0.222453
1596 1597 0.14343999999999998
1597 1598 10.219470999999999
1597 1599 11.200095000000001
1596 1600 0.330878
1600 1601 0.246349
1601 1602 0.178537
1602 1603 0.25626
1603 1604 0.477398
1604 1605 12.70011
1604 1606 0.627618
1606 1607 11.659044999999999
1606 1608 12.513269
1603 1609 0.103944
1609 1610 0.391218
1610 1611 11.580097
1610 1612 12.088962
1609 1613 12.382735
1602 1614 11.638648
1601 1615 0.424738
1615 1616 11.125340999999999
1615 1617 11.831831
1600 1618 10.529674
1595 1619 0.323318
1619 1620 10.082372000000001
1619 1621 10.175182000000001
1524 1622 0.046404
1622 1623 0.11588799999999999
1623 1624 10.333988
1623 1625 10.331134
1622 1626 0.19111899999999998
1626 1627 9.949417
1626 1628 10.375872999999999
657 1629 0.151147
1629 1630 0.072786
1630 1631 0.138342
1631 1632 0.056317
1632 1633 9.961593
1632 1634 9.891143
1631 1635 10.038402
1630 1636 0.089556
1636 1637 0.204809
1637 1638 0.118719
1638 1639 10.351039
1638 1640 0.494991
1640 1641 10.450916000000001
1640 1642 9.806638
1637 1643 10.538068
1636 1644 9.854371
1629 1645 0.068596
1645 1646 0.11244799999999999
1646 1647 0.047998
1647 1648 9.85486
1647 1649 10.065156
1646 1650 10.046835
1645 1651 0.41032300000000005
1651 1652 10.056700000000001
1651 1653 9.260507
656 1654 10.205745
617 1655 0.092489
1655 1656 10.111628
1655 1657 0.39274899999999996
1657 1658 10.255011999999999
1657 1659 10.889118999999999
604 1660 3.821729
1660 1661 7.864869
1660 1662 8.590588
567 1663 0.47194200000000003
1663 1664 0.541668
1664 1665 11.650279
1664 1666 12.811456
1663 1667 11.437155
566 1668 0.387637
1668 1669 0.792581
1669 1670 10.977979
1669 1671 11.767226
1668 1672 11.435674
561 1673 11.986569
560 1674 0.093457
1674 1675 12.728482
1674 1676 13.200877
559 1677 0.133603
1677 1678 0.11918000000000001
1678 1679 0.410253
1679 1680 12.276966999999999
1679 1681 12.402723
1678 1682 0.251701
1682 1683 12.910062
1682 1684 12.207840000000001
1677 1685 0.217292
1685 1686 0.317622
1686 1687 14.025599
1686 1688 1.815123
1688 1689 11.563827999999999
1688 1690 13.700830999999999
1685 1691 0.020169
1691 1692 13.675673999999999
1691 1693 0.438316
1693 1694 14.343494000000002
1693 1695 0.47236500000000003
1695 1696 12.970643
1695 1697 15.689732000000001
558 1698 0.15799
1698 1699 13.152738
1698 1700 0.10699600000000001
1700 1701 0.255843
1701 1702 13.639854000000001
1701 1703 13.186844
1700 1704 14.144931
527 1705 0.057509
1705 1706 0.15694
1706 1707 0.363248
1707 1708 12.517075
1707 1709 13.934178999999999
1706 1710 13.090995
1705 1711 0.703015
1711 1712 12.082510000000001
1711 1713 13.550557
526 1714 0.360173
1714 1715 0.447132
1715 1716 0.152147
1716 1717 14.278901
1716 1718 15.161280999999999
1715 1719 0.102093
1719 1720 0.228135
1720 1721 13.706365000000002
1720 1722 14.107024000000001
1719 1723 0.212649
1723 1724 0.116562
1724 1725 0.5002989999999999
1725 1726 0.17440699999999998
1726 1727 14.438790000000001
1726 1728 15.394857
1725 1729 14.941510999999998
1724 1730 0.6636839999999999
1730 1731 13.623586
1730 1732 12.90258
1723 1733 0.092836
1733 1734 0.8060950000000001
1734 1735 13.097934
1734 1736 15.176057000000002
1733 1737 14.231710999999999
1714 1738 0.256889
1738 1739 13.572277999999999
1738 1740 13.254420999999999
513 1741 13.684031
512 1742 12.872096999999998
511 1743 12.214759
510 1744 0.343077
1744 1745 13.012213000000001
1744 1746 12.473230000000001
509 1747 0.171286
1747 1748 0.049514999999999997
1748 1749 0.217133
1749 1750 13.955102
1749 1751 0.07288900000000001
1751 1752 12.00387
1751 1753 12.096299
1748 1754 0.48669999999999997
1754 1755 12.075818
1754 1756 12.385917000000001
1747 1757 0.181119
1757 1758 12.689003
1757 1759 12.282485999999999
508 1760 0.302132
1760 1761 14.896539
1760 1762 12.916849
503 1763 0.354757
1763 1764 13.903862
1763 1765 0.149717
1765 1766 13.085278
1765 1767 13.216421
502 1768 0.431143
1768 1769 15.067407
1768 1770 13.592967999999999
311 1771 0.22383
1771 1772 0.42864399999999997
1772 1773 13.347857
1772 1774 14.542069
1771 1775 0.162324
1775 1776 0.242815
1776 1777 13.095232000000001
1776 1778 13.057267
1775 1779 13.357232999999999
306 1780 15.300735
297 1781 0.496121
1781 1782 14.987906
1781 1783 16.282281
296 1784 15.138008
291 1785 0.34150600000000003
1785 1786 0.779225
1786 1787 17.630461999999998
1786 1788 16.273795999999997
1785 1789 0.812005
1789 1790 17.575362
1789 1791 18.28851
288 1792 0.201376
1792 1793 0.8102140000000001
1793 1794 0.8867999999999999
1794 1795 18.407164
1794 1796 20.100763
1793 1797 17.566857
1792 1798 0.158197
1798 1799 0.320098
1799 1800 17.329743999999998
1799 1801 0.423183
1801 1802 20.29503
1801 1803 18.123102
1798 1804 18.30594
287 1805 0.285618
1805 1806 20.692726999999998
1805 1807 0.36514
1807 1808 0.197657
1808 1809 18.35648
1808 1810 1.487605
1810 1811 20.988004
1810 1812 20.269129
1807 1813 0.10167799999999999
1813 1814 0.22309600000000002
1814 1815 0.641483
1815 1816 18.63022
1815 1817 22.161144999999998
1814 1818 0.612422
1818 1819 22.767171
1818 1820 0.136695
1820 1821 0.568949
1821 1822 20.939029
1821 1823 20.318104
1820 1824 19.408402
1813 1825 0.40012
1825 1826 18.189189
1825 1827 19.960257000000002
282 1828 17.962858
279 1829 18.204208
278 1830 0.218505
1830 1831 0.312334
1831 1832 17.336351999999998
1831 1833 18.35484
1830 1834 19.282152999999997
99 1835 1.461766
1835 1836 1.6289959999999999
1836 1837 0.25425000000000003
1837 1838 0.6692659999999999
1838 1839 1.002848
1839 1840 1.194721
1840 1841 0.616069
1841 1842 3.892105
1842 1843 17.977014
1842 1844 18.059977999999997
1841 1845 24.934952
1840 1846 0.724699
1846 1847 21.791399
1846 1848 26.429253000000003
1839 1849 0.516728
1849 1850 0.420856
1850 1851 0.324693
1851 1852 5.400197
1852 1853 22.041012
1852 1854 22.957873
1851 1855 1.263024
1855 1856 3.8731630000000004
1856 1857 51.509001
1856 1858 37.387439
1855 1859 8.482481
1859 1860 40.939974
1859 1861 43.705194000000006
1850 1862 0.387459
1862 1863 0.625308
1863 1864 9.299098
1864 1865 27.716623000000002
1864 1866 31.922942999999997
1863 1867 2.762911
1867 1868 45.114299
1867 1869 2.645211
1869 1870 35.845595
1869 1871 1.297842
1871 1872 1.472241
1872 1873 44.126253
1872 1874 1.6921300000000001
1874 1875 40.889255000000006
1874 1876 42.328616000000004
1871 1877 39.066618
1862 1878 1.308876
1878 1879 30.878538
1878 1880 34.194548000000005
1849 1881 0.211536
1881 1882 0.056826
1882 1883 1.1772960000000001
1883 1884 0.593265
1884 1885 33.130699
1884 1886 1.1709239999999999
1886 1887 34.507379
1886 1888 28.672230999999996
1883 1889 29.102375000000002
1882 1890 0.439075
1890 1891 0.615013
1891 1892 26.937486
1891 1893 1.364752
1893 1894 28.644496000000004
1893 1895 24.576919999999998
1890 1896 0.57423
1896 1897 0.5202789999999999
1897 1898 24.866493000000002
1897 1899 27.697788000000003
1896 1900 29.229312
1881 1901 0.7997519999999999
1901 1902 25.07036
1901 1903 26.626474
1838 1904 0.892751
1904 1905 26.534502999999997
1904 1906 1.052053
1906 1907 0.596818
1907 1908 0.881815
1908 1909 1.262993
1909 1910 41.399213
1909 1911 1.436091
1911 1912 0.68426
1912 1913 0.9974770000000001
1913 1914 1.913683
1914 1915 43.220462
1914 1916 0.7241690000000001
1916 1917 0.161442
1917 1918 1.327409
1918 1919 2.670204
1919 1920 34.512268
1919 1921 44.103507
1918 1922 34.039905
1917 1923 35.264176000000006
1916 1924 37.130699
1913 1925 0.43770600000000004
1925 1926 1.234538
1926 1927 1.530934
1927 1928 37.732216
1927 1929 1.024423
1929 1930 35.345017
1929 1931 41.20142
1926 1932 2.499648
1932 1933 43.319207
1932 1934 35.147149
1925 1935 0.554238
1935 1936 37.008160000000004
1935 1937 35.122757
1912 1938 32.605668
1911 1939 0.50915
1939 1940 37.94681
1939 1941 1.370906
1941 1942 32.673544
1941 1943 30.756012
1908 1944 2.018119
1944 1945 45.5875
1944 1946 35.607296
1907 1947 30.882293
1906 1948 0.454009
1948 1949 28.173137999999998
1948 1950 1.035925
1950 1951 0.87476
1951 1952 1.363282
1952 1953 30.806685
1952 1954 2.049687
1954 1955 34.693436999999996
1954 1956 48.524435
1951 1957 29.977468000000002
1950 1958 27.243899
1837 1959 24.825316
1836 1960 0.965711
1960 1961 0.785267
1961 1962 1.223722
1962 1963 1.1188989999999999
1963 1964 31.757279999999998
1963 1965 1.682994
1965 1966 31.100085999999997
1965 1967 0.802284
1967 1968 41.200545
1967 1969 1.192213
1969 1970 1.067236
1970 1971 35.809485
1970 1972 41.029627000000005
1969 1973 36.170199
1962 1974 28.671440999999998
1961 1975 0.6250600000000001
1975 1976 27.309450000000002
1975 1977 35.248631
1960 1978 26.204241
1835 1979 26.337864
98 1980 0.362289
1980 1981 0.21237999999999999
1981 1982 22.192881
1981 1983 24.802941
1980 1984 21.299919
97 1985 0.19590100000000002
1985 1986 0.263105
1986 1987 19.863896
1986 1988 19.275881000000002
1985 1989 23.367299
96 1990 0.676518
1990 1991 21.907733
1990 1992 22.405002
9 1993 27.669324
8 1994 0.650771
1994 1995 29.056384
1994 1996 26.737457999999997
1 1997 34.757811
1 1998 30.315275000000003
