23780 4
19139 6
14118 7
31184 11
16020 13
28344 15
21164 17
1690 19
17459 21
20973 23
28727 26
13416 27
7155 30
21259 32
19002 33
5274 35
23597 39
18825 42
13911 44
14989 45
5713 46
24193 47
21226 54
3567 55
10888 56
20724 58
21799 60
18740 61
23161 63
12442 66
29948 68
8711 69
11357 70
30704 72
3992 74
18915 75
1055 81
25519 82
6113 83
29462 86
16791 87
20754 88
12189 89
27974 93
22958 94
8745 95
1560 106
2977 107
29763 109
29117 110
26736 114
31456 115
19665 116
7965 117
12730 120
19030 121
18824 126
12220 127
9314 128
16135 133
18723 139
13015 140
5270 141
8768 142
30494 144
7022 145
3047 149
10265 150
27375 151
21720 152
26288 154
18067 155
20271 157
15896 158
28789 162
17934 163
12223 164
4986 166
21890 168
9999 170
14349 171
24485 173
26127 174
23556 176
11398 177
29816 188
9976 190
3148 191
21880 192
26866 197
3943 198
19664 199
26198 201
25106 202
14946 204
18053 206
6681 208
2850 209
10907 215
2125 216
22346 219
7106 220
29149 221
7550 226
10402 227
24984 228
9041 229
20813 231
31278 232
25137 235
31420 236
17717 237
22792 240
20681 241
16814 243
3318 244
31349 246
25573 247
12700 251
16641 253
7226 254
15879 255
2089 258
20946 259
2174 262
187 264
31177 265
2592 266
15175 267
27746 270
20231 271
15945 272
16801 275
30887 276
16594 277
27415 281
31342 285
5585 286
3493 290
14167 294
29220 295
7429 299
11625 301
3237 303
28073 305
22360 308
27676 310
18441 317
4349 318
28431 320
14448 322
7693 323
3228 325
4009 326
11300 331
13719 333
28407 334
9260 337
10187 338
8985 343
10247 344
26151 351
30880 352
9713 355
7225 356
2259 357
20219 358
12887 359
17433 362
26254 363
12336 364
6313 366
22604 368
3492 370
17786 371
5731 374
30266 375
20732 376
28592 378
13605 379
22208 382
4821 383
21969 384
1325 388
10418 389
9036 392
25727 393
25472 397
1377 398
14243 402
6597 403
1907 405
15519 406
20819 407
989 409
1342 410
3851 412
11020 415
8354 416
20174 417
17243 425
15787 426
15962 427
15990 429
12305 430
22665 432
29739 434
3373 435
26694 439
24906 440
16532 443
28126 444
789 447
27148 448
20124 449
20071 453
325 455
787 456
30735 457
9538 465
16848 466
14832 467
5778 470
22199 471
7787 473
21213 474
10708 475
17667 477
24023 479
8096 480
28643 482
30670 483
23105 485
21949 487
31025 489
24579 490
2774 493
21381 494
5828 495
29560 498
6316 499
2357 501
24293 506
518 507
10970 518
23593 520
24535 521
25464 522
20397 524
9593 525
26527 532
29867 534
10353 535
3388 538
1946 539
10399 540
4782 542
5716 543
9003 546
30265 548
17604 549
12290 552
19165 553
23354 556
8546 557
3549 564
2980 565
29259 573
10452 574
30039 575
15343 576
8600 578
29527 579
6248 585
13162 586
14952 588
27498 589
16488 590
26697 593
4552 594
20682 597
21768 598
13267 600
5182 602
2363 603
18902 607
18508 608
5960 612
3483 613
22220 614
1795 616
10066 622
7710 624
20485 625
19032 630
15045 631
12913 633
22820 634
29082 637
14188 638
17350 641
6813 642
5610 645
22498 646
5354 647
5485 650
28444 651
27859 652
8274 654
30773 655
22007 664
12421 665
1424 667
17421 669
12999 671
18739 672
29927 674
5635 675
6381 678
5083 679
12082 680
30578 683
23209 684
7506 688
1708 689
15334 691
17397 693
7122 695
297 696
13458 706
21130 707
26809 712
18612 715
11339 716
23896 718
12106 719
1329 721
20544 722
19316 724
21166 727
14753 728
27886 733
24492 734
8606 735
2316 738
15533 739
19387 741
8185 743
24209 744
17474 745
14480 754
14199 758
28308 759
15100 762
8503 765
9605 766
18295 769
31164 770
10421 772
10335 774
19353 775
30729 781
16099 783
24646 784
2043 787
11923 789
30807 790
10537 792
10513 794
9454 796
31246 798
29398 799
22926 802
26913 805
3490 806
28481 808
2380 809
5715 811
6111 813
10303 814
28940 820
30605 821
11232 825
25577 828
9628 829
2261 831
1098 832
2386 834
25109 835
17444 837
25447 838
11729 842
21914 843
22375 846
23812 847
798 849
24586 850
12873 853
25460 854
24966 856
284 857
17425 864
15291 865
14747 866
3358 869
18377 870
21258 871
24397 880
24498 882
11962 883
27083 892
18063 893
302 897
4809 902
14172 903
6696 904
7441 905
29336 906
29510 908
13929 910
17773 911
10815 913
27240 914
15154 916
31414 918
14047 919
13847 921
1021 924
23235 926
13266 927
15419 928
8959 930
3617 931
30208 937
17676 939
13597 940
16131 946
13120 947
13000 948
12822 951
8849 955
27938 960
15735 961
10508 962
5339 964
21684 965
27565 968
17903 969
25467 971
19787 972
26436 973
5178 974
6511 975
24220 978
3234 980
5516 981
21873 984
24456 985
25719 986
24104 990
25932 991
26192 992
6129 993
29169 997
17586 999
10022 1000
14513 1002
14612 1003
20736 1005
28700 1008
11105 1010
10321 1011
9777 1015
17295 1016
12309 1017
25892 1020
5168 1021
26646 1023
30394 1024
26696 1033
6771 1035
5694 1036
12600 1037
26844 1038
19850 1039
19225 1043
31450 1045
25256 1046
11201 1048
28280 1049
750 1053
20390 1054
20199 1056
14878 1057
10769 1060
24511 1061
14376 1064
15547 1065
22221 1066
29231 1067
8908 1068
20842 1069
19218 1070
5542 1071
17001 1072
16127 1075
4035 1077
27904 1078
6215 1081
25066 1082
28846 1087
900 1088
22454 1091
21181 1092
25338 1095
27693 1096
12925 1098
26798 1099
31098 1101
25099 1102
9594 1103
10601 1104
10329 1106
6873 1107
1170 1109
30417 1110
6048 1112
4094 1115
23168 1116
2986 1122
20287 1123
11081 1124
1680 1127
26788 1128
27716 1130
21031 1135
11533 1136
27171 1137
24068 1138
25518 1141
2369 1142
31383 1147
20748 1148
1897 1150
15016 1153
28725 1154
24821 1157
27983 1158
20904 1160
25357 1162
12936 1163
19243 1165
21920 1166
5326 1168
1454 1169
6106 1171
20749 1172
7904 1173
22584 1175
11171 1176
6662 1178
22764 1179
31516 1181
14316 1184
6470 1185
25443 1188
27142 1190
27828 1191
15582 1192
5788 1197
20678 1198
14138 1200
11029 1201
29488 1203
3012 1204
22492 1207
15043 1208
4536 1209
26176 1213
18241 1216
28343 1218
18992 1219
3034 1222
20423 1223
22781 1224
20158 1227
24136 1228
3612 1229
26057 1232
26822 1234
23799 1235
30526 1237
30519 1238
14530 1240
5658 1243
436 1244
26652 1245
1285 1246
28951 1247
6383 1250
483 1251
22664 1252
21376 1258
23285 1260
13395 1261
28132 1263
28645 1264
13100 1265
16854 1270
710 1271
9933 1272
9184 1275
26427 1276
11341 1278
3646 1280
4926 1281
14754 1282
28382 1283
23212 1287
9060 1291
20221 1292
26965 1293
17572 1294
64 1295
31063 1298
1044 1300
20393 1301
30218 1303
8176 1304
6504 1307
31523 1309
12000 1310
2436 1313
22118 1314
14224 1315
28451 1317
2504 1318
27509 1319
17365 1322
14119 1323
6413 1324
10393 1330
28891 1331
2364 1332
735 1337
18382 1339
22488 1340
10361 1341
30465 1342
25733 1343
7263 1346
794 1347
25609 1349
26852 1350
31024 1351
9658 1356
13757 1357
10251 1358
26966 1365
16282 1367
29788 1368
4484 1370
24529 1371
26086 1373
25571 1374
30225 1377
22442 1378
19771 1382
9129 1383
2880 1385
6390 1386
5286 1388
8069 1389
2002 1395
12538 1396
2247 1398
11419 1399
28106 1402
8000 1403
28016 1405
11269 1406
11823 1409
20885 1410
5631 1413
17173 1416
22961 1417
18913 1418
11291 1420
12429 1421
22736 1426
8593 1427
14916 1428
21739 1431
7842 1432
13933 1434
14492 1435
17038 1440
30442 1443
7372 1444
29900 1445
21240 1446
11246 1448
445 1449
18932 1451
11319 1452
12167 1459
11510 1460
11283 1462
6749 1463
8964 1464
10861 1467
15880 1468
13671 1470
3015 1471
1741 1475
22290 1476
23904 1477
10868 1480
21974 1481
28161 1484
28860 1485
21382 1486
6479 1490
5561 1491
7642 1492
15670 1493
23091 1495
12589 1496
27405 1498
3844 1499
14438 1502
16662 1503
15005 1505
26330 1508
29694 1510
22698 1512
18236 1513
21822 1514
13269 1516
871 1517
1570 1521
28309 1522
5201 1523
24797 1528
5969 1533
8306 1535
28584 1536
28518 1537
3949 1540
11164 1542
15049 1543
3155 1545
24421 1546
22632 1547
3306 1551
26038 1555
29250 1558
19016 1559
7474 1561
22274 1562
21038 1564
30172 1567
1977 1568
26811 1570
10134 1573
1721 1574
31254 1575
22404 1577
15382 1580
1518 1581
14956 1582
29165 1585
5464 1586
2485 1587
944 1588
30990 1592
28625 1593
4899 1594
19193 1598
28750 1599
29187 1605
19569 1607
2057 1608
8442 1611
1826 1612
18043 1613
3481 1614
13792 1616
11631 1617
3721 1618
17878 1620
7537 1621
24962 1624
6560 1625
27244 1627
25992 1628
9163 1633
5777 1634
13906 1635
23298 1639
18995 1641
21270 1642
11969 1643
19369 1644
3998 1648
2950 1649
6620 1650
13450 1652
17832 1653
23656 1654
7123 1656
18710 1658
3711 1659
10263 1661
14024 1662
17989 1665
9618 1666
25887 1667
21962 1670
23686 1671
22163 1672
7886 1673
8943 1675
22074 1676
10972 1680
27039 1681
29741 1683
7345 1684
30071 1687
6258 1689
4157 1690
31076 1692
23795 1694
10008 1696
23090 1697
19257 1699
27167 1702
7543 1703
9473 1704
16316 1708
23318 1709
14748 1710
8385 1712
26549 1713
6778 1717
15457 1718
6831 1721
28468 1722
7384 1727
16843 1728
15847 1729
15074 1731
21172 1732
24507 1735
1752 1736
29218 1737
25810 1739
16084 1740
9565 1741
15536 1742
16933 1743
9526 1745
21064 1746
16237 1750
28541 1752
1547 1753
18327 1755
7583 1756
15417 1758
14071 1759
6439 1761
5472 1762
3855 1764
20615 1766
5049 1767
6968 1769
6472 1770
26132 1773
11770 1774
4183 1777
23401 1778
14023 1779
31417 1780
13519 1782
11321 1783
20384 1784
7330 1787
24409 1788
28697 1790
28990 1791
15361 1795
29789 1796
15933 1797
28050 1800
10727 1802
18779 1803
26259 1804
31324 1806
23232 1809
13945 1811
8970 1812
10378 1816
29831 1817
21471 1819
30500 1822
25560 1823
20677 1824
235 1826
9296 1827
15659 1828
17437 1829
23705 1832
27376 1833
25882 1834
11271 1843
17664 1844
20629 1845
3177 1847
13174 1848
4848 1853
30259 1854
4802 1857
30354 1858
24067 1860
22716 1861
4160 1865
17688 1866
7799 1868
3000 1870
15887 1873
19102 1875
29675 1876
6775 1877
29991 1879
4804 1880
29386 1885
13943 1887
29062 1888
27194 1889
24128 1892
6919 1894
28696 1895
23143 1898
30668 1899
15742 1900
27653 1902
17935 1903
16518 1905
10211 1910
20146 1915
13504 1920
14739 1921
9927 1922
16982 1923
17189 1924
18563 1928
6902 1930
11540 1931
28920 1933
9728 1934
13817 1936
18256 1937
21637 1938
618 1940
6060 1942
717 1943
5307 1945
14726 1946
16039 1947
26558 1949
23108 1953
19378 1955
23788 1956
16623 1957
29170 1958
7052 1959
30580 1964
2842 1966
11158 1968
28512 1971
15271 1972
23851 1973
9897 1974
13924 1976
8975 1977
321 1978
19327 1979
28978 1982
28102 1983
10597 1984
6577 1987
6804 1988
20337 1989
10568 1991
6305 1992
15438 1993
31 1995
30025 1996
242 1997
8432 1998
