7950 6
26085 9
36725 10
16487 11
10762 20
15948 21
27825 29
4138 31
32958 32
37538 33
33408 34
41689 38
7288 39
7025 44
40495 45
38241 46
41749 55
11110 58
27772 59
18006 60
27480 64
39216 65
23356 66
10195 69
16402 70
6155 71
42893 73
35213 74
8576 75
1218 76
16925 77
39127 84
3977 85
40337 88
14665 89
38886 92
15848 95
45067 96
6492 97
23039 100
10393 101
40917 115
17655 121
2728 123
19545 124
25131 132
9807 141
37899 145
20303 146
12270 148
25521 152
43907 154
2581 155
44503 159
17814 163
28280 164
16899 165
10028 170
25767 172
38220 192
18288 204
16356 206
30205 209
19938 210
39529 211
1165 212
26216 213
23698 214
31683 215
44507 216
11907 217
31291 218
4904 219
45063 220
11693 222
9134 223
31875 224
12714 225
11332 228
20674 229
7408 231
22246 232
8156 233
43787 235
26506 236
21233 239
4407 240
16745 241
4908 242
25704 243
42057 244
7188 245
18992 246
18742 247
16847 248
12402 250
194 251
5047 254
17677 257
5321 258
33017 260
654 261
17195 262
26683 264
41672 265
29806 266
41474 268
40814 269
15040 270
36135 271
17131 273
24 274
43928 275
1721 277
8198 278
42503 280
21828 281
33919 282
35216 283
12846 284
19774 285
41981 286
34861 287
14735 288
24488 289
1872 291
11539 292
12501 294
32372 295
32094 297
3299 298
13864 299
22624 302
20751 303
9470 304
16846 306
17156 307
31977 308
595 311
45164 312
29180 315
43080 318
19818 320
34873 321
41905 323
22280 324
39433 326
34102 327
32618 328
31706 330
19456 332
6465 333
45112 334
9715 336
4172 337
36224 341
17564 342
19209 346
4923 347
17065 348
2530 349
2794 350
22838 351
29314 352
16943 353
25140 357
3432 358
19645 360
26963 361
23188 362
12886 364
12255 365
8709 372
43638 373
24604 374
35902 375
43263 379
15532 380
35700 381
42202 382
14216 385
35743 387
24053 388
31967 389
41770 393
8214 394
44154 398
21105 399
16600 401
29984 403
36547 406
35567 407
29313 409
11274 411
3468 412
11103 417
31276 419
31491 420
19538 422
39142 424
25862 425
39778 426
32386 427
8858 429
24046 432
10826 433
17420 434
28500 437
20763 438
43712 439
27393 440
40342 443
29443 444
18684 445
29530 447
11068 448
23222 453
406 455
39719 456
14918 458
40104 459
84 461
9547 462
31169 463
20038 464
37221 466
17812 467
30101 470
29381 471
36381 472
6020 474
44943 476
7458 477
27163 480
3137 481
19646 485
5372 486
37393 487
19956 488
3749 490
27217 491
35100 494
23796 495
4752 498
18962 499
29983 505
27173 506
31372 507
24973 508
11283 510
6173 513
38056 514
8184 515
2293 517
15157 518
2642 520
1934 522
19766 523
34857 525
19179 526
16737 528
8636 529
42622 533
26348 534
3392 535
35508 536
1734 539
27656 540
8366 541
39996 544
19510 545
43099 547
27913 548
32205 560
15507 561
34037 564
32431 565
25769 566
4516 569
13632 571
4263 572
19422 574
22452 575
31297 578
28114 579
31745 583
39583 584
3016 585
5621 586
3015 589
3769 591
36608 592
11591 594
43474 596
7975 597
34004 601
18172 604
22912 605
27332 607
35418 608
11740 610
16228 611
37182 613
12699 614
8729 618
3281 619
21971 621
7217 622
39506 626
17330 628
156 630
5246 631
30823 632
31257 636
44110 638
3014 640
12829 641
19330 643
27992 644
28078 646
12246 648
36763 649
11251 652
34947 655
30662 657
31470 658
6109 664
15607 666
9933 667
21981 669
30976 671
44523 672
39494 674
11301 675
12789 676
26597 677
12004 678
38776 681
9644 683
26286 684
17979 686
35032 688
37213 689
27959 690
24213 692
28966 695
26656 696
17628 701
15644 702
6144 706
41456 708
40638 709
31638 710
4139 715
3929 725
9867 726
29312 729
37025 730
27727 732
23160 733
3814 737
41182 738
7817 742
23548 743
28390 744
42727 746
11607 747
30262 750
16568 751
11229 753
41506 754
24182 760
24870 761
29460 763
5610 764
8951 765
24724 767
38822 770
5145 771
35608 772
10789 781
44994 782
34471 785
35253 786
30938 793
25250 796
32295 797
14693 798
3997 799
14743 803
22608 804
18521 805
134 807
41525 808
41046 813
24575 814
25753 815
31680 817
45470 818
30486 823
36838 824
33932 826
31525 827
13503 829
32182 830
28945 833
7645 834
30851 837
39302 839
40101 840
18579 842
5757 843
21783 849
27820 850
19543 851
27419 856
6528 857
33492 859
20136 860
22105 862
13447 863
4068 867
8706 868
30329 869
10291 872
5996 874
8328 875
16444 876
42950 879
21748 881
31298 883
24927 884
41424 901
12181 902
262 904
34667 906
40850 907
15558 908
7460 909
1235 914
9519 915
23009 919
7064 920
26940 921
36846 923
2748 925
34025 926
28987 928
19717 929
28097 930
2251 938
13542 939
36416 940
26382 946
40750 947
25666 948
29645 950
25016 951
7634 962
10799 963
23042 964
45234 968
14945 969
31286 982
21995 984
4202 985
829 989
16935 991
22741 992
18646 998
10908 999
37053 1001
659 1002
5663 1006
20228 1008
35583 1012
44997 1013
19363 1015
12616 1016
31956 1022
6347 1023
7811 1028
22112 1029
38912 1031
3719 1032
31499 1033
23172 1034
13052 1035
2619 1036
21258 1039
24442 1040
42824 1042
29101 1043
44647 1044
570 1048
43943 1051
16382 1052
42904 1053
40484 1056
30084 1057
4079 1060
20442 1061
3030 1062
40122 1066
31352 1067
23456 1068
15623 1071
31057 1075
21521 1076
6643 1077
5389 1078
32422 1083
3076 1084
8813 1085
42287 1089
15530 1091
39993 1092
42878 1099
16731 1100
44348 1102
10450 1103
4082 1104
23598 1106
14180 1107
2567 1110
10062 1114
13904 1115
1480 1116
28890 1118
20425 1119
3190 1128
11334 1132
39867 1133
1506 1134
20762 1137
42629 1138
19932 1141
30530 1142
44217 1148
38881 1149
21616 1150
13311 1152
8380 1153
36790 1155
42899 1156
40056 1159
3775 1160
33110 1165
19284 1166
17916 1167
9406 1171
36452 1172
45055 1173
32919 1174
20353 1177
31206 1178
17440 1179
19515 1184
20031 1185
10371 1186
1416 1189
45015 1194
6318 1195
29673 1196
5233 1197
31642 1202
27422 1203
9145 1204
15089 1205
26498 1209
37293 1210
20287 1213
18611 1215
24005 1216
22062 1217
42169 1218
36510 1219
11536 1221
3645 1222
7347 1224
26428 1227
29282 1230
25734 1231
23713 1232
25275 1233
17220 1239
9666 1243
33694 1244
41277 1245
21270 1248
30007 1250
18570 1251
5211 1252
33092 1253
25060 1254
3853 1257
22390 1258
31796 1259
40277 1260
3474 1262
19210 1263
9460 1268
36094 1269
9239 1271
6582 1272
29607 1275
30216 1276
20959 1277
38951 1282
22522 1284
42187 1285
29680 1288
17019 1290
14499 1291
29886 1292
43071 1293
32426 1294
4819 1298
2931 1300
10029 1301
44935 1302
29266 1303
43454 1305
13469 1307
8482 1308
30443 1311
4131 1312
34325 1314
5036 1315
13635 1319
13664 1322
15327 1323
16102 1325
21480 1326
27198 1327
24144 1331
2486 1332
18828 1333
25981 1334
45026 1336
27564 1338
20418 1339
14789 1341
20248 1342
31228 1344
31287 1345
8124 1346
38756 1348
27537 1350
27054 1351
43160 1354
10719 1355
24149 1356
31425 1358
36091 1359
28471 1362
3383 1363
9736 1365
8541 1366
26204 1368
36635 1369
15834 1372
10470 1374
25079 1375
9602 1378
683 1379
12099 1382
5752 1383
18923 1385
18213 1387
34067 1388
30211 1390
21579 1391
24189 1394
11592 1395
7072 1396
415 1397
2980 1398
9739 1400
11596 1402
23351 1403
30681 1406
13049 1407
40844 1408
33999 1416
33164 1417
5745 1418
22841 1421
15305 1422
2616 1424
271 1426
13753 1427
41843 1431
24842 1432
24469 1433
39866 1434
18832 1437
33211 1439
1665 1440
8707 1442
4891 1443
39635 1444
41403 1448
5551 1449
41554 1450
16313 1453
8484 1454
19894 1455
40258 1460
15152 1462
28702 1463
34107 1464
43793 1465
14553 1468
12851 1469
28243 1470
25340 1473
14914 1474
37087 1476
27247 1477
5882 1481
26326 1484
14700 1485
2154 1488
36685 1489
6540 1490
35898 1491
11658 1492
41880 1494
32531 1495
27855 1497
30180 1498
29056 1501
12700 1502
41782 1503
25469 1505
7895 1509
43415 1510
37931 1511
17711 1514
39692 1515
26583 1516
26180 1519
27278 1520
26319 1524
35010 1525
11579 1526
32388 1527
7529 1530
24537 1531
31679 1534
11378 1535
11158 1536
32323 1539
8644 1540
17272 1544
15342 1545
16437 1546
24807 1547
23051 1548
16912 1551
503 1552
12085 1553
14201 1554
32952 1561
40311 1562
6863 1564
12661 1565
2377 1566
20239 1568
32256 1569
43296 1571
36393 1572
44164 1575
19272 1576
20656 1577
7053 1580
6682 1581
9069 1582
3723 1588
17331 1589
7030 1591
4178 1592
24867 1594
17444 1596
7502 1597
2177 1600
21337 1602
1814 1603
3038 1605
4066 1606
19364 1608
3503 1609
10290 1612
33526 1613
4246 1615
21613 1616
15677 1618
39786 1619
18569 1624
14861 1626
43520 1627
22125 1630
32992 1631
11202 1633
20836 1635
40661 1637
34041 1638
18997 1640
25276 1641
1369 1644
26182 1645
25098 1647
25829 1649
19477 1650
6912 1656
14190 1657
12513 1658
23238 1661
16645 1662
13019 1663
33856 1665
14901 1666
23079 1672
38997 1673
3737 1675
44494 1678
19388 1679
3347 1680
25523 1683
43400 1684
29678 1685
26538 1688
16515 1692
30858 1693
40043 1696
3286 1697
28355 1699
39961 1700
44960 1702
42359 1704
37029 1706
9836 1707
16406 1712
3157 1713
27624 1714
28398 1719
10821 1721
29052 1722
6557 1725
18921 1726
14524 1727
11512 1732
27335 1734
151 1735
31185 1736
22658 1738
9075 1739
18726 1743
2672 1744
28290 1746
2379 1747
21789 1749
2374 1750
40519 1752
7110 1754
43612 1755
15990 1758
20285 1759
28225 1761
37862 1762
42262 1764
8864 1765
23410 1770
6804 1771
29582 1772
31111 1775
38105 1776
40471 1778
39717 1779
43597 1781
34335 1782
43667 1784
794 1786
19857 1787
43561 1791
39080 1793
44572 1794
32462 1796
8122 1797
14085 1798
6504 1801
12906 1803
3011 1804
23658 1808
34657 1809
9533 1811
42631 1812
7121 1816
10755 1817
31283 1818
35836 1821
44894 1824
11773 1825
6665 1826
27225 1827
7676 1833
27664 1835
26426 1836
34374 1837
37499 1838
31927 1839
26573 1842
37183 1843
13692 1845
5111 1847
35807 1849
39661 1850
899 1852
16181 1853
5268 1856
43637 1857
15312 1858
13003 1859
31264 1864
8643 1867
26124 1868
19434 1869
17259 1871
10242 1872
34628 1876
42219 1877
8163 1878
6785 1880
28046 1881
27582 1884
2107 1885
16544 1887
39576 1888
4691 1890
27909 1891
15252 1895
917 1896
20140 1897
41676 1901
34083 1903
41258 1904
39654 1905
24326 1909
10831 1910
12761 1911
36791 1913
39727 1914
5062 1918
15448 1919
41953 1922
16611 1923
42395 1924
17960 1927
4937 1928
44950 1929
24058 1932
19606 1933
2337 1935
13399 1936
23028 1938
40815 1939
34458 1942
28589 1944
26606 1945
2714 1948
28741 1949
16265 1951
44169 1955
29026 1956
15872 1958
1990 1959
4665 1962
44111 1963
19370 1965
43232 1966
13171 1969
10652 1970
5160 1972
33693 1973
36290 1977
13103 1978
954 1980
40616 1981
43541 1984
35432 1987
28147 1988
2383 1989
16989 1991
3772 1992
18938 1993
42134 1994
43492 1996
7038 1997
23948 1998
