1 2 0.691066
2 3 999.495694
2 4 0.373359
4 5 0.395455
5 6 2.036342
6 7 2.5686959999999996
7 8 4.3336939999999995
8 9 5.881303
9 10 8.359804
10 11 12.814505
11 12 45.944147
12 13 368.09681900000004
13 14 1
13 15 601.159929
12 16 954.0530269999999
11 17 631.938615
17 18 333.617979
18 19 38.348815
18 20 86.848248
17 21 314.276154
10 22 991.6403
9 23 994.1326359999999
8 24 993.8686710000001
24 25 1.769298
24 26 1.769298
7 27 997.433805
6 28 998.189094
5 29 999.2512879999999
4 30 0.177256
30 31 0.11059500000000001
31 32 0.481396
32 33 10.94567
33 34 166.230953
34 35 833.759969
34 36 809.358266
33 37 40.79287
37 38 310.48566800000003
38 39 156.092448
39 40 619.776858
39 41 444.555661
38 42 431.234463
42 43 114.31211800000001
42 44 171.045172
44 45 32.665137
44 46 60.574665
46 47 139.027243
46 48 1
37 49 54.599814
49 50 328.258154
50 51 70.704201
51 52 72.669313
51 53 395.593862
53 54 496.489757
53 55 1
50 56 686.119413
49 57 906.1023029999999
32 58 0.809961
58 59 797.949016
59 60 159.265414
60 61 113.98687199999999
60 62 1
59 63 202.74277999999998
58 64 1.370006
64 65 7.523479
65 66 768.6911580000001
66 67 237.05147700000003
66 68 210.53043300000002
65 69 10.975200000000001
69 70 27.142717
70 71 305.96988899999997
71 72 633.977101
71 73 503.872252
70 74 972.8569719999999
69 75 989.0248330000001
64 76 699.461081
76 77 302.720978
76 78 295.633761
31 79 0.055923
79 80 0.043371
80 81 0.009455
81 82 0.019118
82 83 0.0035299999999999997
83 84 0.004494
84 85 0.038875
85 86 11.215535000000001
86 87 263.294629
87 88 294.381995
88 89 156.53880600000002
88 90 327.079705
90 91 175.16714900000002
90 92 315.390894
92 93 254.404786
92 94 188.682418
87 95 736.675292
86 96 68.066065
96 97 909.396697
96 98 931.9650599999999
85 99 0.093402
99 100 0.157667
100 101 0.175076
101 102 0.211247
102 103 0.211911
103 104 0.649085
104 105 999.3509839999999
104 106 1.6992340000000001
106 107 2.9709280000000002
107 108 2.971009
108 109 997.029026
108 110 2.970974
110 111 2.970975
111 112 2.970974
112 113 997.0290269999999
112 114 2.970973
114 115 1
114 116 997.0290269999999
111 117 997.029026
110 118 997.0290249999999
107 119 997.028991
106 120 998.300765
103 121 999.788401
102 122 999.7880889999999
101 123 828.0370429999999
123 124 171.73381700000002
123 125 171.841073
100 126 849.091013
126 127 150.753698
126 128 150.754176
99 129 999.903269
84 130 0.005916
130 131 0.002257
131 132 0.005324
132 133 326.732239
133 134 673.272201
133 135 512.400846
135 136 1
135 137 487.599154
132 138 0.0142
138 139 0.019922000000000002
139 140 135.290298
140 141 560.625977
141 142 168.79723099999998
141 143 439.394199
140 144 864.656404
139 145 0.051452
145 146 0.089865
146 147 106.16237500000001
147 148 894.0762129999999
147 149 893.419901
146 150 0.160724
150 151 0.715966
151 152 999.2841430000001
151 153 0.7834570000000001
153 154 2.346753
154 155 997.653248
154 156 3.1835950000000004
156 157 5.972937
157 158 9.298412
158 159 11.064448
159 160 34.005954
160 161 124.606463
161 162 1
161 163 875.3935329999999
160 164 642.243003
164 165 334.636899
164 166 312.865188
159 167 988.9355509999999
158 168 990.7015839999999
157 169 994.027064
156 170 44.353445
170 171 948.9342260000001
170 172 955.991663
153 173 999.216557
150 174 402.435701
174 175 598.1310080000001
174 176 596.675652
145 177 2.622232
177 178 36.321741
178 179 39.031403999999995
179 180 154.336434
180 181 803.542648
180 182 256.98231599999997
182 183 438.08910900000006
183 184 1
183 185 119.76769300000001
182 186 281.568576
179 187 58.943811000000004
187 188 219.62843099999998
188 189 597.95644
188 190 490.78366400000004
190 191 66.111581
190 192 629.543737
187 193 793.7136340000001
193 194 1
193 195 223.99108600000002
178 196 963.8110149999999
177 197 997.2057810000001
138 198 29.505924999999998
198 199 61.604492
199 200 938.396066
199 201 558.3461159999999
201 202 259.426799
201 203 252.693856
203 204 122.967246
204 205 103.76272200000001
205 206 134.28236
206 207 84.555357
207 208 42.147373
207 209 405.16860899999995
206 210 238.59202299999998
205 211 48.623787
204 212 1
203 213 1.917141
198 214 779.855036
214 215 70.833645
215 216 75.59795700000001
216 217 2.1989959999999997
216 218 1.1598169999999999
215 219 55.251797999999994
219 220 21.136328
219 221 75.04839199999999
214 222 220.08392300000003
131 223 0.0025009999999999998
223 224 0.00122
224 225 999.9997920000001
224 226 0.000208
226 227 0.000133
227 228 999.9999819999999
227 229 1.8e-05
229 230 999.9999929999999
229 231 7.000000000000001e-06
231 232 999.999998
231 233 2e-06
233 234 1000.0
233 235 1
235 236 1
236 237 1
237 238 1
238 239 1
239 240 1
240 241 1000.0
240 242 1
242 243 1
243 244 1000.0
243 245 1
245 246 1
246 247 1000.0
246 248 1
248 249 1
249 250 1
250 251 1000.0
250 252 1000.0
249 253 1000.0
248 254 1000.0
245 255 1000.0
242 256 1000.0
239 257 1000.0
238 258 883.0940509999999
258 259 116.90594899999999
258 260 116.90594899999999
237 261 1000.0
236 262 1000.0
235 263 1000.0
226 264 72.099795
264 265 927.900245
264 266 927.899899
223 267 0.020546000000000002
267 268 709.15675
268 269 290.845004
268 270 290.800163
267 271 0.040327
271 272 0.047424
272 273 0.081517
273 274 49.41149
274 275 950.198851
274 276 362.730028
276 277 637.5776659999999
276 278 185.52972400000002
278 279 185.317558
279 280 130.67507700000002
280 281 1
280 282 35.983408
279 283 1
278 284 472.50632699999994
273 285 0.723302
285 286 0.879543
286 287 2.488175
287 288 15.31886
288 289 42.004871
289 290 124.580659
290 291 892.042554
290 292 778.4046649999999
289 293 242.157731
293 294 646.975909
293 295 723.940921
288 296 978.6702760000001
287 297 3.049845
297 298 18.376464000000002
298 299 981.6235259999999
298 300 24.468870000000003
300 301 34.164961
301 302 512.6495669999999
302 303 330.810569
303 304 81.88396999999999
303 305 70.384028
305 306 6.946541000000001
305 307 15.3116
302 308 1
301 309 965.834932
300 310 975.531149
297 311 996.9502170000001
286 312 999.120981
285 313 999.275838
272 314 724.724897
314 315 275.364618
314 316 275.09077
271 317 999.959815
130 318 0.015057
318 319 0.019519
319 320 0.083225
320 321 999.855785
320 322 0.13964100000000002
322 323 0.127991
323 324 0.229639
324 325 1.897913
325 326 10.118541
326 327 14.428719000000001
327 328 21.98741
328 329 211.60833399999999
329 330 362.80534800000004
330 331 219.864214
331 332 203.63691799999998
331 333 226.274125
330 334 1
329 335 788.368823
328 336 978.0125610000001
327 337 985.5713039999999
326 338 989.8813929999999
325 339 273.396035
339 340 322.82837
340 341 126.36158900000001
340 342 674.898718
339 343 482.82579200000004
343 344 173.283881
343 345 313.131673
324 346 0.659086
346 347 1.553148
347 348 160.460614
348 349 835.479536
348 350 840.605105
347 351 1.585272
351 352 677.421423
352 353 325.874174
352 354 316.78067699999997
351 355 13.068416
355 356 12.179225
356 357 104.40659400000001
357 358 842.7929929999999
358 359 36.972217
358 360 1
357 361 890.0001809999999
356 362 26.823860999999997
362 363 132.974866
363 364 765.679717
363 365 866.7498009999999
362 366 38.317102
366 367 330.87474499999996
367 368 78.828239
367 369 669.1252440000001
366 370 976.3147119999999
355 371 986.931552
346 372 151.209569
372 373 849.222035
372 374 845.8355470000001
323 375 59.694455999999995
375 376 899.7286580000001
376 377 1
376 378 99.257303
375 379 940.6849689999999
322 380 67.216369
380 381 428.51402199999995
381 382 571.410531
381 383 436.436971
380 384 932.9217480000001
319 385 0.033606
385 386 0.8623890000000001
386 387 1.236813
387 388 339.612667
388 389 543.0232980000001
389 390 94.626649
390 391 360.761383
390 392 343.643871
389 393 1
388 394 661.334012
387 395 3.481459
395 396 18.354607
396 397 18.961015
397 398 899.7129120000001
398 399 80.882176
399 400 40.73005
399 401 53.896107
398 402 34.456595
397 403 508.744727
403 404 371.75881
403 405 421.273176
396 406 981.651844
395 407 7.492552
407 408 191.180548
408 409 809.490635
408 410 775.7591180000001
407 411 697.12086
411 412 307.472552
411 413 286.95500799999996
386 414 911.425169
414 415 86.793034
414 416 88.657807
385 417 0.365248
417 418 955.230188
418 419 44.871480000000005
418 420 43.949418
417 421 0.5728340000000001
421 422 1.507697
422 423 2.35766
423 424 2.969466
424 425 997.0305829999999
424 426 8.222804
426 427 22.652072
427 428 70.339221
428 429 99.92122
429 430 900.0786469999999
429 431 166.776997
428 432 929.660657
427 433 977.348141
426 434 337.85251600000004
434 435 646.9545079999999
434 436 660.893964
423 437 997.642531
422 438 165.952111
438 439 829.337955
438 440 369.26608500000003
440 441 633.935501
440 442 299.014945
421 443 999.43361
318 444 0.051236000000000004
444 445 0.100802
445 446 0.173535
446 447 0.8648060000000001
447 448 1.458049
448 449 2.7000509999999998
449 450 6.647124
450 451 138.607179
451 452 832.8243150000001
451 453 876.6671719999999
450 454 30.879918
454 455 181.821228
455 456 279.495142
456 457 658.4237350000001
456 458 434.69637
455 459 438.65586399999995
459 460 275.951918
459 461 140.647235
461 462 14.668360999999999
461 463 61.80820299999999
454 464 935.9623989999999
449 465 997.303327
448 466 76.154377
466 467 926.259471
466 468 918.501393
447 469 276.365513
469 470 724.409433
469 471 721.127213
446 472 999.8264750000001
445 473 999.899181
444 474 999.953751
83 475 0.011442
475 476 0.016842
476 477 0.009183
477 478 1.021884
478 479 2.761401
479 480 5.06135
480 481 87.16156099999999
481 482 745.690495
482 483 179.72126799999998
483 484 85.003487
484 485 1.4175460000000002
484 486 1.7606460000000002
486 487 0.071028
486 488 0.718309
483 489 85.947913
482 490 68.229874
481 491 889.292599
480 492 697.956483
492 493 161.12555
493 494 116.12080499999999
493 495 173.546146
492 496 132.703712
496 497 42.453496
497 498 52.021167999999996
497 499 146.272238
496 500 36.953114
500 501 13.98951
501 502 24.515257
502 503 6.087847
503 504 21.441865
504 505 54.802708
504 506 67.153604
503 507 81.709712
502 508 44.526683
501 509 69.320167
509 510 31.635866
510 511 47.713444
510 512 70.891293
512 513 41.814556
512 514 7.970715
509 515 26.125598
515 516 5.671886000000001
516 517 50.307221999999996
516 518 11.275148
515 519 29.069837
500 520 122.393277
520 521 7.20092
520 522 24.321607
479 523 70.141458
523 524 114.52644000000001
524 525 206.985025
525 526 97.32475600000001
526 527 191.754494
527 528 538.258783
528 529 1
528 530 5.3467340000000005
530 531 109.540596
530 532 125.24906200000001
527 533 206.406607
533 534 52.880908999999996
533 535 57.940656999999995
526 536 462.398702
525 537 722.096405
524 538 438.98116
538 539 188.240606
538 540 411.76937100000004
523 541 922.0572080000001
478 542 999.012973
477 543 0.018666000000000002
543 544 0.077644
544 545 0.279284
545 546 0.741316
546 547 1.508616
547 548 2.564822
548 549 997.435659
548 550 5.316034
550 551 8.810033
551 552 38.747071
552 553 40.110926
553 554 392.723825
554 555 1
554 556 270.60981499999997
556 557 304.914306
556 558 365.623361
553 559 959.889059
552 560 961.252946
551 561 642.117512
561 562 338.292208
562 563 102.36697500000001
562 564 1
561 565 310.398126
550 566 994.6856090000001
547 567 92.886026
567 568 908.786412
567 569 902.409226
546 570 789.356686
570 571 208.937486
570 572 211.19235999999998
545 573 682.9360740000001
573 574 276.16891
574 575 36.243797
574 576 44.458805
573 577 316.464485
544 578 0.739958
578 579 1.493653
579 580 747.651445
580 581 253.35872400000002
580 582 245.126699
582 583 5.589951
582 584 0.9224019999999999
579 585 1.950296
585 586 9.278356
586 587 9.796527
587 588 13.820098999999999
588 589 111.383996
589 590 299.010336
590 591 1
590 592 700.989735
589 593 413.474155
593 594 466.991256
594 595 21.744318
594 596 11.247736
593 597 466.796012
588 598 703.04642
598 599 205.199015
598 600 361.073732
587 601 401.00913299999996
601 602 432.569404
602 603 247.316484
602 604 1
601 605 626.1455179999999
586 606 960.4799119999999
606 607 48.463868
606 608 12.025036
585 609 998.043965
578 610 725.039839
610 611 126.702181
611 612 180.974052
611 613 88.39839699999999
613 614 7.774262
613 615 23.366164
615 616 19.86646
615 617 23.165867000000002
610 618 204.202563
618 619 103.659645
619 620 66.27060900000001
619 621 63.05518300000001
618 622 1
543 623 0.062989
623 624 0.515515
624 625 22.103749999999998
625 626 978.0095960000001
625 627 286.35463699999997
627 628 713.563113
627 629 351.542399
629 630 178.160651
629 631 184.165313
631 632 165.708617
632 633 1
632 634 119.647555
634 635 25.831911
635 636 40.459969
636 637 74.110373
637 638 1
637 639 54.51148500000001
639 640 1
639 641 164.512043
641 642 370.818459
641 643 89.662819
636 644 1
635 645 63.493837
634 646 29.187703999999997
631 647 289.428069
624 648 4.141508
648 649 995.910998
648 650 7.4351970000000005
650 651 11.706855
651 652 13.48622
652 653 28.042038
653 654 971.9556389999999
653 655 79.933808
655 656 422.053922
655 657 920.0651990000001
652 658 986.514073
651 659 947.153775
659 660 71.26124700000001
659 661 11.09542
650 662 992.485598
623 663 0.130386
663 664 0.297041
664 665 2.599513
665 666 4.724408
666 667 7.312520999999999
667 668 15.563853
668 669 102.333137
669 670 443.025481
670 671 551.6775220000001
670 672 32.104669
669 673 897.6502630000001
668 674 984.464163
667 675 992.6373590000001
666 676 459.890201
676 677 544.2317499999999
676 678 503.12597600000004
678 679 19.881518
678 680 13.166875000000001
680 681 5.423204
681 682 1
681 683 1.4897850000000001
683 684 14.404458
684 685 0.673457
684 686 0.433269
686 687 0.28275100000000003
686 688 0.475899
683 689 0.66765
689 690 0.14295200000000002
690 691 0.47100400000000003
690 692 0.14658500000000002
692 693 0.260865
692 694 0.295272
689 695 0.135606
680 696 5.449249
696 697 16.102508
697 698 2.25519
697 699 0.7166399999999999
696 700 8.66522
700 701 0.5405059999999999
700 702 0.23177599999999998
665 703 19.184573999999998
703 704 627.477621
704 705 369.730817
704 706 329.295879
703 707 31.993848000000003
707 708 780.823697
708 709 241.27589
708 710 133.359985
707 711 312.743862
711 712 582.505901
711 713 644.218916
664 714 2.141431
714 715 996.763564
714 716 3.8766040000000004
716 717 530.04941
717 718 460.683521
717 719 472.83473799999996
716 720 9.919617
720 721 43.290883
721 722 60.247357
722 723 939.75262
722 724 134.483872
724 725 865.515589
724 726 349.340494
721 727 956.725337
720 728 990.047933
663 729 0.224574
729 730 1.2392500000000002
730 731 3.1830329999999996
731 732 21.977782
732 733 791.749177
733 734 213.92153299999998
733 735 163.351757
732 736 969.1270499999999
731 737 12.008644
737 738 14.123999000000001
738 739 19.609119
739 740 29.879618
740 741 970.12038
740 742 43.685852
742 743 255.50295900000003
742 744 956.3116279999999
739 745 980.390882
738 746 985.9426199999999
737 747 987.899529
730 748 998.9420349999999
729 749 1.004186
749 750 1.837213
750 751 35.529353
751 752 964.011745
751 753 959.6953060000001
750 754 2.570945
754 755 10.147034000000001
755 756 253.67589800000002
756 757 134.94168499999998
757 758 307.551349
758 759 58.083873
758 760 495.967466
757 761 495.85170200000005
756 762 611.097631
762 763 79.013214
762 764 60.062557000000005
764 765 262.962586
764 766 1
755 767 989.776966
754 768 291.404387
768 769 714.2638919999999
768 770 698.575716
749 771 999.197781
476 772 0.159308
772 773 0.8692369999999999
773 774 753.466042
774 775 246.77544600000002
774 776 133.650211
776 777 168.341936
776 778 53.480059999999995
773 779 4.6508460000000005
779 780 21.663809
780 781 788.798994
781 782 160.496352
781 783 218.57545100000002
780 784 59.214515
784 785 850.518083
785 786 100.07133100000001
786 787 12.652366
786 788 1
785 789 76.208579
784 790 73.59066
790 791 662.332251
790 792 926.413543
779 793 995.356099
772 794 1.00247
794 795 999.0465500000001
794 796 7.057369
796 797 183.328826
797 798 220.222581
798 799 573.2846440000001
798 800 348.47933800000004
800 801 81.190502
800 802 294.598097
802 803 85.43317900000001
802 804 89.962376
797 805 145.963048
805 806 684.25825
805 807 96.732626
807 808 724.9474789999999
807 809 395.917805
796 810 992.9343490000001
475 811 0.043846
811 812 0.174194
812 813 0.237211
813 814 1.406544
814 815 110.990704
815 816 885.6899970000001
815 817 833.898637
817 818 125.802441
818 819 14.474193
818 820 25.547012000000002
817 821 1
814 822 3.4441289999999998
822 823 3.392
823 824 996.6075999999999
823 825 7.6334
825 826 992.3670129999999
825 827 19.453653000000003
827 828 202.267388
828 829 797.7325569999999
828 830 602.328931
827 831 64.920235
831 832 857.048451
831 833 974.203918
822 834 997.151442
813 835 2.250195
835 836 4.097772
836 837 48.146212999999996
837 838 63.895334000000005
838 839 936.186398
838 840 77.204674
840 841 504.299127
840 842 922.795212
837 843 951.691049
836 844 144.226114
844 845 843.462053
844 846 859.8869880000001
835 847 997.761134
812 848 1.815157
848 849 41.291399
849 850 316.27184700000004
850 851 586.3123919999999
851 852 1
851 853 26.929831
853 854 1
853 855 400.016921
850 856 596.9175220000001
849 857 158.510716
857 858 755.9413949999999
857 859 843.4810349999999
848 860 998.284025
811 861 0.847283
861 862 2.464452
862 863 7.792158000000001
863 864 14.398138
864 865 19.057677
865 866 60.571943
866 867 939.427727
866 868 708.986804
865 869 980.942533
864 870 985.6020570000001
863 871 992.206638
862 872 997.536329
861 873 999.1755579999999
82 874 0.001815
874 875 0.006609
875 876 0.157436
876 877 999.8565629999999
876 878 0.381574
878 879 0.47125500000000003
879 880 1.137167
880 881 3.1198960000000002
881 882 5.23552
882 883 9.41008
883 884 14.453005999999998
884 885 157.950513
885 886 842.049441
885 887 287.826623
887 888 176.754113
887 889 275.710821
884 890 985.548258
883 891 990.5869989999999
882 892 994.7638919999999
881 893 996.8799049999999
880 894 998.8625320000001
879 895 999.5296559999999
878 896 999.617973
875 897 0.009156
897 898 0.019837
898 899 0.032388
899 900 0.054719000000000004
900 901 0.173412
901 902 0.23736600000000002
902 903 999.794484
902 904 0.518861
904 905 0.768353
905 906 0.9586680000000001
906 907 2.360207
907 908 2.807842
908 909 14.706871999999999
909 910 24.204978999999998
910 911 53.655348000000004
911 912 946.3448460000001
911 913 161.782575
913 914 1
913 915 838.21744
910 916 975.79457
909 917 985.293128
908 918 997.19218
907 919 520.134729
919 920 477.377026
919 921 477.633067
906 922 999.041277
905 923 999.232956
904 924 912.79258
924 925 86.018101
924 926 87.35751499999999
901 927 849.045059
927 928 150.934707
927 929 150.52561
900 930 813.874551
930 931 186.106123
930 932 186.037444
899 933 0.154903
933 934 0.456872
934 935 795.767993
935 936 145.270613
936 937 10.287313
936 938 106.059652
935 939 103.40206599999999
939 940 187.237018
939 941 14.242779
934 942 1.052453
942 943 461.993844
943 944 534.784068
943 945 539.1258310000001
942 946 1.510617
946 947 3.251991
947 948 7.823429
948 949 12.759517
949 950 24.792067
950 951 51.289451
951 952 116.22532199999999
952 953 1
952 954 883.774707
951 955 948.7103109999999
950 956 975.20793
949 957 987.240577
948 958 992.179766
947 959 996.741256
946 960 998.4893789999999
933 961 190.343539
961 962 92.117306
962 963 354.10443100000003
963 964 590.449657
963 965 151.34320400000001
962 966 709.616084
961 967 392.94066
967 968 380.806691
967 969 452.41290799999996
898 970 0.041858
970 971 0.617703
971 972 850.513921
972 973 148.134923
972 974 149.56466500000002
971 975 1.115494
975 976 3.58145
976 977 14.604582999999998
977 978 45.201309
978 979 65.192806
979 980 929.462274
979 981 282.358481
981 982 720.313668
981 983 153.65402500000002
978 984 954.798706
977 985 985.402251
976 986 654.245174
986 987 339.806837
986 988 274.60864599999996
988 989 35.183209
989 990 57.01167
990 991 93.960148
991 992 1
991 993 2.1041250000000002
990 994 60.07568
994 995 1
994 996 2.5451930000000003
989 997 24.566042
988 998 25.088555
975 999 41.662558
999 1000 57.84555099999999
1000 1001 852.462678
1000 1002 942.1544640000001
999 1003 959.1342669999999
970 1004 0.154087
1004 1005 0.433912
1005 1006 999.583509
1005 1007 1.128968
1007 1008 942.69019
1008 1009 54.02322899999999
1008 1010 58.337297
1007 1011 3.7183010000000003
1011 1012 11.183748
1012 1013 988.724636
1012 1014 11.747239
1014 1015 14.1833
1015 1016 38.353176
1016 1017 961.647042
1016 1018 635.9596909999999
1015 1019 985.815781
1014 1020 988.29881
1011 1021 81.42009
1021 1022 423.128976
1022 1023 583.773877
1022 1024 192.912864
1024 1025 1
1024 1026 265.73281
1026 1027 1
1026 1028 444.41260600000004
1021 1029 907.957944
1004 1030 23.199559999999998
1030 1031 976.8809279999999
1030 1032 70.533885
1032 1033 929.4519620000001
1032 1034 882.3521380000001
897 1035 0.020534
1035 1036 0.017628
1036 1037 0.020085
1037 1038 0.298341
1038 1039 0.547191
1039 1040 999.450247
1039 1041 1.095934
1041 1042 3.934593
1042 1043 996.069688
1042 1044 12.241598
1044 1045 42.79376
1045 1046 957.2063410000001
1045 1047 162.924147
1047 1048 604.6455540000001
1047 1049 837.0741419999999
1044 1050 890.156972
1050 1051 83.992864
1051 1052 21.806545999999997
1051 1053 54.362989999999996
1050 1054 73.124656
1041 1055 50.90144
1055 1056 945.3781429999999
1055 1057 112.520326
1057 1058 525.278204
1058 1059 46.918568
1058 1060 474.72593400000005
1057 1061 890.095655
1038 1062 0.9505589999999999
1062 1063 23.188963
1063 1064 24.871161
1064 1065 18.838306
1065 1066 160.117699
1066 1067 83.117933
1067 1068 202.033404
1068 1069 126.189055
1069 1070 370.162283
1069 1071 57.52098599999999
1068 1072 14.933655000000002
1072 1073 94.247276
1072 1074 57.686685999999995
1074 1075 68.228612
1075 1076 39.9726
1076 1077 191.459379
1077 1078 233.599356
1078 1079 1
1078 1080 210.569346
1077 1081 117.67594100000001
1081 1082 67.748869
1081 1083 146.787572
1083 1084 49.741704
1084 1085 32.820268000000006
1085 1086 124.632104
1085 1087 89.06296900000001
1087 1088 221.132609
1087 1089 50.131892
1084 1090 57.372447
1090 1091 9.745217
1090 1092 1
1083 1093 112.17896999999999
1076 1094 26.662374
1075 1095 179.77198700000002
1074 1096 27.281134
1067 1097 61.099531
1097 1098 96.988849
1098 1099 219.43383
1099 1100 222.83922500000003
1100 1101 1
1100 1102 159.18285400000002
1102 1103 1
1102 1104 321.680489
1099 1105 363.896073
1105 1106 157.706807
1105 1107 1
1098 1108 237.24213500000002
1108 1109 62.388731
1108 1110 545.7840209999999
1097 1111 120.607324
1111 1112 103.02907400000001
1112 1113 677.399586
1112 1114 205.93560499999998
1111 1115 310.784173
1115 1116 1
1115 1117 69.549156
1117 1118 143.302871
1117 1119 94.25835500000001
1066 1120 196.099395
1120 1121 396.541834
1121 1122 386.333059
1122 1123 22.61372
1122 1124 121.829085
1121 1125 48.737282
1120 1126 553.953763
1065 1127 218.22133899999997
1127 1128 240.036912
1128 1129 263.882447
1129 1130 366.46682400000003
1130 1131 57.259038
1130 1132 1
1129 1133 566.2221149999999
1128 1134 121.31861699999999
1127 1135 815.179288
1064 1136 23.482655
1136 1137 239.135671
1137 1138 152.24727000000001
1138 1139 311.46736000000004
1139 1140 130.14576200000002
1140 1141 42.299569
1140 1142 188.73034099999998
1142 1143 277.62109499999997
1142 1144 1
1139 1145 81.733052
1138 1146 538.855121
1137 1147 766.2010409999999
1136 1148 115.22876799999999
1148 1149 458.928814
1149 1150 525.871447
1149 1151 51.518465
1151 1152 27.657963000000002
1151 1153 37.953606
1148 1154 69.62951699999999
1154 1155 298.63711
1155 1156 812.6726010000001
1155 1157 213.68312999999998
1154 1158 326.304291
1158 1159 412.63854599999996
1158 1160 311.44842800000004
1063 1161 503.967498
1161 1162 481.27704700000004
1161 1163 465.12214299999994
1062 1164 998.452592
1037 1165 0.244296
1165 1166 36.508907
1166 1167 133.861588
1167 1168 866.5049489999999
1167 1169 430.311016
1169 1170 232.63179100000002
1169 1171 472.554976
1171 1172 28.600419
1172 1173 1
1172 1174 35.479341
1174 1175 20.552842
1175 1176 43.776619
1176 1177 18.459080999999998
1177 1178 44.821089
1178 1179 75.407128
1178 1180 73.360724
1177 1181 42.269391
1176 1182 14.530642999999998
1182 1183 36.034465
1183 1184 29.461419
1183 1185 17.80444
1185 1186 1.375985
1185 1187 167.678263
1182 1188 156.251659
1188 1189 1
1188 1190 51.621989
1190 1191 6.030835
1190 1192 22.734868
1192 1193 31.989009000000003
1192 1194 164.836855
1194 1195 6.0277400000000005
1195 1196 42.474616
1195 1197 18.550652
1194 1198 18.760299
1175 1199 20.704456
1199 1200 4.149878
1199 1201 8.244108
1174 1202 1
1171 1203 1
1166 1204 962.785378
1165 1205 1.22041
1205 1206 3.5457629999999996
1206 1207 11.272
1207 1208 46.350061999999994
1208 1209 953.650069
1208 1210 156.176162
1210 1211 506.314392
1211 1212 402.662145
1211 1213 194.58291
1210 1214 372.763258
1214 1215 8.046372999999999
1214 1216 619.736069
1207 1217 922.777378
1217 1218 84.509535
1217 1219 12.748456999999998
1219 1220 52.539170999999996
1219 1221 16.773638
1206 1222 996.440589
1205 1223 998.920317
1036 1224 0.029807999999999998
1224 1225 0.021852
1225 1226 0.104925
1226 1227 0.324629
1227 1228 999.7145449999999
1227 1229 1.77538
1229 1230 3.2623930000000003
1230 1231 22.812244
1231 1232 977.137383
1231 1233 742.238416
1233 1234 89.50274
1234 1235 59.898759
1235 1236 86.66232099999999
1235 1237 41.654325
1237 1238 58.408237
1238 1239 15.217745999999998
1239 1240 13.152774
1240 1241 12.876230999999999
1241 1242 8.612369000000001
1241 1243 1.7154719999999999
1243 1244 17.925967
1243 1245 33.690744
1245 1246 5.376937
1246 1247 12.866354999999999
1247 1248 8.290113
1248 1249 23.079453
1249 1250 28.541522000000004
1249 1251 48.64736
1248 1252 18.906064999999998
1252 1253 26.934288000000002
1253 1254 5.808324
1253 1255 9.911007
1252 1256 28.554116
1256 1257 11.994604
1257 1258 1
1257 1259 1
1256 1260 20.495137999999997
1247 1261 13.006682
1261 1262 0.13112600000000002
1261 1263 0.26847899999999997
1246 1264 16.317590000000003
1264 1265 0.28638800000000003
1264 1266 0.11392500000000001
1245 1267 22.600116
1240 1268 22.889255
1268 1269 11.059403
1269 1270 21.029608
1269 1271 7.551813
1268 1272 24.171045
1272 1273 48.333738
1272 1274 42.306237
1239 1275 23.091822
1275 1276 14.540265999999999
1276 1277 1
1276 1278 1
1275 1279 26.843086999999997
1238 1280 9.469495
1237 1281 8.944972
1234 1282 27.236268000000003
1282 1283 2.75878
1283 1284 52.945291000000005
1283 1285 1
1282 1286 1
1233 1287 172.624943
1287 1288 35.513937
1288 1289 8.806987
1288 1290 37.094295
1287 1291 84.288484
1230 1292 8.192
1292 1293 27.052832
1293 1294 89.038074
1294 1295 30.749336999999997
1295 1296 550.1827989999999
1296 1297 305.869036
1296 1298 67.981243
1298 1299 338.96809
1298 1300 68.508391
1300 1301 1
1300 1302 200.992104
1302 1303 120.70853699999999
1302 1304 265.141778
1295 1305 330.47056299999997
1305 1306 600.539998
1305 1307 531.928357
1294 1308 404.41821300000004
1308 1309 313.05445399999996
1308 1310 595.601588
1293 1311 956.723351
1292 1312 981.8683229999999
1229 1313 712.234773
1313 1314 283.37532200000004
1313 1315 288.60142199999996
1226 1316 0.361753
1316 1317 1.2926730000000002
1317 1318 4.849308
1318 1319 11.216017
1319 1320 882.7172620000001
1320 1321 63.75939
1321 1322 6.291078
1322 1323 13.370079
1323 1324 4.7393909999999995
1323 1325 1.180688
1325 1326 1.289768
1326 1327 3.6497330000000003
1326 1328 1.548103
1328 1329 1.7309080000000001
1328 1330 2.085967
1325 1331 0.7267049999999999
1331 1332 0.6974239999999999
1332 1333 3.877975
1332 1334 0.51636
1331 1335 1.913022
1322 1336 7.627247
1336 1337 1.489439
1336 1338 1.508842
1338 1339 1.5134999999999998
1338 1340 2.2581029999999997
1340 1341 1.7524009999999999
1340 1342 4.860542000000001
1321 1343 27.472353
1320 1344 40.456872
1344 1345 53.152969000000006
1345 1346 34.076487
1346 1347 12.791994
1347 1348 13.484468
1347 1349 20.660437
1349 1350 16.524423
1349 1351 29.360572
1346 1352 65.63419400000001
1345 1353 12.470906
1344 1354 27.427917
1354 1355 21.903724
1355 1356 12.884988
1355 1357 42.141929
1354 1358 24.272706
1319 1359 23.448063
1359 1360 90.344862
1360 1361 207.87646999999998
1361 1362 792.122461
1361 1363 272.255666
1360 1364 909.655134
1359 1365 976.55441
1318 1366 544.28521
1366 1367 202.633763
1367 1368 187.54790400000002
1367 1369 294.903342
1366 1370 180.77543
1370 1371 139.68679600000002
1371 1372 6.342726999999999
1371 1373 9.367569000000001
1370 1374 183.578721
1374 1375 210.838046
1375 1376 52.468077
1375 1377 1
1374 1378 198.710252
1378 1379 1
1378 1380 54.331689000000004
1317 1381 117.661422
1381 1382 481.845454
1382 1383 433.818159
1383 1384 37.49427
1383 1385 126.39138000000001
1382 1386 279.665031
1381 1387 471.24470799999995
1387 1388 111.85551600000001
1388 1389 331.137281
1388 1390 337.591507
1387 1391 324.690116
1391 1392 15.762682999999999
1392 1393 5.114247000000001
1393 1394 1.5810149999999998
1394 1395 11.362659
1395 1396 10.390921
1396 1397 1.4178959999999998
1396 1398 56.460875
1398 1399 5.695068
1398 1400 6.076118
1400 1401 4.335988
1401 1402 0.6476
1401 1403 0.41037900000000005
1400 1404 0.672432
1404 1405 0.667548
1405 1406 4.42989
1405 1407 1
1404 1408 1
1395 1409 5.829702
1394 1410 1
1393 1411 1
1392 1412 1.487237
1412 1413 0.5057919999999999
1412 1414 0.557818
1391 1415 23.860007
1415 1416 35.304140000000004
1416 1417 34.766576
1417 1418 229.61983199999997
1417 1419 33.615461
1416 1420 1
1415 1421 1
1316 1422 308.09506600000003
1422 1423 692.128112
1422 1424 438.04653900000005
1424 1425 1
1424 1426 531.5375760000001
1225 1427 0.35656099999999996
1427 1428 1.744208
1428 1429 2.083901
1429 1430 987.065735
1430 1431 15.574834000000001
1430 1432 5.869285
1429 1433 4.183501
1433 1434 995.8737299999999
1433 1435 9.680194
1435 1436 990.315843
1435 1437 31.137686999999996
1437 1438 868.418128
1438 1439 21.176428
1438 1440 179.717648
1437 1441 130.319535
1441 1442 869.6806730000001
1441 1443 614.866922
1428 1444 998.2567100000001
1427 1445 290.200616
1445 1446 305.033324
1446 1447 463.052874
1447 1448 502.318552
1447 1449 1
1446 1450 192.878558
1445 1451 709.911963
1224 1452 0.123777
1452 1453 0.304295
1453 1454 4.235651
1454 1455 995.933529
1454 1456 7.651771999999999
1456 1457 24.450969999999998
1457 1458 540.273692
1458 1459 337.985515
1458 1460 459.728093
1457 1461 524.895271
1461 1462 493.37168499999996
1461 1463 408.168124
1456 1464 805.5982730000001
1464 1465 173.390891
1464 1466 199.62982
1453 1467 1.2593969999999999
1467 1468 2.2115739999999997
1468 1469 6.361289
1469 1470 152.00644400000002
1470 1471 653.346803
1471 1472 2.931187
1471 1473 322.71951
1473 1474 1.837591
1473 1475 1.671358
1470 1476 848.505263
1469 1477 76.795125
1477 1478 906.217167
1477 1479 112.789649
1479 1480 864.217227
1480 1481 115.90366599999999
1481 1482 44.131658
1482 1483 32.191756
1482 1484 12.490736
1484 1485 25.201371
1484 1486 48.180145
1481 1487 0.676974
1480 1488 1
1479 1489 732.67686
1468 1490 32.31831
1490 1491 176.92210500000002
1491 1492 820.4250460000001
1491 1493 738.891724
1490 1494 968.69419
1467 1495 9.047274
1495 1496 86.634292
1496 1497 556.055429
1497 1498 422.14132299999994
1497 1499 247.50968699999999
1496 1500 913.841781
1495 1501 53.517391
1501 1502 335.51332399999995
1502 1503 659.131743
1502 1504 565.412014
1501 1505 136.139707
1505 1506 438.99213599999996
1506 1507 123.004664
1506 1508 371.21338000000003
1508 1509 76.05266499999999
1508 1510 50.711459000000005
1505 1511 862.9254559999999
1452 1512 0.9755579999999999
1512 1513 2.499206
1513 1514 197.622279
1514 1515 466.15675699999997
1515 1516 128.880916
1515 1517 523.712568
1514 1518 802.6029080000001
1513 1519 4.6548560000000005
1519 1520 5.287465
1520 1521 925.987287
1521 1522 85.429762
1521 1523 51.93707199999999
1520 1524 11.309297
1524 1525 51.641106
1525 1526 198.923642
1526 1527 758.214189
1526 1528 728.1031300000001
1525 1529 148.57054300000001
1529 1530 539.086109
1529 1531 802.7810710000001
1524 1532 988.703956
1519 1533 186.513399
1533 1534 802.7070889999999
1533 1535 817.518741
1512 1536 2.585509
1536 1537 4.786230000000001
1537 1538 995.2140959999999
1537 1539 16.336189
1539 1540 58.122538
1540 1541 254.170118
1541 1542 737.486684
1541 1543 446.729569
1540 1544 941.878653
1539 1545 810.1433589999999
1545 1546 205.58744199999998
1545 1547 141.44858
1536 1548 997.6011789999999
1035 1549 0.285395
1549 1550 0.44405800000000006
1550 1551 68.908207
1551 1552 243.722685
1552 1553 685.2160630000001
1553 1554 1
1553 1555 367.759779
1552 1556 648.2374669999999
1551 1557 231.999863
1557 1558 352.028101
1558 1559 1
1558 1560 526.488794
1560 1561 12.140749000000001
1560 1562 122.775867
1557 1563 768.767679
1550 1564 0.630156
1564 1565 983.4496449999999
1565 1566 17.677603
1565 1567 14.189060000000001
1564 1568 2.105812
1568 1569 13.785692
1569 1570 24.756435
1570 1571 48.058244
1571 1572 951.942057
1571 1573 136.15637700000002
1573 1574 433.549146
1573 1575 863.1224
1570 1576 975.242968
1569 1577 986.214605
1568 1578 33.182385
1578 1579 959.733937
1578 1580 419.447409
1580 1581 585.529694
1580 1582 514.953059
1549 1583 0.249648
1583 1584 18.812579
1584 1585 23.111517
1585 1586 253.019363
1586 1587 485.680994
1587 1588 114.260053
1587 1589 272.559183
1586 1590 426.210617
1590 1591 357.353289
1590 1592 323.054253
1585 1593 261.34871300000003
1593 1594 652.82843
1593 1595 700.865916
1584 1596 252.699614
1596 1597 709.063177
1596 1598 747.608341
1583 1599 4.837883
1599 1600 138.001982
1600 1601 862.28527
1600 1602 851.661872
1599 1603 11.597805
1603 1604 36.670314
1604 1605 112.72065200000002
1605 1606 735.547607
1605 1607 892.778879
1604 1608 97.537651
1608 1609 788.895168
1608 1610 920.6835599999999
1603 1611 737.100159
1611 1612 269.058834
1611 1613 233.929841
874 1614 0.018507
1614 1615 0.131335
1615 1616 0.357239
1616 1617 1.8789719999999999
1617 1618 833.9342690000001
1618 1619 160.282806
1618 1620 90.63498100000001
1620 1621 56.582551
1620 1622 94.36760100000001
1617 1623 3.194977
1623 1624 4.228458
1624 1625 4.707819
1625 1626 22.264866
1626 1627 99.93144099999999
1627 1628 110.35026599999999
1628 1629 889.649676
1628 1630 261.740955
1627 1631 900.0685450000001
1626 1632 977.735225
1625 1633 946.2914559999999
1633 1634 27.524442999999998
1633 1635 46.027576999999994
1635 1636 47.867287
1635 1637 1.03047
1624 1638 995.772083
1623 1639 997.407533
1616 1640 0.8787609999999999
1640 1641 3.315616
1641 1642 3.384209
1642 1643 10.023546
1643 1644 989.9745839999999
1643 1645 10.419542
1645 1646 31.613901
1646 1647 77.191333
1647 1648 130.70813800000002
1648 1649 1
1648 1650 868.762272
1647 1651 922.808453
1646 1652 968.3863210000001
1645 1653 827.8485919999999
1653 1654 158.827779
1653 1655 164.63725300000002
1642 1656 996.6153869999999
1641 1657 996.683914
1640 1658 999.166834
1615 1659 1.628736
1659 1660 60.901478
1660 1661 938.700498
1660 1662 515.2919909999999
1662 1663 355.54619399999996
1662 1664 484.90503900000004
1659 1665 4.504342
1665 1666 23.087674
1666 1667 976.8991460000001
1666 1668 764.509682
1668 1669 231.913345
1668 1670 62.058152
1670 1671 38.905203
1670 1672 159.637403
1665 1673 112.849212
1673 1674 876.7491769999999
1673 1675 888.9515080000001
1614 1676 999.992109
81 1677 0.126271
1677 1678 999.893077
1677 1679 0.132259
1679 1680 0.27094799999999997
1680 1681 999.7290230000001
1680 1682 0.702839
1682 1683 2.650227
1683 1684 997.3518829999999
1683 1685 3.6732460000000002
1685 1686 5.445776
1686 1687 994.554797
1686 1688 23.98491
1688 1689 34.870796999999996
1689 1690 39.201207
1690 1691 269.648663
1691 1692 1
1691 1693 274.327655
1693 1694 204.23701200000002
1693 1695 160.92799200000002
1690 1696 960.7988300000001
1689 1697 965.129147
1688 1698 976.0150279999999
1685 1699 996.3256210000001
1682 1700 142.407937
1700 1701 850.519637
1701 1702 7.78832
1701 1703 8.948393000000001
1700 1704 854.884016
1679 1705 544.231896
1705 1706 415.697561
1706 1707 1
1706 1708 24.012657
1708 1709 40.729531
1709 1710 1
1709 1711 106.621727
1711 1712 54.645157
1711 1713 120.346987
1713 1714 245.35370099999997
1714 1715 69.811234
1715 1716 24.104516
1716 1717 1.435413
1716 1718 0.396073
1715 1719 1.8535050000000002
1714 1720 15.58889
1720 1721 54.604092
1720 1722 20.134504
1713 1723 43.221947
1708 1724 1
1705 1725 455.959643
80 1726 0.151689
1726 1727 0.45267199999999996
1727 1728 223.05538500000003
1728 1729 530.238399
1729 1730 468.251328
1729 1731 22.243038000000002
1728 1732 776.9885300000001
1727 1733 2.956114
1733 1734 15.335412000000002
1734 1735 32.016339
1735 1736 187.78672999999998
1736 1737 116.19317899999999
1737 1738 610.045923
1737 1739 422.38764599999996
1739 1740 136.725382
1739 1741 329.26031
1736 1742 732.625507
1735 1743 132.52040499999998
1743 1744 118.570953
1744 1745 55.708879
1745 1746 35.921925
1746 1747 392.100174
1747 1748 1
1747 1749 143.591746
1749 1750 1
1749 1751 158.095176
1746 1752 75.978115
1752 1753 239.465579
1753 1754 192.572163
1753 1755 61.478412000000006
1752 1756 337.422061
1756 1757 175.895275
1756 1758 69.081943
1745 1759 77.847699
1759 1760 157.274988
1760 1761 497.32382900000005
1761 1762 1
1761 1763 443.401484
1760 1764 119.701836
1764 1765 12.245699
1765 1766 44.807190000000006
1766 1767 54.888594999999995
1767 1768 117.07122000000001
1768 1769 51.155083000000005
1769 1770 24.297178
1769 1771 4.62258
1768 1772 41.089572000000004
1767 1773 38.60159
1773 1774 29.494356999999997
1774 1775 53.57945899999999
1774 1776 58.88697200000001
1776 1777 1
1776 1778 47.181788000000005
1773 1779 17.115248
1779 1780 61.12244
1779 1781 69.043046
1766 1782 107.18129300000001
1765 1783 38.179308
1783 1784 19.276846
1784 1785 132.590891
1785 1786 53.928242000000004
1786 1787 31.225391000000002
1787 1788 6.740852
1788 1789 34.180579
1789 1790 102.77565399999999
1790 1791 24.339308000000003
1790 1792 27.298628
1789 1793 33.338677
1793 1794 31.649881
1793 1795 44.485766999999996
1788 1796 93.360573
1787 1797 50.340688
1786 1798 86.888946
1798 1799 24.165705000000003
1799 1800 121.19473199999999
1800 1801 40.265963
1801 1802 125.509505
1802 1803 148.227894
1802 1804 46.250332
1804 1805 44.29291
1805 1806 14.267378
1805 1807 16.591791
1804 1808 37.671538
1801 1809 1
1800 1810 1
1799 1811 1
1798 1812 1
1785 1813 16.114272
1784 1814 251.464624
1814 1815 155.026484
1815 1816 172.505017
1816 1817 110.384321
1817 1818 75.587157
1817 1819 107.119357
1819 1820 149.408538
1819 1821 38.7543
1821 1822 1.619984
1821 1823 39.196713
1816 1824 88.05948599999999
1824 1825 425.514525
1825 1826 334.322242
1826 1827 1
1826 1828 511.770423
1825 1829 1
1824 1830 344.962569
1830 1831 109.79163000000001
1830 1832 163.196792
1815 1833 58.432033000000004
1833 1834 11.11844
1833 1835 1.9020160000000002
1814 1836 70.93432
1783 1837 59.441382
1837 1838 347.928431
1837 1839 181.125122
1839 1840 42.490365000000004
1839 1841 43.6554
1764 1842 84.652578
1759 1843 439.19416599999994
1843 1844 113.098225
1843 1845 279.160134
1744 1846 145.090808
1846 1847 513.544068
1847 1848 122.57794500000001
1847 1849 139.989974
1849 1850 1
1849 1851 92.814626
1846 1852 359.807544
1852 1853 474.039621
1853 1854 48.643516
1853 1855 168.848579
1852 1856 1
1743 1857 219.09383400000002
1857 1858 517.042711
1858 1859 1
1858 1860 455.281709
1857 1861 147.322178
1861 1862 115.88150800000001
1862 1863 174.786906
1862 1864 282.564093
1864 1865 1
1864 1866 366.453472
1861 1867 218.817847
1867 1868 1
1867 1869 80.367964
1869 1870 1
1869 1871 483.100869
1734 1872 984.7116
1733 1873 33.239692999999995
1873 1874 702.982675
1874 1875 223.26796
1874 1876 298.862751
1873 1877 53.896029999999996
1877 1878 875.3435720000001
1877 1879 944.2307639999999
1726 1880 0.175956
1880 1881 1.062405
1881 1882 2.071971
1882 1883 14.516551
1883 1884 19.547339
1884 1885 24.5454
1885 1886 71.700286
1886 1887 173.829607
1887 1888 1
1887 1889 826.1704599999999
1886 1890 928.3000460000001
1885 1891 975.453661
1884 1892 980.452599
1883 1893 985.4840389999999
1882 1894 145.290107
1894 1895 178.347629
1895 1896 525.309466
1895 1897 824.108933
1894 1898 457.283475
1898 1899 310.012876
1898 1900 479.898995
1881 1901 884.01466
1901 1902 113.141401
1901 1903 45.359985
1903 1904 73.653587
1903 1905 68.960277
1880 1906 999.832533
79 1907 0.218593
1907 1908 30.865524
1908 1909 97.21489199999999
1909 1910 764.044247
1910 1911 9.140851
1910 1912 266.78735
1909 1913 840.394448
1908 1914 969.1537959999999
1907 1915 0.690175
1915 1916 110.137558
1916 1917 888.145231
1916 1918 124.96105299999999
1918 1919 654.5622950000001
1918 1920 876.121754
1915 1921 2.13373
1921 1922 6.318474
1922 1923 35.163784
1923 1924 676.578632
1924 1925 200.47901399999998
1925 1926 1
1925 1927 46.932317
1927 1928 6.095703
1928 1929 2.398295
1928 1930 7.984199
1927 1931 86.12263999999999
1924 1932 301.82619700000004
1932 1933 46.461574999999996
1932 1934 1
1923 1935 968.5746220000001
1922 1936 21.882877
1936 1937 970.874854
1936 1938 960.1748170000001
1921 1939 10.231348
1939 1940 102.32512899999999
1940 1941 184.80951199999998
1941 1942 815.1846750000001
1941 1943 532.112351
1940 1944 897.674271
1939 1945 990.093617
30 1946 0.227299
1946 1947 3.7730989999999998
1947 1948 454.127738
1948 1949 538.024222
1948 1950 546.006767
1947 1951 8.561406
1951 1952 28.085400999999997
1952 1953 78.00828899999999
1953 1954 489.450339
1954 1955 228.090477
1954 1956 385.542666
1953 1957 921.989733
1952 1958 666.728331
1958 1959 259.712098
1958 1960 350.660746
1951 1961 965.362966
1961 1962 13.272943000000001
1961 1963 39.108163000000005
1946 1964 25.798634999999997
1964 1965 87.422521
1965 1966 238.944655
1966 1967 235.877866
1967 1968 148.935599
1967 1969 253.00381500000003
1969 1970 50.764275000000005
1969 1971 124.300164
1966 1972 537.282288
1972 1973 1
1972 1974 532.886366
1974 1975 35.14588
1974 1976 17.244191999999998
1965 1977 912.3643230000001
1964 1978 974.3322109999999
1 1979 1.5561200000000002
1979 1980 1.701151
1980 1981 1.872312
1981 1982 4.514467
1982 1983 12.638141
1983 1984 987.346825
1983 1985 14.826502
1985 1986 22.091829
1986 1987 336.522108
1987 1988 663.473673
1987 1989 1
1986 1990 711.2068820000001
1990 1991 273.455792
1990 1992 259.95338399999997
1985 1993 985.1729049999999
1982 1994 995.5090690000001
1981 1995 998.0806100000001
1980 1996 998.298825
1979 1997 998.5149959999999
1 1998 999.373094
