23968 3
26627 14
9712 15
25303 16
2385 19
31156 20
12282 21
5745 22
15652 23
4055 25
9660 26
28623 27
13420 28
8339 29
335 35
4449 36
30071 40
3103 41
13916 43
26915 45
20813 47
14557 48
31155 52
11752 54
27826 55
17731 56
30745 57
11837 61
2464 62
1190 63
10440 67
26126 68
12478 72
12812 73
7163 74
26922 75
28920 77
7810 78
28948 89
9002 91
23443 93
15184 94
1550 95
1132 97
26598 98
23309 105
26270 109
25554 113
27427 115
19771 116
14249 117
29347 118
17748 119
26064 120
21886 121
13340 122
27653 124
26602 125
28022 127
21652 128
29153 129
19647 134
28693 136
13587 137
27382 142
26379 143
30638 144
18573 148
28952 149
28808 152
24000 155
28118 162
29042 163
3311 165
7072 166
2431 167
14105 168
16875 169
13999 171
31493 172
29652 173
25464 175
13249 176
15275 181
11271 184
17664 185
281 186
74 189
29203 191
10877 192
15486 194
23378 195
9875 196
4285 197
19069 200
18061 202
22041 208
728 209
1237 210
15678 211
14749 212
11658 213
27317 217
6107 218
15749 220
1656 221
26582 222
12722 225
30238 228
26618 230
2400 232
30313 234
25003 241
2306 244
8174 247
12985 251
168 252
6737 253
9708 254
15054 255
11006 256
14601 257
8645 259
20942 260
12656 261
2051 262
14079 263
21250 265
30303 266
8839 269
11404 270
1523 275
25674 277
3695 281
30022 282
29812 283
29191 284
17795 291
27680 292
16223 294
11687 295
570 296
18754 299
11947 304
29771 306
14311 307
8987 308
7597 309
8122 310
16344 311
30554 312
17530 313
9862 315
11682 316
4410 317
1741 321
27868 332
12461 333
6732 334
15868 335
4604 336
6156 337
22522 338
25246 341
23078 342
9332 344
836 345
29686 349
3392 350
3137 353
28074 354
8410 359
12243 360
13560 361
9759 364
15577 365
20493 368
21318 369
1423 370
15769 371
14870 373
30242 374
28478 377
14394 378
19267 379
4413 382
809 383
7898 384
29438 391
28195 392
19688 393
15365 394
13381 400
18712 401
2308 402
24985 404
25331 405
13690 406
3760 409
22375 410
22531 412
25259 413
19665 415
26567 416
4541 419
21944 420
1216 425
2188 430
19649 431
19564 432
27130 433
11147 435
1872 436
19320 437
1730 439
252 441
22784 442
11396 443
24922 452
13214 453
14874 457
20232 458
29908 460
3234 462
23023 463
12041 464
11428 465
865 467
7036 468
5047 470
25453 471
812 472
24483 473
1984 474
4934 485
31086 487
10012 488
11583 489
27278 490
19300 491
16598 494
30054 495
5386 498
29684 499
10556 505
29056 506
25207 507
30971 508
27600 511
14485 513
11135 514
1482 517
27574 518
13410 519
22091 521
31039 522
20708 529
3841 531
17046 532
3740 534
20063 535
29993 536
19843 537
23112 539
28685 540
31173 541
31193 542
21671 549
18202 555
20699 557
12616 558
22066 559
3064 560
29197 563
16774 564
2924 565
20480 566
11742 568
15906 569
27982 571
27250 572
2680 575
26325 576
11803 577
8429 581
10444 583
1829 584
12753 591
30817 592
24304 595
2953 596
20287 597
18655 599
9478 600
7976 603
25305 604
20889 605
12289 607
26698 608
17418 609
14766 612
9391 614
1361 616
16007 617
16349 620
30933 621
15383 622
27927 626
24804 628
21699 630
28603 633
23317 638
22122 640
15819 642
7356 643
2980 644
8928 645
882 646
29943 647
12836 649
28972 654
31082 656
5082 657
26843 658
20319 660
25238 661
15373 662
25944 671
11758 672
8135 673
21691 674
23327 675
14980 677
18376 679
23915 682
19378 685
1448 687
6721 688
12974 691
16122 693
21180 694
5895 695
9013 698
29209 699
7020 701
25367 702
231 705
9541 706
31416 709
17960 710
14000 712
11015 713
16532 715
13575 718
28036 719
7743 723
23523 725
30577 726
1897 727
23974 728
1500 734
13531 735
14615 736
29960 741
718 743
21740 744
19051 745
6817 746
11612 747
230 748
20315 752
4532 753
29242 759
22623 760
2336 761
31134 763
29508 765
6924 766
1691 767
28805 769
6609 770
7574 771
22949 775
19971 777
23447 778
2858 782
8574 783
18100 787
24907 788
15481 789
3182 791
9168 792
6022 793
22864 795
12625 799
4127 801
20884 803
845 804
27026 806
5138 808
8056 809
151 810
13280 816
15255 819
2697 820
25120 821
27617 824
6224 826
11574 829
7604 830
11136 832
14182 833
26069 834
28844 839
3021 841
13008 842
8589 843
4129 845
11353 846
20530 847
20753 852
10713 854
14096 855
11026 856
3093 858
12831 859
4758 860
11876 867
15951 868
8094 869
11821 870
9149 871
23996 872
16616 873
11616 877
15742 886
20877 888
28726 889
22532 890
25847 891
26997 892
23505 893
5285 894
3624 895
18220 896
31030 903
9914 912
27476 914
29257 915
21998 916
28706 917
15812 918
29202 920
4861 921
1215 922
7765 923
30153 925
27743 926
27863 928
26521 929
29436 931
2634 932
4807 937
29937 938
11374 940
48 941
12483 944
16767 945
26244 953
10802 954
1870 955
30314 956
14821 957
14429 958
16726 959
13373 960
12710 964
14902 965
3075 966
15034 968
6698 969
24245 973
6263 974
12867 980
13525 982
20457 983
6619 984
8755 985
4226 987
15351 992
21479 993
10817 995
11651 996
8555 997
2124 998
7775 1001
4572 1002
31345 1003
23828 1006
16437 1009
28486 1010
17080 1013
29523 1017
28052 1018
20471 1019
9565 1020
4228 1023
20603 1025
24715 1027
11279 1028
14341 1029
11767 1031
7133 1033
1773 1034
14372 1040
27118 1043
17860 1046
2576 1048
30279 1049
25123 1052
26957 1053
18828 1054
5921 1056
21668 1059
8369 1060
22018 1061
25921 1070
19773 1071
29723 1073
20895 1079
25399 1080
3325 1082
24827 1086
22740 1088
8725 1089
23792 1091
15517 1092
24617 1093
6155 1094
12665 1095
20543 1096
5389 1101
28440 1103
6078 1104
11781 1106
6481 1107
14673 1109
23651 1110
29915 1113
17378 1114
276 1116
7068 1118
1948 1119
29394 1123
30763 1124
14996 1125
29446 1126
23712 1131
29043 1132
14986 1133
9925 1134
25004 1135
8127 1141
8039 1143
27196 1144
1907 1145
23329 1146
24124 1147
1169 1150
24057 1152
23541 1153
1657 1156
4984 1157
24378 1159
23956 1160
21009 1162
28239 1163
8321 1164
20815 1168
24644 1170
1314 1173
28788 1179
24462 1180
18437 1181
6343 1184
24463 1186
19594 1187
25949 1189
10282 1191
29392 1193
10618 1196
3122 1197
24134 1198
27433 1200
17062 1201
18485 1202
25055 1203
27811 1204
20692 1209
6184 1212
19730 1213
1252 1215
19856 1216
30329 1218
8000 1220
6858 1221
12430 1222
24235 1223
4340 1228
20019 1232
3127 1236
20966 1242
17629 1244
1312 1250
2908 1251
24925 1254
759 1255
26336 1258
22311 1259
25518 1260
16154 1262
22200 1263
26106 1265
18 1266
3435 1267
23043 1270
18082 1271
21094 1273
24667 1274
22 1277
21375 1278
31435 1279
12231 1280
26305 1281
6144 1284
31406 1285
23470 1286
29843 1289
23434 1290
26984 1291
29321 1297
15502 1299
27679 1301
8239 1303
4137 1304
27224 1306
3899 1307
4566 1309
27441 1310
9119 1311
21744 1312
20945 1314
30269 1315
27085 1324
14942 1327
26203 1329
8282 1330
11035 1333
17670 1334
27439 1335
8770 1337
18236 1339
10844 1341
4663 1342
12724 1343
29318 1348
5831 1350
12856 1351
20743 1352
26465 1353
12986 1356
7418 1357
22600 1358
29266 1362
3860 1363
23123 1364
20377 1365
28177 1368
30685 1369
3595 1372
16922 1373
23914 1376
30677 1377
19158 1379
20469 1380
617 1384
18342 1385
6784 1386
14592 1389
17035 1390
24744 1397
11328 1399
27587 1402
17280 1403
13055 1406
19981 1407
24080 1408
24848 1409
1529 1410
15658 1411
8666 1413
13368 1414
10401 1418
25876 1419
743 1420
23198 1421
11812 1423
13208 1425
22449 1426
21629 1431
22163 1432
11514 1434
2861 1436
31042 1439
12720 1440
25472 1442
6027 1443
4447 1444
17689 1448
24160 1449
13226 1450
22326 1451
15791 1455
27925 1459
27416 1460
12646 1462
21111 1463
29183 1465
27206 1466
6031 1472
20843 1474
31054 1475
20260 1476
25634 1478
18759 1483
22479 1485
7212 1486
13526 1487
6018 1488
25910 1489
5266 1492
21642 1493
19166 1494
3622 1498
13293 1499
17216 1500
11775 1503
9659 1504
6331 1507
16873 1509
17915 1510
20265 1511
6317 1516
13458 1517
6 1518
6060 1522
7727 1523
3030 1527
23067 1528
19175 1530
11340 1531
15203 1532
23336 1534
10162 1535
26792 1538
6595 1542
14518 1543
25069 1544
28746 1546
29362 1547
14334 1548
28964 1554
24537 1555
12989 1556
6621 1559
14233 1561
27393 1562
29575 1563
8679 1566
15296 1567
29938 1572
18702 1574
25865 1575
5194 1576
19184 1577
4230 1579
13679 1581
10664 1582
26199 1588
3852 1589
23529 1591
6192 1592
19950 1594
1797 1595
4037 1597
25338 1598
1063 1601
1921 1602
12847 1606
19212 1607
15286 1609
3131 1610
21771 1612
26960 1613
13584 1619
19114 1621
29773 1622
6840 1629
10117 1630
416 1631
23624 1632
21350 1634
30058 1636
14278 1637
8966 1638
17605 1639
21506 1644
15697 1649
14168 1650
2330 1651
27347 1652
18168 1654
9432 1655
8031 1656
6161 1657
27486 1658
8439 1661
2900 1663
8484 1664
12706 1667
14772 1669
28343 1671
2237 1672
31495 1674
13832 1675
15723 1676
15432 1678
1826 1681
23500 1684
17182 1687
13962 1692
4114 1694
21669 1695
13469 1696
15927 1697
30684 1698
1244 1699
22417 1702
5754 1703
25581 1704
18051 1707
14487 1710
16095 1712
319 1717
15051 1718
20832 1719
1342 1721
21091 1722
959 1723
31437 1724
29704 1725
28526 1730
2612 1731
2931 1732
3193 1738
7781 1740
25548 1741
19048 1742
31356 1748
11695 1750
31417 1751
19193 1754
6346 1755
8909 1757
10332 1758
9512 1762
11117 1763
23648 1770
10155 1771
13157 1772
6940 1775
25302 1777
18960 1778
23982 1780
10186 1781
6225 1782
29730 1791
30620 1792
18042 1794
25578 1795
3415 1796
27283 1797
30682 1803
12489 1806
366 1807
27869 1808
29475 1809
3706 1810
7583 1811
1726 1812
7453 1813
5567 1818
17928 1820
3818 1822
3203 1823
29003 1827
1888 1828
11603 1829
9005 1831
14476 1832
4355 1834
30099 1835
5775 1836
29313 1838
20048 1840
15402 1841
31341 1842
637 1844
883 1845
12251 1848
4741 1850
22647 1851
10669 1854
19690 1855
21175 1856
23092 1859
3855 1860
24689 1863
19459 1865
1584 1866
66 1868
25002 1870
19654 1871
21965 1872
12928 1875
25619 1876
19276 1878
22290 1879
6978 1888
13925 1889
29116 1890
23139 1891
13360 1892
22012 1893
2201 1896
10261 1897
13969 1899
10214 1900
22727 1902
7908 1904
24428 1905
3481 1906
22618 1911
12541 1912
24597 1913
25573 1914
2620 1917
3911 1919
4507 1920
14199 1926
17737 1929
10425 1930
9214 1931
25600 1933
10105 1934
24475 1935
2052 1937
6665 1938
26247 1942
10589 1943
1721 1944
5056 1945
9762 1949
20796 1950
26252 1955
25038 1956
27919 1957
12037 1959
29264 1960
9258 1962
24596 1963
16530 1968
27723 1970
26066 1971
9259 1973
3102 1975
6482 1976
22409 1977
8998 1978
14149 1984
10391 1988
7222 1989
8455 1991
7385 1992
15798 1993
29801 1994
26267 1995
21020 1996
30701 1997
20609 1998
