1 2 0.265638
2 3 0.383106
3 4 0.353566
4 5 0.164188
5 6 16.937075
5 7 0.229847
7 8 16.891148
7 9 0.219155
9 10 18.294058
9 11 0.281743
11 12 16.180415
11 13 0.170075
13 14 0.157432
14 15 0.149025
15 16 0.16794399999999998
16 17 0.069486
17 18 0.217445
18 19 15.582889
18 20 0.448715
20 21 0.322645
21 22 15.46047
21 23 0.190898
23 24 15.100195
23 25 0.243655
25 26 0.18484
26 27 0.175199
27 28 0.156587
28 29 0.149117
29 30 0.150382
30 31 0.28434
31 32 0.106095
32 33 0.368585
33 34 15.788171
33 35 14.871324
35 36 1.091937
35 37 1.340242
32 38 0.315542
38 39 0.048611999999999995
39 40 0.22321
40 41 15.218669000000002
40 42 15.698076
39 43 0.097987
43 44 0.21437499999999998
44 45 0.127655
45 46 0.20414700000000002
46 47 14.92646
46 48 14.820968
45 49 16.446928999999997
44 50 0.22423600000000002
50 51 0.171429
51 52 16.04862
51 53 15.195533
50 54 0.205676
54 55 0.11252300000000001
55 56 0.319882
56 57 16.567608
56 58 0.364104
58 59 17.716387
58 60 17.222808
55 61 16.588444
54 62 16.503473
43 63 15.408615000000001
38 64 0.144217
64 65 15.50825
64 66 0.24537399999999998
66 67 0.067278
67 68 0.333722
68 69 0.115181
69 70 15.380073999999999
69 71 15.817306
68 72 15.506896000000001
67 73 0.180778
73 74 14.643257000000002
73 75 14.870306999999999
66 76 15.151385000000001
31 77 16.472436
30 78 16.446486
29 79 15.376049
28 80 14.87888
27 81 0.203063
81 82 0.203172
82 83 14.186765000000001
82 84 13.923619
81 85 15.886631000000001
26 86 0.120569
86 87 0.175708
87 88 0.5241509999999999
88 89 14.802291
88 90 15.085455
87 91 0.370376
91 92 16.870903000000002
91 93 0.668854
93 94 14.550232
93 95 14.635924
86 96 0.144122
96 97 0.280995
97 98 0.287352
98 99 0.181919
99 100 0.165413
100 101 0.5587650000000001
101 102 15.407837999999998
101 103 14.33959
100 104 13.753677
99 105 0.10363900000000001
105 106 0.11444300000000002
106 107 0.24089699999999997
107 108 0.057797
108 109 0.060575
109 110 0.145504
110 111 13.812659
110 112 13.034862
109 113 0.17971199999999998
113 114 0.084634
114 115 13.040336
114 116 0.17294700000000002
116 117 12.753299000000002
116 118 13.018450000000001
113 119 0.089302
119 120 0.229713
120 121 13.124895
120 122 0.135161
122 123 13.042161
122 124 12.542497999999998
119 125 12.901718
108 126 0.137238
126 127 0.13392199999999999
127 128 0.064821
128 129 0.325094
129 130 12.260501
129 131 12.388703
128 132 12.771258
127 133 0.332746
133 134 13.185488000000001
133 135 12.820124999999999
126 136 0.143432
136 137 0.068631
137 138 0.219396
138 139 0.24941400000000002
139 140 7.1116090000000005
140 141 5.7318929999999995
140 142 5.867733
139 143 13.561918
138 144 0.131951
144 145 0.522638
145 146 0.23628500000000002
146 147 8.843362
147 148 6.588057999999999
147 149 6.929248
146 150 0.38744500000000004
150 151 0.502774
151 152 0.266792
152 153 0.217015
153 154 1.974997
154 155 13.240103
154 156 13.233236000000002
153 157 16.663918
152 158 0.355951
158 159 17.221325
158 160 15.285691000000002
151 161 0.391592
161 162 0.436896
162 163 0.44331300000000007
163 164 0.360484
164 165 0.204872
165 166 0.564331
166 167 0.5120450000000001
167 168 18.918986
167 169 0.585224
169 170 21.232125
169 171 18.664975000000002
166 172 17.542210999999998
165 173 0.079387
173 174 0.350748
174 175 0.314799
175 176 0.418979
176 177 0.380067
177 178 19.366221
177 179 0.509703
179 180 19.284276
179 181 0.41287
181 182 0.027479000000000003
182 183 0.574924
183 184 0.342689
184 185 0.183678
185 186 0.291368
186 187 0.560608
187 188 0.567867
188 189 22.765091
188 190 24.615639
187 191 21.064499
186 192 0.26668400000000003
192 193 21.642926000000003
192 194 0.153145
194 195 20.716608
194 196 22.594898
185 197 0.5739270000000001
197 198 22.752127
197 199 0.5172829999999999
199 200 23.905535
199 201 20.855924
184 202 0.153597
202 203 0.37743899999999997
203 204 0.25271
204 205 21.54769
204 206 0.552403
206 207 19.805046
206 208 18.96951
203 209 19.672453
202 210 0.39723400000000003
210 211 20.606332
210 212 21.25522
183 213 0.263438
213 214 23.204060000000002
213 215 0.185205
215 216 0.494561
216 217 20.542759
216 218 23.423564
215 219 0.470126
219 220 20.439936
219 221 0.16343200000000002
221 222 20.602674
221 223 21.352424
182 224 0.34605
224 225 0.534836
225 226 20.921883
225 227 22.483168
224 228 20.770122
181 229 22.550756
176 230 18.361802
175 231 0.18137
231 232 17.759865
231 233 20.687282
174 234 17.270269
173 235 17.930246
164 236 19.308794000000002
163 237 17.24734
162 238 0.223711
238 239 0.165853
239 240 0.298993
240 241 0.363091
241 242 19.909393
241 243 0.413338
243 244 20.364049
243 245 18.316962
240 246 18.275824
239 247 0.247526
247 248 0.368687
248 249 19.177355
248 250 20.205246
247 251 0.467375
251 252 3.084221
252 253 17.970955999999997
252 254 19.353647
251 255 0.06581000000000001
255 256 0.935955
256 257 23.783
256 258 0.682037
258 259 21.028082
258 260 0.28272200000000003
260 261 0.444971
261 262 23.374764
261 263 0.5260779999999999
263 264 22.477255
263 265 22.892249
260 266 21.935758999999997
255 267 0.574291
267 268 0.7115009999999999
268 269 25.130026
268 270 21.876523
267 271 2.5625869999999997
271 272 22.663701
271 273 23.126757
238 274 0.069637
274 275 0.046015
275 276 0.118772
276 277 0.6761739999999999
277 278 18.191323
277 279 16.514008999999998
276 280 0.218353
280 281 0.24769000000000002
281 282 16.686106000000002
281 283 17.738590000000002
280 284 18.414611
275 285 0.22325399999999998
285 286 17.41927
285 287 2.5058939999999996
287 288 14.696750999999999
287 289 16.313539
274 290 0.45679099999999995
290 291 16.721140000000002
290 292 17.329375
161 293 0.203702
293 294 16.62804
293 295 17.796656
150 296 15.158890999999999
145 297 4.1585469999999995
297 298 9.897117
297 299 10.495773
144 300 0.452241
300 301 0.341963
301 302 29.859417
301 303 0.987168
303 304 1.835887
304 305 1.181118
305 306 26.044697
305 307 21.616668
304 308 25.572857
303 309 16.931653
300 310 15.093023
137 311 0.17048
311 312 0.37458199999999997
312 313 13.140724
312 314 13.472934
311 315 0.174997
315 316 12.839242
315 317 12.558326000000001
136 318 0.14726699999999998
318 319 0.216826
319 320 4.570399
320 321 9.029131
320 322 9.352534
319 323 13.226607000000001
318 324 0.600234
324 325 12.944533999999999
324 326 1.075578
326 327 11.40503
326 328 3.9597970000000005
328 329 7.360381
328 330 8.402014
107 331 0.07464900000000001
331 332 13.080100999999999
331 333 0.34366
333 334 12.845023
333 335 13.254135
106 336 0.169763
336 337 2.012208
337 338 11.934424
337 339 13.74378
336 340 14.545323
105 341 0.2775
341 342 0.399133
342 343 0.322426
343 344 0.31853699999999996
344 345 15.743399
344 346 15.033026999999999
343 347 0.137497
347 348 14.458798
347 349 15.569266
342 350 0.256693
350 351 0.387162
351 352 0.147133
352 353 0.339306
353 354 17.112195999999997
353 355 18.01409
352 356 0.20651599999999998
356 357 0.34064500000000003
357 358 0.034124999999999996
358 359 0.337482
359 360 0.5006550000000001
360 361 16.449162
360 362 16.525581
359 363 17.62376
358 364 0.475193
364 365 16.831781
364 366 16.376825
357 367 0.172287
367 368 0.404092
368 369 19.167212
368 370 0.395464
370 371 17.668995000000002
370 372 0.12801200000000001
372 373 18.181459999999998
372 374 19.564097
367 375 0.260364
375 376 0.330652
376 377 0.543279
377 378 0.252576
378 379 0.28474099999999997
379 380 21.042173000000002
379 381 20.585517
378 382 0.767644
382 383 21.672241
382 384 0.451238
384 385 21.576179
384 386 0.8279369999999999
386 387 22.879025
386 388 22.630798
377 389 0.33756400000000003
389 390 0.36849
390 391 0.48307
391 392 20.822729000000002
391 393 21.693641
390 394 20.447706
389 395 21.614672
376 396 18.586932
375 397 0.37130399999999997
397 398 17.5875
397 399 17.164604999999998
356 400 0.253251
400 401 0.25101
401 402 16.573245
401 403 17.383724
400 404 17.77986
351 405 15.282314999999999
350 406 0.114157
406 407 0.151176
407 408 0.30192
408 409 15.723175000000001
408 410 14.024253
407 411 14.782271
406 412 15.786616
341 413 0.168682
413 414 14.809078000000001
413 415 14.798031
98 416 0.262042
416 417 0.046491000000000005
417 418 0.087191
418 419 0.191281
419 420 0.180345
420 421 13.931956000000001
420 422 0.09984900000000001
422 423 0.19273700000000002
423 424 0.081021
424 425 0.201853
425 426 0.137937
426 427 11.883184
426 428 12.017658
425 429 0.271324
429 430 11.550794999999999
429 431 12.256502
424 432 11.602403
423 433 0.228848
433 434 12.075307
433 435 12.199715999999999
422 436 12.421272
419 437 0.33926999999999996
437 438 12.985488
437 439 12.318534
418 440 0.506107
440 441 13.075054
440 442 13.304741
417 443 0.183624
443 444 14.451370999999998
443 445 0.176786
445 446 0.267826
446 447 12.887599
446 448 13.398649
445 449 0.316833
449 450 0.45756700000000006
450 451 13.466975
450 452 14.316
449 453 13.012966
416 454 13.814689999999999
97 455 0.198211
455 456 0.09258
456 457 13.169006
456 458 0.11443600000000001
458 459 13.159887000000001
458 460 0.193715
460 461 13.738553000000001
460 462 12.78156
455 463 0.28014
463 464 0.16518
464 465 0.16081299999999998
465 466 12.888406
465 467 13.397843000000002
464 468 13.917765000000001
463 469 13.445671
96 470 0.145318
470 471 14.584894
470 472 0.12684700000000002
472 473 0.044732
473 474 0.268462
474 475 0.221041
475 476 0.5876170000000001
476 477 0.123262
477 478 12.387512000000001
477 479 0.183074
479 480 0.102782
480 481 0.036318
481 482 0.23619700000000002
482 483 0.30671600000000004
483 484 14.367469999999999
483 485 12.713915
482 486 13.046885
481 487 0.08828799999999999
487 488 0.027282
488 489 12.689384
488 490 12.47432
487 491 0.194888
491 492 12.123699
491 493 12.712596000000001
480 494 0.037495
494 495 0.09948299999999999
495 496 11.793982999999999
495 497 12.200403999999999
494 498 0.08760699999999999
498 499 0.11377200000000001
499 500 12.156867
499 501 11.697201999999999
498 502 12.327762
479 503 0.060143
503 504 0.07251
504 505 0.136849
505 506 0.020792
506 507 0.2695
507 508 13.294656999999999
507 509 11.494866
506 510 11.587375
505 511 0.106546
511 512 0.15464999999999998
512 513 0.181236
513 514 11.668262
513 515 0.146957
515 516 0.045096
516 517 11.068646
516 518 11.429016
515 519 0.102165
519 520 0.22447899999999998
520 521 0.142286
521 522 10.939191
521 523 10.903653
520 524 0.08427000000000001
524 525 0.278173
525 526 11.112539
525 527 11.01094
524 528 0.16032100000000002
528 529 0.30299
529 530 0.06924
530 531 10.875556
530 532 10.499561
529 533 0.141237
533 534 10.891402
533 535 10.577259999999999
528 536 11.331715
519 537 0.197936
537 538 11.683684
537 539 11.094614
512 540 0.28147300000000003
540 541 0.178512
541 542 0.032447
542 543 0.10291499999999999
543 544 0.075987
544 545 0.27472199999999997
545 546 0.056561
546 547 0.10374799999999999
547 548 0.32249700000000003
548 549 0.385156
549 550 10.468321999999999
549 551 10.158432000000001
548 552 10.816902
547 553 0.361553
553 554 9.834396
553 555 10.558494
546 556 0.046024
556 557 0.16142800000000002
557 558 0.19071400000000002
558 559 9.940611
558 560 10.218416
557 561 0.031457
561 562 10.301757
561 563 10.558860000000001
556 564 0.022233
564 565 0.031806
565 566 0.296507
566 567 9.668762000000001
566 568 10.069311
565 569 0.077675
569 570 0.08236199999999999
570 571 9.772364999999999
570 572 9.965708
569 573 10.277787
564 574 0.150478
574 575 0.038193
575 576 0.069405
576 577 0.086725
577 578 0.062366
578 579 0.052921
579 580 11.717493
579 581 10.078578
578 582 10.470933
577 583 0.18213000000000001
583 584 0.223844
584 585 11.141418
584 586 0.271117
586 587 10.374041
586 588 11.889757
583 589 0.050351
589 590 0.19619
590 591 10.91915
590 592 0.175208
592 593 0.214263
593 594 0.150476
594 595 0.142141
595 596 11.557067
595 597 11.73573
594 598 0.15018900000000002
598 599 11.102135
598 600 11.535845
593 601 0.020343
601 602 0.135681
602 603 0.21034399999999998
603 604 11.526019999999999
603 605 0.120379
605 606 11.568573
605 607 11.490359999999999
602 608 0.07102299999999999
608 609 0.267126
609 610 11.321728
609 611 0.160235
611 612 0.101796
612 613 0.144116
613 614 0.051433
614 615 0.23685199999999998
615 616 0.25127700000000003
616 617 11.67923
616 618 12.361930000000001
615 619 0.093672
619 620 0.130915
620 621 11.835128000000001
620 622 12.580213
619 623 12.310619
614 624 0.19068
624 625 0.617042
625 626 12.230697
625 627 11.76369
624 628 0.049468
628 629 0.22154800000000002
629 630 11.705849
629 631 11.680494
628 632 11.986123
613 633 0.12433
633 634 12.148921
633 635 0.10552199999999999
635 636 10.89422
635 637 11.229258999999999
612 638 0.379154
638 639 11.079119
638 640 0.71929
640 641 11.337593
640 642 1.571668
642 643 9.740045
642 644 10.746391
611 645 11.674872
608 646 11.322086
601 647 0.11315299999999999
647 648 0.164865
648 649 1.276902
649 650 11.440382
649 651 11.805641999999999
648 652 11.094473
647 653 0.206393
653 654 1.6080750000000001
654 655 11.564466
654 656 11.915421
653 657 10.997164
592 658 0.9715980000000001
658 659 9.704093
658 660 10.454934
589 661 10.739006
576 662 0.05088
662 663 0.320528
663 664 0.022216
664 665 0.26389999999999997
665 666 9.910722
665 667 9.546715
664 668 0.04748
668 669 0.10999899999999999
669 670 0.091015
670 671 0.027871
671 672 0.35932
672 673 0.36959800000000004
673 674 9.490351
673 675 10.154176
672 676 9.288962000000001
671 677 0.190259
677 678 9.435076
677 679 9.086907
670 680 0.08613699999999999
680 681 0.311758
681 682 1.12432
682 683 7.569517
682 684 9.081559
681 685 8.768103
680 686 9.241562
669 687 0.14280600000000002
687 688 0.113386
688 689 0.11804100000000001
689 690 0.087346
690 691 0.483444
691 692 9.339349
691 693 10.258406
690 694 10.99925
689 695 9.992168
688 696 0.093532
696 697 0.082536
697 698 0.386212
698 699 9.183899
698 700 8.730039000000001
697 701 0.063975
701 702 10.329012
701 703 2.0423630000000004
703 704 8.530345
703 705 7.419141
696 706 1.8380670000000001
706 707 8.445546
706 708 8.018438999999999
687 709 0.08162
709 710 0.17688
710 711 9.483561
710 712 9.506149
709 713 0.08761
713 714 0.050485999999999996
714 715 0.110628
715 716 0.16986099999999998
716 717 0.078211
717 718 0.115476
718 719 0.093941
719 720 0.051553999999999996
720 721 0.032292
721 722 0.17218999999999998
722 723 8.404902
722 724 0.22465800000000002
724 725 8.275919
724 726 7.90743
721 727 0.064597
727 728 0.214578
728 729 9.123222
728 730 8.322989
727 731 8.461755
720 732 0.10985299999999999
732 733 0.170674
733 734 0.065005
734 735 8.582666
734 736 0.32753
736 737 8.631772999999999
736 738 8.206392999999998
733 739 8.716567
732 740 0.050034
740 741 0.123638
741 742 8.266869
741 743 8.290661
740 744 8.178514
719 745 0.060091
745 746 0.033024
746 747 0.098872
747 748 0.238827
748 749 8.550393
748 750 9.082909
747 751 0.240593
751 752 8.159502
751 753 8.25771
746 754 0.047735
754 755 0.026857999999999996
755 756 0.18137
756 757 0.092067
757 758 0.11006200000000001
758 759 7.81308
758 760 8.042860000000001
757 761 0.14718699999999998
761 762 8.532089
761 763 0.132551
763 764 8.671927
763 765 0.051178
765 766 8.677939
765 767 8.160228
756 768 0.037293
768 769 0.154448
769 770 0.00658
770 771 0.390077
771 772 0.295709
772 773 0.14909
773 774 0.076668
774 775 0.10686599999999999
775 776 0.108711
776 777 0.039494
777 778 6.802727
777 779 0.11963
779 780 7.361013
779 781 8.073972999999999
776 782 0.15125
782 783 0.080651
783 784 0.048348999999999996
784 785 0.114992
785 786 6.053287
785 787 0.19086699999999998
787 788 6.324161999999999
787 789 6.117373000000001
784 790 7.275092
783 791 7.593138000000001
782 792 6.9586380000000005
775 793 0.199148
793 794 0.21376
794 795 7.805286000000001
794 796 7.863564
793 797 0.405978
797 798 7.163654999999999
797 799 7.9906950000000005
774 800 6.640550000000001
773 801 0.045868
801 802 0.136597
802 803 0.105399
803 804 6.323468
803 805 6.118066
802 806 6.396004
801 807 0.028045
807 808 0.080307
808 809 0.160016
809 810 0.066762
810 811 0.12078499999999999
811 812 0.135818
812 813 0.12625
813 814 7.268406
813 815 0.020825
815 816 0.048748
816 817 0.15438
817 818 8.025623
817 819 7.222272
816 820 7.118772
815 821 0.034566
821 822 0.185812
822 823 0.236659
823 824 7.020575
823 825 8.087002
822 826 0.160908
826 827 6.969010000000001
826 828 6.922477000000001
821 829 0.080208
829 830 0.055105
830 831 7.345416
830 832 7.294434
829 833 0.213838
833 834 7.552372
833 835 0.258666
835 836 8.411090999999999
835 837 8.286757
812 838 0.23075700000000002
838 839 7.308436
838 840 6.863688
811 841 6.577707000000001
810 842 0.029820999999999997
842 843 0.193845
843 844 6.676988000000001
843 845 6.4661360000000005
842 846 0.051711
846 847 0.08410899999999999
847 848 0.06451799999999999
848 849 6.801050999999999
848 850 6.856573000000001
847 851 0.181039
851 852 6.8493200000000005
851 853 7.135713000000001
846 854 7.288436
809 855 0.102324
855 856 0.151808
856 857 6.3888739999999995
856 858 6.567159
855 859 0.06821
859 860 0.032077
860 861 0.061105
861 862 0.15715600000000002
862 863 6.757918
862 864 6.7126149999999996
861 865 0.025504
865 866 0.048274
866 867 0.10460300000000002
867 868 6.585576
867 869 6.6978670000000005
866 870 0.10587400000000001
870 871 6.894704
870 872 6.575829
865 873 0.042622
873 874 0.10170599999999999
874 875 0.106693
875 876 6.502671
875 877 6.453362
874 878 6.605187
873 879 0.213827
879 880 0.091118
880 881 0.153157
881 882 0.157077
882 883 0.06381400000000001
883 884 5.704584
883 885 6.315995000000001
882 886 0.175896
886 887 5.570393
886 888 0.112488
888 889 5.655836
888 890 6.037335
881 891 6.05492
880 892 6.289781
879 893 0.034219
893 894 0.14316
894 895 6.256918000000001
894 896 0.104167
896 897 6.056921
896 898 6.337840999999999
893 899 0.080472
899 900 0.14888900000000002
900 901 6.507375
900 902 6.682523
899 903 0.102514
903 904 6.49902
903 905 0.21286
905 906 6.401448
905 907 7.4432670000000005
860 908 0.021603
908 909 0.188408
909 910 6.604964000000001
909 911 6.257524
908 912 0.07156499999999999
912 913 6.495461
912 914 0.107877
914 915 0.192808
915 916 6.010331
915 917 0.083228
917 918 0.087919
918 919 0.093165
919 920 0.064196
920 921 5.724851999999999
920 922 0.10273199999999999
922 923 0.429236
923 924 5.9872689999999995
923 925 5.565583999999999
922 926 0.175886
926 927 0.118372
927 928 6.4158729999999995
927 929 6.16598
926 930 0.057025
930 931 6.453065
930 932 0.165269
932 933 7.008941
932 934 5.947093
919 935 0.077779
935 936 0.286373
936 937 0.125978
937 938 0.036969
938 939 0.12292
939 940 5.111833
939 941 0.021431
941 942 0.20431
942 943 5.4408650000000005
942 944 5.5974889999999995
941 945 0.091336
945 946 5.204340999999999
945 947 0.13678200000000001
947 948 5.549309
947 949 0.183819
949 950 0.113755
950 951 0.057012999999999994
951 952 0.191931
952 953 5.93403
952 954 5.665596
951 955 0.177763
955 956 5.435687
955 957 0.173354
957 958 0.054993
958 959 0.033238000000000004
959 960 0.15252
960 961 5.146677
960 962 5.330405
959 963 0.052111
963 964 0.17467
964 965 0.182315
965 966 5.718317
965 967 5.507127
964 968 5.290089
963 969 0.129353
969 970 5.10639
969 971 5.464237000000001
958 972 0.17416700000000002
972 973 0.104072
973 974 0.041287000000000004
974 975 0.17541600000000002
975 976 0.286292
976 977 0.126475
977 978 0.077597
978 979 0.10091699999999999
979 980 0.104376
980 981 0.21917199999999998
981 982 3.644299
981 983 0.144289
983 984 3.5929
983 985 3.89073
980 986 0.101501
986 987 0.224108
987 988 0.27024800000000004
988 989 0.076304
989 990 0.258984
990 991 0.034591
991 992 0.114727
992 993 0.036929
993 994 0.14139300000000002
994 995 2.958498
994 996 3.402587
993 997 0.115857
997 998 3.201565
997 999 2.9256569999999997
992 1000 0.045380000000000004
1000 1001 0.115687
1001 1002 0.160096
1002 1003 0.133929
1003 1004 4.169287
1003 1005 3.641751
1002 1006 0.139399
1006 1007 0.154718
1007 1008 0.146769
1008 1009 0.47069
1009 1010 4.7183839999999995
1009 1011 14.084236
1008 1012 4.814624
1007 1013 3.828909
1006 1014 4.048977
1001 1015 0.261589
1015 1016 3.627017
1015 1017 3.388886
1000 1018 0.057151999999999994
1018 1019 3.3887069999999997
1018 1020 0.07247100000000001
1020 1021 3.5496399999999997
1020 1022 3.372717
991 1023 0.09769100000000001
1023 1024 2.9643829999999998
1023 1025 0.040762
1025 1026 0.154867
1026 1027 2.635018
1026 1028 0.171344
1028 1029 2.907425
1028 1030 2.939161
1025 1031 3.610335
990 1032 0.114051
1032 1033 0.118771
1033 1034 3.2000470000000005
1033 1035 3.3013559999999997
1032 1036 3.014999
989 1037 3.859638
988 1038 0.08751600000000001
1038 1039 0.278432
1039 1040 0.148283
1040 1041 0.038186
1041 1042 0.177763
1042 1043 0.275814
1043 1044 2.0698250000000002
1043 1045 4.431578
1042 1046 1.875729
1041 1047 0.084146
1047 1048 0.153828
1048 1049 0.240925
1049 1050 1.154487
1049 1051 0.202651
1051 1052 0.117837
1052 1053 0.09653300000000001
1053 1054 0.080466
1054 1055 1.222859
1054 1056 5.933362
1053 1057 0.5509649999999999
1052 1058 0.178257
1058 1059 4.220071
1058 1060 3.731285
1051 1061 0.035636
1061 1062 0.12204
1062 1063 2.840542
1062 1064 6.701086
1061 1065 0.263834
1065 1066 4.09868
1065 1067 3.525268
1048 1068 0.12375599999999999
1068 1069 1.827802
1068 1070 1.960785
1047 1071 4.892141
1040 1072 3.837963
1039 1073 0.113816
1073 1074 0.09495
1074 1075 0.188988
1075 1076 3.0183459999999998
1075 1077 0.097884
1077 1078 0.102933
1078 1079 2.144959
1078 1080 0.252141
1080 1081 0.290696
1081 1082 2.6236949999999997
1081 1083 2.147119
1080 1084 2.796301
1077 1085 2.177236
1074 1086 0.035032
1086 1087 0.173812
1087 1088 0.024541999999999998
1088 1089 0.09271900000000001
1089 1090 2.989283
1089 1091 0.09771400000000001
1091 1092 2.9672810000000003
1091 1093 2.97285
1088 1094 0.11045
1094 1095 2.887691
1094 1096 0.023908
1096 1097 2.888208
1096 1098 0.175403
1098 1099 2.65182
1098 1100 2.6334940000000002
1087 1101 0.126373
1101 1102 2.630752
1101 1103 0.046984
1103 1104 3.2931139999999997
1103 1105 0.308383
1105 1106 3.78702
1105 1107 2.527293
1086 1108 0.10116000000000001
1108 1109 0.205974
1109 1110 3.120552
1109 1111 0.223695
1111 1112 5.692609
1111 1113 3.194201
1108 1114 0.290985
1114 1115 2.228666
1114 1116 2.214739
1073 1117 0.084296
1117 1118 0.267383
1118 1119 0.090451
1119 1120 0.151472
1120 1121 2.441597
1120 1122 2.750171
1119 1123 2.514571
1118 1124 3.48766
1117 1125 0.140416
1125 1126 2.2595009999999998
1125 1127 0.055746
1127 1128 2.2406829999999998
1127 1129 2.202722
1038 1130 3.816498
987 1131 0.299135
1131 1132 0.09785600000000001
1132 1133 0.04990599999999999
1133 1134 0.170684
1134 1135 0.13194999999999998
1135 1136 0.41159999999999997
1136 1137 4.260558
1136 1138 0.580415
1138 1139 5.646905
1138 1140 4.830176
1135 1141 3.996726
1134 1142 3.563092
1133 1143 0.13644499999999998
1143 1144 0.155103
1144 1145 0.09221299999999999
1145 1146 3.294015
1145 1147 3.955751
1144 1148 0.165037
1148 1149 4.010131
1148 1150 3.6605890000000003
1143 1151 0.182538
1151 1152 0.063268
1152 1153 0.08125600000000001
1153 1154 3.363982
1153 1155 3.418057
1152 1156 3.286378
1151 1157 0.19398200000000002
1157 1158 3.8480939999999997
1157 1159 4.009717
1132 1160 0.04939500000000001
1160 1161 0.186752
1161 1162 4.051946
1161 1163 0.227754
1163 1164 4.2648470000000005
1163 1165 3.592964
1160 1166 0.07634500000000001
1166 1167 0.10032100000000001
1167 1168 0.10836000000000001
1168 1169 3.823086
1168 1170 3.2395889999999996
1167 1171 3.235887
1166 1172 3.7233460000000003
1131 1173 3.204185
986 1174 3.5162430000000002
979 1175 0.072604
1175 1176 0.090546
1176 1177 4.473654
1176 1178 0.086683
1178 1179 3.607867
1178 1180 3.735444
1175 1181 0.06786
1181 1182 0.666178
1182 1183 3.83086
1182 1184 4.120496
1181 1185 0.116534
1185 1186 0.046149
1186 1187 0.127167
1187 1188 4.27379
1187 1189 4.145294
1186 1190 0.058462
1190 1191 0.059709
1191 1192 0.237074
1192 1193 4.314666000000001
1192 1194 3.870554
1191 1195 0.020176
1195 1196 0.107243
1196 1197 4.530955
1196 1198 4.355856
1195 1199 0.091541
1199 1200 4.342033
1199 1201 4.357686
1190 1202 0.14199900000000001
1202 1203 4.091633
1202 1204 4.280677
1185 1205 4.254746
978 1206 4.142371000000001
977 1207 0.190859
1207 1208 4.162667
1207 1209 4.537052
976 1210 0.20088100000000003
1210 1211 4.594546
1210 1212 4.806763
975 1213 0.078316
1213 1214 0.105131
1214 1215 0.11341999999999999
1215 1216 4.400828
1215 1217 4.111801000000001
1214 1218 0.23445200000000002
1218 1219 4.120952
1218 1220 0.100283
1220 1221 4.103214
1220 1222 0.082941
1222 1223 4.265953
1222 1224 4.480539
1213 1225 0.30559200000000003
1225 1226 4.176145
1225 1227 4.2429380000000005
974 1228 5.29668
973 1229 5.438104
972 1230 0.18141100000000002
1230 1231 4.937136000000001
1230 1232 4.978673000000001
957 1233 5.3848199999999995
950 1234 5.668582
949 1235 0.064894
1235 1236 0.160264
1236 1237 5.592764
1236 1238 5.632680000000001
1235 1239 0.060718999999999995
1239 1240 0.064508
1240 1241 0.063682
1241 1242 0.13490100000000002
1242 1243 6.280041
1242 1244 5.693766
1241 1245 0.049266000000000004
1245 1246 6.506186
1245 1247 0.022987999999999998
1247 1248 0.248311
1248 1249 6.218589
1248 1250 6.1294
1247 1251 0.093714
1251 1252 0.267559
1252 1253 5.665537
1252 1254 5.840544
1251 1255 0.059849
1255 1256 6.198824
1255 1257 0.372738
1257 1258 6.3816109999999995
1257 1259 6.714741
1240 1260 0.539978
1260 1261 6.334479
1260 1262 6.247373
1239 1263 0.096639
1263 1264 5.825721
1263 1265 5.633587
938 1266 0.016217
1266 1267 0.064309
1267 1268 5.177367
1267 1269 4.972306
1266 1270 5.361322
937 1271 0.077735
1271 1272 0.13550800000000002
1272 1273 5.430736
1272 1274 0.041668
1274 1275 5.693574
1274 1276 6.139915
1271 1277 0.034774
1277 1278 0.028674
1278 1279 5.212889
1278 1280 0.060731
1280 1281 5.746522
1280 1282 0.076677
1282 1283 5.479583
1282 1284 0.20329800000000003
1284 1285 5.351409
1284 1286 5.125672
1277 1287 0.14160799999999998
1287 1288 5.2851349999999995
1287 1289 0.046951
1289 1290 5.65712
1289 1291 5.14737
936 1292 0.084757
1292 1293 0.08497199999999999
1293 1294 0.018872
1294 1295 0.056882
1295 1296 0.085278
1296 1297 4.660984
1296 1298 4.927416
1295 1299 0.142008
1299 1300 0.041401
1300 1301 0.071489
1301 1302 5.0546050000000005
1301 1303 0.172243
1303 1304 0.165827
1304 1305 4.545942
1304 1306 0.36519
1306 1307 4.574859
1306 1308 4.919996
1303 1309 4.721918
1300 1310 0.065906
1310 1311 4.655601
1310 1312 4.745709
1299 1313 0.007564
1313 1314 4.809395
1313 1315 4.591915
1294 1316 0.023806
1316 1317 0.15604200000000001
1317 1318 5.059486
1317 1319 5.277278
1316 1320 0.025202
1320 1321 0.060441
1321 1322 0.150421
1322 1323 4.675428
1322 1324 4.819427
1321 1325 0.130215
1325 1326 4.795358
1325 1327 4.793042
1320 1328 0.208502
1328 1329 4.690688
1328 1330 4.523531
1293 1331 0.037712999999999997
1331 1332 0.33987100000000003
1332 1333 4.507248
1332 1334 4.753744
1331 1335 0.045273
1335 1336 0.070149
1336 1337 0.088545
1337 1338 5.059445
1337 1339 0.079703
1339 1340 0.112007
1340 1341 4.405062
1340 1342 4.949475
1339 1343 0.156936
1343 1344 4.5737689999999995
1343 1345 4.359814
1336 1346 0.9112210000000001
1346 1347 4.549837
1346 1348 3.6353829999999996
1335 1349 0.162253
1349 1350 5.623716
1349 1351 4.900138
1292 1352 0.13514099999999998
1352 1353 0.149709
1353 1354 5.075962
1353 1355 0.232738
1355 1356 4.640002
1355 1357 4.995171
1352 1358 0.051997999999999996
1358 1359 0.11256300000000001
1359 1360 0.175854
1360 1361 4.587654
1360 1362 4.345929
1359 1363 0.081396
1363 1364 4.378429
1363 1365 4.508381
1358 1366 0.197306
1366 1367 4.331582
1366 1368 5.069728
935 1369 0.125123
1369 1370 0.06184
1370 1371 0.121054
1371 1372 5.326328999999999
1371 1373 0.087609
1373 1374 0.086643
1374 1375 0.106121
1375 1376 5.782894000000001
1375 1377 5.769959
1374 1378 5.717078
1373 1379 0.13552799999999998
1379 1380 0.249035
1380 1381 5.6332699999999996
1380 1382 6.013128999999999
1379 1383 5.644324
1370 1384 0.094538
1384 1385 0.477352
1385 1386 5.303137
1385 1387 5.6416710000000005
1384 1388 5.13537
1369 1389 0.067698
1389 1390 0.100676
1390 1391 5.450261
1390 1392 5.7284109999999995
1389 1393 0.1975
1393 1394 0.151388
1394 1395 4.795897
1394 1396 4.839276
1393 1397 5.250857
918 1398 0.061278000000000006
1398 1399 6.033011
1398 1400 6.0343420000000005
917 1401 0.068092
1401 1402 0.123928
1402 1403 0.265354
1403 1404 6.808617999999999
1403 1405 6.428051999999999
1402 1406 6.306208000000001
1401 1407 5.968214000000001
914 1408 0.024954000000000004
1408 1409 6.292899
1408 1410 0.255276
1410 1411 0.064622
1411 1412 6.236486
1411 1413 5.8776399999999995
1410 1414 6.974666999999999
859 1415 0.043847
1415 1416 0.20258500000000002
1416 1417 7.003761
1416 1418 6.279682
1415 1419 6.275430999999999
808 1420 0.357859
1420 1421 7.119836
1420 1422 6.584561
807 1423 6.808003
772 1424 0.252676
1424 1425 0.052413
1425 1426 0.068674
1426 1427 0.173952
1427 1428 0.093549
1428 1429 0.015233
1429 1430 0.140787
1430 1431 0.05745
1431 1432 7.574413000000001
1431 1433 0.09630799999999999
1433 1434 7.627184
1433 1435 7.761029
1430 1436 0.188107
1436 1437 7.666645
1436 1438 8.329613
1429 1439 0.098923
1439 1440 7.436483000000001
1439 1441 8.092048
1428 1442 0.076668
1442 1443 0.26982500000000004
1443 1444 6.938393
1443 1445 7.093412000000001
1442 1446 0.159899
1446 1447 0.135589
1447 1448 0.072171
1448 1449 7.7855430000000005
1448 1450 7.509125
1447 1451 0.033068
1451 1452 7.865659
1451 1453 7.475781
1446 1454 0.17428000000000002
1454 1455 7.715323000000001
1454 1456 7.859981
1427 1457 0.067204
1457 1458 0.083015
1458 1459 0.066257
1459 1460 0.070931
1460 1461 7.434124000000001
1460 1462 7.720225999999999
1459 1463 0.051847000000000004
1463 1464 0.081909
1464 1465 7.863585
1464 1466 0.07607799999999999
1466 1467 0.239426
1467 1468 8.566588999999999
1467 1469 7.9909419999999995
1466 1470 8.015952
1463 1471 0.248423
1471 1472 7.91833
1471 1473 7.610202000000001
1458 1474 0.016509
1474 1475 0.282394
1475 1476 0.19064699999999998
1476 1477 7.560622
1476 1478 8.482409
1475 1479 0.089989
1479 1480 7.613689999999999
1479 1481 8.008386000000002
1474 1482 0.077171
1482 1483 0.29526800000000003
1483 1484 7.120202000000001
1483 1485 8.782511
1482 1486 0.113993
1486 1487 7.382865
1486 1488 7.6779399999999995
1457 1489 0.092611
1489 1490 0.035938000000000005
1490 1491 0.193615
1491 1492 0.111331
1492 1493 6.565035
1492 1494 6.76518
1491 1495 6.97473
1490 1496 0.13087000000000001
1496 1497 0.095259
1497 1498 6.895242
1497 1499 7.043017999999999
1496 1500 0.115218
1500 1501 6.938859
1500 1502 7.1397189999999995
1489 1503 0.091591
1503 1504 0.07189899999999999
1504 1505 0.064719
1505 1506 0.053523
1506 1507 6.989439
1506 1508 0.026464
1508 1509 0.149581
1509 1510 6.894382
1509 1511 7.137423
1508 1512 7.030026
1505 1513 7.4885720000000005
1504 1514 0.183761
1514 1515 7.208199
1514 1516 7.05747
1503 1517 0.242355
1517 1518 7.092228
1517 1519 7.266986
1426 1520 0.017883999999999997
1520 1521 0.02096
1521 1522 0.06231299999999999
1522 1523 0.124293
1523 1524 0.28664799999999996
1524 1525 0.351378
1525 1526 7.872906
1525 1527 7.795942999999999
1524 1528 5.448435
1528 1529 3.103936
1528 1530 3.210377
1523 1531 7.980424
1522 1532 0.058413
1532 1533 0.11877599999999999
1533 1534 7.371925999999999
1533 1535 7.127606
1532 1536 0.337258
1536 1537 7.2769710000000005
1536 1538 6.941925
1521 1539 0.079832
1539 1540 0.148698
1540 1541 0.118525
1541 1542 7.2234359999999995
1541 1543 7.042231999999999
1540 1544 7.482036
1539 1545 0.15094
1545 1546 0.046625
1546 1547 8.007941
1546 1548 7.660907999999999
1545 1549 0.070307
1549 1550 0.12523700000000001
1550 1551 9.003905
1550 1552 8.395534
1549 1553 8.480936999999999
1520 1554 0.080807
1554 1555 0.191302
1555 1556 0.107223
1556 1557 7.581250000000001
1556 1558 7.619872
1555 1559 7.1191569999999995
1554 1560 7.713282
1425 1561 0.156218
1561 1562 0.145722
1562 1563 7.020744
1562 1564 7.1046059999999995
1561 1565 7.104044
1424 1566 0.19579799999999997
1566 1567 6.999536000000001
1566 1568 6.845179
771 1569 2.205127
1569 1570 5.236549
1569 1571 5.755032
770 1572 0.110044
1572 1573 7.527925000000001
1572 1574 0.21003100000000002
1574 1575 0.11204299999999999
1575 1576 7.700224
1575 1577 0.297905
1577 1578 8.323212
1577 1579 0.282962
1579 1580 8.757586
1579 1581 8.033807
1574 1582 7.751614
769 1583 0.535477
1583 1584 8.197402
1583 1585 8.03272
768 1586 0.23131900000000002
1586 1587 8.304017
1586 1588 7.645467999999999
755 1589 0.089855
1589 1590 8.424582
1589 1591 8.273266999999999
754 1592 0.133835
1592 1593 0.119797
1593 1594 0.069815
1594 1595 0.180231
1595 1596 9.433395
1595 1597 0.143312
1597 1598 8.564333
1597 1599 0.345864
1599 1600 8.749606
1599 1601 9.912695000000001
1594 1602 9.11584
1593 1603 0.210821
1603 1604 8.821208
1603 1605 8.765321
1592 1606 0.17472500000000002
1606 1607 8.924135
1606 1608 8.755939999999999
745 1609 0.079357
1609 1610 0.120821
1610 1611 8.558801
1610 1612 0.14091900000000002
1612 1613 0.056519999999999994
1613 1614 8.398373000000001
1613 1615 8.346248000000001
1612 1616 8.198859
1609 1617 0.019978
1617 1618 0.011757
1618 1619 0.09372799999999999
1619 1620 0.088798
1620 1621 0.20378200000000002
1621 1622 8.2377
1621 1623 0.16969
1623 1624 0.080861
1624 1625 0.048244
1625 1626 0.093474
1626 1627 8.655147000000001
1626 1628 0.067958
1628 1629 8.341619999999999
1628 1630 8.964274
1625 1631 8.559472999999999
1624 1632 0.072341
1632 1633 0.292787
1633 1634 8.246515
1633 1635 0.2895
1635 1636 7.778886999999999
1635 1637 7.889962000000001
1632 1638 0.338644
1638 1639 8.22734
1638 1640 8.283418
1623 1641 8.280852
1620 1642 0.08187799999999999
1642 1643 0.073264
1643 1644 0.061283
1644 1645 8.797398
1644 1646 0.020395
1646 1647 0.08671
1647 1648 0.042981
1648 1649 9.504885
1648 1650 0.130288
1650 1651 0.045459
1651 1652 9.579843
1651 1653 9.035685
1650 1654 0.118245
1654 1655 9.001411
1654 1656 9.099618
1647 1657 0.073037
1657 1658 8.767916000000001
1657 1659 0.042887999999999996
1659 1660 0.296026
1660 1661 8.535581
1660 1662 8.349358
1659 1663 0.13662100000000002
1663 1664 8.998913
1663 1665 0.133454
1665 1666 0.354161
1666 1667 8.921147999999999
1666 1668 8.057337
1665 1669 8.813285
1646 1670 0.045203
1670 1671 0.060548000000000005
1671 1672 0.10328500000000002
1672 1673 8.756454
1672 1674 8.830074999999999
1671 1675 9.812524
1670 1676 8.873035
1643 1677 0.033587
1677 1678 0.225124
1678 1679 8.632202
1678 1680 8.673691
1677 1681 8.708459
1642 1682 8.625245
1619 1683 0.028642
1683 1684 0.074588
1684 1685 0.242155
1685 1686 8.818506
1685 1687 8.674477999999999
1684 1688 8.410792
1683 1689 0.26451399999999997
1689 1690 8.462252000000001
1689 1691 8.375914
1618 1692 0.172009
1692 1693 8.311814
1692 1694 8.573125
1617 1695 0.06812800000000001
1695 1696 0.145539
1696 1697 8.583806
1696 1698 8.301133
1695 1699 0.11171099999999999
1699 1700 8.073462000000001
1699 1701 8.671159000000001
718 1702 0.053675999999999995
1702 1703 0.029657000000000003
1703 1704 0.09886
1704 1705 0.031976
1705 1706 0.22206800000000002
1706 1707 0.208434
1707 1708 8.935690000000001
1707 1709 9.212112
1706 1710 0.16556500000000002
1710 1711 0.190239
1711 1712 0.157143
1712 1713 0.256326
1713 1714 9.537636
1713 1715 9.592392
1712 1716 0.066698
1716 1717 0.088896
1717 1718 0.23213499999999998
1718 1719 0.567437
1719 1720 10.047118
1719 1721 9.270001
1718 1722 0.344631
1722 1723 9.723511
1722 1724 9.733925000000001
1717 1725 9.905845000000001
1716 1726 0.124504
1726 1727 10.327525
1726 1728 9.457321
1711 1729 9.742588000000001
1710 1730 8.771846
1705 1731 0.084558
1731 1732 0.29591
1732 1733 9.116964
1732 1734 9.077611
1731 1735 0.066579
1735 1736 8.851837999999999
1735 1737 9.950781000000001
1704 1738 0.09673999999999999
1738 1739 0.094317
1739 1740 9.12853
1739 1741 8.738636
1738 1742 0.244785
1742 1743 0.079142
1743 1744 8.674814999999999
1743 1745 8.818169
1742 1746 0.178108
1746 1747 8.702921
1746 1748 8.883608
1703 1749 0.22902899999999998
1749 1750 0.124596
1750 1751 8.865034
1750 1752 8.908586
1749 1753 9.159782
1702 1754 0.099076
1754 1755 8.964611
1754 1756 0.15606299999999998
1756 1757 8.752876
1756 1758 8.365926
717 1759 0.086144
1759 1760 8.377275000000001
1759 1761 8.928619
716 1762 0.23464100000000002
1762 1763 8.476808
1762 1764 8.969403
715 1765 9.176974
714 1766 1.1308820000000002
1766 1767 8.513969000000001
1766 1768 8.511288
713 1769 2.603596
1769 1770 6.854518
1769 1771 7.2708330000000005
668 1772 9.71774
663 1773 0.252611
1773 1774 0.481604
1774 1775 9.005996
1774 1776 9.515986999999999
1773 1777 9.340659
662 1778 0.046065
1778 1779 0.173679
1779 1780 9.761796
1779 1781 10.303685999999999
1778 1782 0.24727500000000002
1782 1783 9.903656
1782 1784 9.88119
575 1785 0.128116
1785 1786 0.046491000000000005
1786 1787 10.446175
1786 1788 11.022488
1785 1789 0.1406
1789 1790 10.719207
1789 1791 10.422047
574 1792 0.415614
1792 1793 9.59281
1792 1794 9.864626999999999
545 1795 0.020655
1795 1796 0.031588
1796 1797 0.05130799999999999
1797 1798 0.088479
1798 1799 0.259469
1799 1800 10.0892
1799 1801 10.81819
1798 1802 10.240998
1797 1803 0.06214499999999999
1803 1804 0.115279
1804 1805 0.139827
1805 1806 0.04222
1806 1807 10.314532999999999
1806 1808 0.15341300000000002
1808 1809 0.080554
1809 1810 0.063185
1810 1811 0.105465
1811 1812 0.326681
1812 1813 9.738869
1812 1814 9.905658
1811 1815 0.105966
1815 1816 0.06078
1816 1817 9.66887
1816 1818 0.059848
1818 1819 9.707813999999999
1818 1820 9.889940999999999
1815 1821 10.919107
1810 1822 10.146523
1809 1823 9.934476
1808 1824 0.164271
1824 1825 10.26237
1824 1826 10.036975
1805 1827 9.947402
1804 1828 0.304331
1828 1829 9.829833
1828 1830 9.767922
1803 1831 0.111585
1831 1832 0.19804800000000003
1832 1833 10.436471
1832 1834 10.611237
1831 1835 0.11766800000000001
1835 1836 10.638973
1835 1837 10.455508
1796 1838 0.146293
1838 1839 0.248666
1839 1840 0.13111
1840 1841 0.059455
1841 1842 0.30978999999999995
1842 1843 0.12291400000000001
1843 1844 11.219142999999999
1843 1845 11.746246000000001
1842 1846 11.476711
1841 1847 0.073161
1847 1848 11.074419
1847 1849 0.47843399999999997
1849 1850 10.352986
1849 1851 11.676948
1840 1852 0.392194
1852 1853 10.679816
1852 1854 10.274347
1839 1855 0.042826
1855 1856 0.190969
1856 1857 10.960791
1856 1858 10.788507
1855 1859 0.066281
1859 1860 11.150164
1859 1861 11.581361
1838 1862 0.272411
1862 1863 10.654529
1862 1864 10.486725
1795 1865 0.171751
1865 1866 0.087328
1866 1867 10.589466999999999
1866 1868 9.943742
1865 1869 10.249435
544 1870 0.23677099999999998
1870 1871 10.306705
1870 1872 10.881321
543 1873 0.08135
1873 1874 0.23138
1874 1875 0.322201
1875 1876 10.940664
1875 1877 0.214621
1877 1878 12.270055000000001
1877 1879 11.911423000000001
1874 1880 0.127987
1880 1881 11.567197
1880 1882 10.696601
1873 1883 0.040852
1883 1884 0.06426
1884 1885 0.16200399999999998
1885 1886 0.224135
1886 1887 11.853892
1886 1888 0.073142
1888 1889 11.990545
1888 1890 12.050615
1885 1891 11.340411
1884 1892 0.054319000000000006
1892 1893 0.424379
1893 1894 11.519588
1893 1895 11.024846
1892 1896 0.078427
1896 1897 11.476463
1896 1898 10.927653
1883 1899 0.291651
1899 1900 0.021247000000000002
1900 1901 10.363465
1900 1902 10.964879
1899 1903 10.432447999999999
542 1904 0.11675500000000001
1904 1905 0.169809
1905 1906 10.632791
1905 1907 0.101541
1907 1908 11.144093
1907 1909 11.166478
1904 1910 0.151753
1910 1911 0.152558
1911 1912 10.361645
1911 1913 10.358654000000001
1910 1914 10.535
541 1915 0.06765
1915 1916 0.288641
1916 1917 10.931669
1916 1918 12.361128
1915 1919 10.866644
540 1920 0.136081
1920 1921 0.12436000000000001
1921 1922 0.16107000000000002
1922 1923 11.274761
1922 1924 11.456764
1921 1925 0.090334
1925 1926 11.585184
1925 1927 0.037828
1927 1928 11.960696
1927 1929 12.3611
1920 1930 0.284901
1930 1931 11.853995000000001
1930 1932 11.158166
511 1933 0.09258200000000001
1933 1934 0.231096
1934 1935 11.440028
1934 1936 12.086632999999999
1933 1937 12.093507
504 1938 12.374106999999999
503 1939 0.25011
1939 1940 0.14668699999999998
1940 1941 13.721618
1940 1942 12.704948
1939 1943 12.08437
476 1944 0.099163
1944 1945 0.014294000000000001
1945 1946 0.148202
1946 1947 0.25511100000000003
1947 1948 14.02347
1947 1949 13.478867999999999
1946 1950 0.177537
1950 1951 13.89141
1950 1952 13.423838
1945 1953 13.44511
1944 1954 14.420926000000001
475 1955 14.004712
474 1956 13.373697000000002
473 1957 0.16480799999999998
1957 1958 0.319466
1958 1959 13.981604
1958 1960 0.050201
1960 1961 0.262509
1961 1962 14.337943000000001
1961 1963 14.848212
1960 1964 15.686976
1957 1965 0.23596
1965 1966 13.532989
1965 1967 15.419303000000001
472 1968 0.175566
1968 1969 13.378013
1968 1970 13.375962999999999
25 1971 0.508715
1971 1972 15.417579
1971 1973 15.452393
20 1974 16.486675
17 1975 16.007174
16 1976 17.607258
15 1977 0.38676
1977 1978 19.649638
1977 1979 16.412102
14 1980 0.160773
1980 1981 17.895525
1980 1982 0.170425
1982 1983 0.341828
1983 1984 16.820557
1983 1985 16.107413
1982 1986 17.642269
13 1987 17.223335000000002
4 1988 17.773773000000002
3 1989 0.254172
1989 1990 18.348885
1989 1991 17.432219
2 1992 0.38917999999999997
1992 1993 0.144219
1993 1994 18.367865
1993 1995 16.805194
1992 1996 19.009196
1 1997 20.525549
1 1998 18.857052
