31184 6
16020 8
28344 10
21164 12
5274 19
23597 22
5713 24
30704 34
3992 36
18915 37
27974 41
22958 42
21226 47
3567 48
10888 49
23161 52
20724 53
12442 57
8711 59
29948 60
11357 61
18740 62
10568 63
8745 65
1055 70
25519 71
6113 72
29462 74
16791 75
20754 76
12189 77
28102 78
28978 79
10597 80
6577 83
6804 84
20337 85
13911 89
14989 90
12730 92
13945 94
8970 95
27746 102
20231 103
15945 104
12700 111
15879 112
16641 115
2089 117
20946 118
2174 121
187 123
31177 124
2592 125
9976 130
3148 131
29816 132
21880 134
7226 135
25137 141
31420 142
17717 143
22346 148
7106 149
11271 155
17664 156
20629 157
13174 159
3177 160
23108 168
19378 170
16623 171
29170 172
30580 178
2842 180
28920 189
23788 190
9728 191
18563 193
6902 195
11540 196
10211 198
5307 200
14726 201
618 205
6060 207
717 208
21637 209
18256 211
13817 212
20146 214
13504 217
14739 218
9927 220
16982 222
17189 223
28512 226
15271 227
23851 228
11158 229
9897 230
13924 232
8975 233
321 234
26558 235
16039 236
16518 237
29386 242
13943 244
29062 245
27194 246
29991 249
4804 250
4160 253
17688 254
7799 257
3000 259
15887 262
19102 264
29675 265
6775 266
4802 269
30354 270
24067 272
22716 273
6919 278
28696 279
23143 282
30668 283
15742 284
24128 286
4848 288
30259 289
27653 291
17935 292
7052 294
19327 295
29149 296
10907 298
2125 299
26866 302
7550 306
10402 307
9041 308
24984 309
3943 310
22792 313
20681 314
16814 316
3318 317
26198 321
25106 322
19664 323
14946 325
18053 327
6681 329
2850 330
15175 332
31349 334
25573 335
16801 338
30887 339
16594 340
1560 345
2977 346
29117 348
29763 349
19030 354
26127 355
28789 361
17934 362
12223 363
20271 365
15896 366
4986 369
21890 371
9999 373
14349 374
7022 380
30494 381
8768 383
5270 385
18723 387
13015 388
3047 392
10265 393
27375 394
21720 395
16135 396
26288 398
18067 399
18824 402
12220 403
9314 404
24485 405
26736 409
31456 410
19665 411
7965 412
23556 414
11398 415
14167 421
7429 427
11625 428
13519 430
11321 431
20384 432
3237 434
28073 435
29220 436
7330 438
24409 439
28697 441
28990 442
10727 444
28050 447
26259 448
15361 451
29789 452
15933 453
3493 454
27415 457
15659 459
31342 461
5585 462
23705 466
27376 467
25882 468
17437 469
31324 471
28592 478
17433 484
26254 485
12887 486
10247 489
6313 490
10187 492
12336 493
11300 496
8985 497
22604 500
3492 501
17786 502
13719 508
28407 509
9260 510
3851 514
1325 517
10418 518
989 522
1342 523
25472 526
1377 527
14243 531
6597 532
1907 534
15519 535
20819 536
9036 538
25727 539
11020 550
8354 551
20174 552
8385 554
26549 555
26527 559
14748 560
5716 562
4782 563
29867 567
10353 568
3388 571
1946 572
10399 573
12290 580
8943 581
22074 582
23795 585
10008 587
23090 588
30071 591
5778 596
22199 597
7787 599
21213 600
17667 604
24023 606
8096 607
28643 610
16532 617
28126 618
24906 621
789 622
26694 623
15990 626
12305 627
325 630
787 631
20071 632
30735 634
20124 636
27148 637
23105 639
21949 641
31025 643
24579 644
30670 645
10708 646
9538 650
16848 651
14832 652
20813 655
31278 656
27498 657
6258 659
4157 660
31076 661
3549 666
2980 667
17989 674
9618 675
25887 676
8600 678
29527 679
29259 683
10452 684
30039 685
15343 686
6248 692
13162 693
14952 694
16488 695
20682 699
21768 700
13267 702
5182 704
2363 705
26697 707
4552 708
18902 711
18508 712
7123 723
13450 725
17832 726
1795 729
13906 730
23656 731
23298 735
18995 737
21270 738
11969 739
9163 742
5777 743
19369 744
19193 749
28750 750
6381 752
5083 753
7506 759
1708 760
15334 762
297 764
7122 766
17397 767
2364 778
10393 780
28891 781
735 786
18382 788
22488 789
10361 790
30465 791
25733 792
7263 795
794 796
25609 798
26852 799
31024 800
17365 804
14119 805
6413 806
8606 814
27886 818
24492 819
17474 820
9060 824
20221 825
26965 827
17572 828
2316 831
15533 832
19387 834
8185 836
24209 837
21166 839
14753 840
19316 841
1329 844
20544 845
18612 849
11339 850
23896 852
12106 853
26809 854
28451 857
2504 858
31063 863
14224 864
1044 868
20393 869
23212 871
64 872
30218 876
1285 877
8176 878
28132 884
28645 885
21376 887
23285 889
13395 890
13100 891
14754 892
9933 895
710 897
16854 898
9184 901
26427 902
11341 904
3646 906
4926 907
2436 910
28382 911
22118 913
14480 916
15100 921
8503 924
9605 925
18295 928
31164 929
10421 931
10335 933
19353 934
22926 940
26913 943
3490 944
28481 946
2380 948
21031 953
11533 954
27171 956
1680 961
26788 962
2986 966
20287 967
11081 968
20749 970
6106 971
24397 982
11962 984
24498 985
27083 995
18063 996
10815 998
27240 999
29510 1004
302 1005
4809 1010
14172 1011
6696 1012
7441 1013
29336 1014
13929 1016
17773 1017
15154 1019
31414 1021
14047 1022
13847 1024
1021 1027
23235 1029
13266 1030
15419 1031
8959 1034
3617 1035
19218 1036
5542 1037
16131 1044
13120 1045
12822 1046
8849 1050
27938 1055
15735 1056
10508 1057
5339 1059
21684 1060
27565 1063
17903 1064
25467 1066
19787 1067
26436 1069
5178 1070
13000 1071
6511 1072
3234 1076
24220 1079
24456 1082
21873 1083
25719 1084
5516 1085
12309 1090
9777 1092
17295 1093
20736 1095
28700 1097
11105 1099
10321 1100
30394 1102
26646 1104
25892 1106
5168 1107
29169 1110
17586 1112
10022 1113
14513 1115
14612 1116
24104 1121
25932 1122
26192 1123
6129 1124
30208 1126
17676 1128
13597 1129
20842 1130
26696 1137
6771 1139
5694 1140
12600 1141
26844 1142
750 1146
20390 1147
20199 1149
14878 1150
10769 1154
24511 1155
22221 1156
14376 1158
15547 1159
19225 1162
31450 1164
25256 1165
11201 1169
28280 1170
19850 1171
29231 1172
8908 1173
17001 1174
16127 1177
4035 1179
27904 1180
6215 1183
25066 1184
31098 1188
25099 1189
22454 1193
21181 1194
25338 1197
27693 1198
12925 1200
26798 1201
28846 1203
900 1204
9594 1205
10601 1206
10329 1208
6873 1209
1170 1211
30417 1212
17425 1216
15291 1217
14747 1219
18377 1221
3358 1223
21258 1224
22584 1226
11171 1227
7904 1228
6048 1229
4094 1231
23168 1232
27716 1233
24068 1234
25518 1237
2369 1238
31383 1243
20748 1244
1897 1246
15016 1249
28725 1250
24821 1253
27983 1254
20904 1256
25357 1258
12936 1259
19243 1261
21920 1262
5326 1264
1454 1265
6111 1268
10303 1269
5715 1270
30729 1273
16099 1275
24646 1276
10537 1279
10513 1281
9454 1283
31246 1285
29398 1286
2043 1288
11923 1290
30807 1291
22375 1297
23812 1298
25443 1302
27142 1305
6662 1307
22764 1308
27828 1309
14316 1311
6470 1312
31516 1314
15582 1315
11729 1318
21914 1319
12873 1323
25460 1324
24966 1326
284 1327
798 1329
24586 1330
28940 1333
30605 1334
11232 1338
25577 1341
9628 1342
2261 1344
1098 1345
2386 1347
25109 1348
17444 1350
25447 1351
4536 1354
22492 1356
15043 1357
14138 1361
11029 1362
5788 1364
20678 1365
29488 1367
3012 1368
26176 1372
28343 1376
18992 1377
18241 1378
3034 1381
20423 1382
22781 1383
20158 1386
24136 1387
3612 1388
30526 1391
30519 1392
26822 1395
23799 1396
26057 1397
28308 1399
14199 1400
5658 1404
436 1405
26652 1406
14530 1407
28951 1409
6383 1412
483 1413
22664 1414
31523 1417
12000 1418
6504 1419
13458 1421
21130 1422
27509 1423
26966 1432
16282 1434
29788 1435
4484 1437
24529 1438
26086 1440
25571 1441
30225 1444
22442 1445
19771 1449
9129 1450
2880 1452
6390 1453
5286 1455
8069 1456
11823 1461
20885 1462
5631 1465
17173 1468
22961 1469
18913 1470
11291 1472
12429 1473
28106 1477
8000 1478
28016 1480
11269 1481
2002 1484
12538 1485
2247 1487
11419 1488
22736 1493
8593 1494
14916 1495
21739 1498
7842 1499
13933 1501
14492 1502
17038 1507
30442 1510
7372 1511
29900 1512
21240 1513
11246 1515
445 1516
18932 1518
11319 1519
12167 1526
11510 1527
11283 1529
6749 1530
8964 1531
10861 1534
15880 1535
13671 1537
3015 1538
1741 1542
22290 1543
23904 1544
10868 1547
21974 1548
28161 1551
28860 1552
21382 1553
6479 1557
5561 1558
7642 1559
15670 1560
9658 1563
13757 1564
10251 1565
23091 1567
12589 1568
27405 1570
3844 1571
15005 1573
26330 1576
29694 1578
22698 1580
18236 1581
21822 1582
14438 1584
16662 1585
13269 1587
871 1588
30578 1590
23209 1591
1424 1596
17421 1598
12999 1600
18739 1601
12082 1602
22007 1604
12421 1605
29927 1607
5635 1608
24962 1611
2950 1614
6620 1615
3998 1616
24797 1622
5969 1627
8306 1629
28584 1630
28518 1631
3949 1634
11164 1636
15049 1637
3155 1639
24421 1640
22632 1641
3306 1645
26038 1649
29250 1652
19016 1653
7474 1655
22274 1656
21038 1658
30172 1661
1977 1662
26811 1664
10134 1667
1721 1668
31254 1669
15382 1673
1518 1674
14956 1675
22404 1676
29165 1679
5464 1680
2485 1681
944 1682
30990 1686
28625 1687
4899 1688
17878 1690
7537 1691
27244 1693
25992 1694
6560 1697
28309 1698
1570 1700
5201 1701
13792 1708
17350 1709
8442 1714
1826 1715
24293 1720
518 1721
19569 1723
2057 1724
18043 1725
29187 1727
3481 1728
11631 1729
3721 1730
19032 1733
15045 1734
12913 1736
22820 1737
14188 1740
29082 1741
5354 1744
6813 1745
5610 1747
22498 1748
5485 1751
28444 1752
27859 1753
10066 1755
7710 1757
20485 1758
8274 1760
30773 1761
18710 1763
3711 1764
22220 1765
5960 1767
3483 1768
10263 1770
14024 1771
7886 1772
21962 1775
23686 1776
22163 1777
7345 1780
29741 1781
10972 1783
27039 1784
19257 1787
9473 1788
27167 1790
7543 1791
23354 1793
8546 1794
16316 1800
23318 1801
15536 1802
5472 1807
18327 1813
7583 1814
28541 1817
1547 1819
14071 1820
16237 1821
15417 1822
16933 1823
9526 1825
21064 1826
23593 1827
20397 1829
9593 1830
24535 1833
9565 1834
10970 1836
25464 1837
7384 1844
16843 1845
15847 1846
29218 1848
24507 1850
1752 1851
15074 1853
21172 1854
28468 1857
6831 1858
6778 1860
15457 1861
25810 1863
16084 1864
30265 1867
17604 1868
9003 1869
19165 1871
6316 1872
17243 1876
15787 1878
15962 1879
6968 1881
6472 1882
22665 1887
29739 1889
3373 1890
29560 1891
2774 1894
21381 1895
6439 1897
2357 1898
20615 1901
3855 1902
5049 1903
26132 1906
11770 1908
5828 1909
4183 1912
23401 1913
14023 1914
22360 1917
31417 1918
27676 1919
18441 1923
4349 1924
14448 1926
28431 1928
7693 1929
3228 1931
4009 1932
22208 1935
4821 1936
21969 1937
13605 1938
5731 1941
30266 1942
20732 1943
30880 1948
26151 1949
9713 1951
7225 1952
2259 1953
20219 1954
9296 1955
235 1956
20677 1959
25560 1962
30500 1963
21471 1964
10378 1966
29831 1967
23232 1969
18779 1970
18825 1972
6305 1973
24193 1974
7155 1975
21259 1976
28727 1978
13416 1979
17459 1981
1690 1984
21799 1985
20973 1986
19002 1987
15438 1988
31 1990
30025 1991
19139 1994
14118 1995
23780 1996
242 1997
8432 1998
