1 2 44.499608
2 3 1
3 4 0.0019879999999999997
4 5 1.1454870000000001
5 6 1
6 7 843.511336
7 8 149.65952000000001
7 9 151.725041
6 10 4.762499
10 11 18.998321
11 12 1
12 13 29.835771
13 14 17.55077
14 15 31.380701
15 16 27.412435000000002
16 17 87.115974
17 18 101.46657400000001
18 19 711.0014269999999
18 20 510.56139399999995
20 21 102.25080799999999
20 22 156.553823
17 23 809.668673
16 24 899.132054
15 25 918.624874
14 26 953.101697
13 27 975.847186
12 28 953.621384
11 29 728.034221
29 30 232.351316
29 31 149.447066
31 32 94.849717
32 33 9.735549
32 34 9.829606
31 35 101.681077
10 36 2.573945
36 37 657.793573
37 38 269.538456
38 39 73.189487
38 40 74.686502
37 41 229.42041400000002
41 42 108.97183299999999
41 43 111.32068100000001
36 44 1000.6848659999999
5 45 2.366062
45 46 579.446769
46 47 62.691074
47 48 39.982187
48 49 62.74261799999999
49 50 102.18731299999999
50 51 83.887292
51 52 66.594898
51 53 71.303019
50 54 125.754122
49 55 235.890583
48 56 320.850508
47 57 269.720089
57 58 88.340875
57 59 88.824426
46 60 56.790165
60 61 215.274344
61 62 123.562331
61 63 86.051355
60 64 146.279543
64 65 64.199951
65 66 92.061049
66 67 61.400133000000004
66 68 53.431186
68 69 5.3977949999999995
68 70 5.758025
65 71 145.71781
64 72 148.709276
72 73 41.744945
72 74 59.432474
74 75 5.070997
74 76 2.318556
45 77 0.854207
77 78 41.652516
78 79 117.250215
79 80 753.398767
80 81 81.966271
80 82 79.12527
79 83 843.295391
78 84 345.579658
84 85 467.920268
85 86 146.991102
85 87 146.162409
84 88 616.124325
77 89 1000.882075
4 90 1.685982
90 91 1.2755560000000001
91 92 1.638544
92 93 1.1281269999999999
93 94 1.15509
94 95 1.3724560000000001
95 96 5.328199
96 97 24.215328
97 98 118.291916
98 99 18.053992
99 100 842.416465
99 101 160.730241
101 102 543.237023
101 103 681.655549
98 104 796.916242
104 105 62.315796
104 106 58.775236
97 107 980.7632520000001
96 108 1
108 109 591.227018
109 110 413.55812299999997
109 111 413.51813699999997
108 112 3.3165189999999996
112 113 7.567594
113 114 11.523159
114 115 21.626378
115 116 8.383661
116 117 15.283752
117 118 21.915200000000002
118 119 39.411291
119 120 866.7835990000001
119 121 49.473425
121 122 112.203438
122 123 693.001326
122 124 371.526102
124 125 174.354351
124 126 295.108241
121 127 820.57746
118 128 899.480062
117 129 925.926901
116 130 948.9485370000001
115 131 934.3586009999999
114 132 974.9330649999999
113 133 155.344725
133 134 820.462628
133 135 708.646413
135 136 75.28093700000001
135 137 92.30438600000001
112 138 230.984796
138 139 554.800073
139 140 213.951671
139 141 207.34986800000001
138 142 351.683081
142 143 375.325984
142 144 417.886481
95 145 1.323471
145 146 994.004628
145 147 1.379217
147 148 6.33263
148 149 21.954197999999998
149 150 508.336907
150 151 399.576375
151 152 28.735344
151 153 50.670822
150 154 457.972092
149 155 1
155 156 8.633453000000001
156 157 2.584496
157 158 9.715559
158 159 9.180295
159 160 13.238584000000001
160 161 14.825069
161 162 26.773405
162 163 91.558998
163 164 167.438364
164 165 431.27592000000004
165 166 185.02123
165 167 1
164 168 568.72408
163 169 818.8908200000001
162 170 903.2947139999999
161 171 931.026243
160 172 909.3228509999999
159 173 964.58935
158 174 959.1561370000001
157 175 988.365016
156 176 978.189933
155 177 988.742869
148 178 1
178 179 685.3106859999999
179 180 314.550069
179 181 321.424331
178 182 168.776682
182 183 256.211407
183 184 536.847759
183 185 383.132734
185 186 49.558741
186 187 127.860136
186 188 20.2734
188 189 9.229295
189 190 45.288109999999996
190 191 76.17177000000001
190 192 71.733598
189 193 119.579061
188 194 116.023618
185 195 196.37918100000002
182 196 839.380678
147 197 1.96115
197 198 3.094364
198 199 1.112932
199 200 674.851221
200 201 273.715675
201 202 28.175092000000003
201 203 42.758044
200 204 306.76403
199 205 17.328554
205 206 295.18653600000005
206 207 560.747866
207 208 77.111592
208 209 17.665131000000002
208 210 18.990932
207 211 133.36156400000002
206 212 688.0874709999999
205 213 12.162752000000001
213 214 1
214 215 8.690895999999999
215 216 529.211011
216 217 419.525986
216 218 444.95068699999996
215 219 1
219 220 6.244957
220 221 14.144561999999999
221 222 16.915808
222 223 24.852171000000002
223 224 30.888921000000003
224 225 44.259526
225 226 129.789423
226 227 471.56942300000003
227 228 215.109015
227 229 1
226 230 662.186555
225 231 839.375317
224 232 875.858401
223 233 910.593236
222 234 938.96854
221 235 945.2080520000001
220 236 948.73888
219 237 964.7603300000001
214 238 754.999508
238 239 229.3375
238 240 203.27166
213 241 661.000533
241 242 29.462498999999998
242 243 283.927125
242 244 141.746195
244 245 113.652903
244 246 141.104155
241 247 310.886842
198 248 1.127563
248 249 15.558718999999998
249 250 1
250 251 8.459055
251 252 11.57887
252 253 14.493942
253 254 737.320231
254 255 217.526092
254 256 222.861769
253 257 1
257 258 34.054592
258 259 1
259 260 13.273351
260 261 7.759528
261 262 12.221057
262 263 20.331362
263 264 61.500795
264 265 54.653328
265 266 309.59203099999996
266 267 303.274031
267 268 1
267 269 168.804314
266 270 432.573575
265 271 802.941845
264 272 834.8622869999999
263 273 913.155248
262 274 909.3518760000001
261 275 939.055973
260 276 961.1061619999999
259 277 940.272484
258 278 262.666223
278 279 687.279627
278 280 681.859721
257 281 966.778942
252 282 912.7230709999999
282 283 54.510709
282 284 49.006537
251 285 594.744138
285 286 360.228422
285 287 395.765595
250 288 639.825469
288 289 335.627956
288 290 358.757694
249 291 123.89692000000001
291 292 730.379055
292 293 62.670157
293 294 73.55694
293 295 75.502612
292 296 126.718638
291 297 425.95363
297 298 423.57565
297 299 218.166249
299 300 195.568723
299 301 212.42276800000002
248 302 1
302 303 4.142975
303 304 1
304 305 0.224198
305 306 4.554566
306 307 35.321151
307 308 122.83348300000002
308 309 224.24652200000003
309 310 591.2326410000001
309 311 510.951501
308 312 822.5855250000001
307 313 81.182513
313 314 884.800098
313 315 416.141663
315 316 462.506379
315 317 468.124818
306 318 458.253049
318 319 510.38654799999995
318 320 202.84762999999998
320 321 334.09649099999996
321 322 2.4777400000000003
321 323 2.395777
320 324 317.481433
305 325 1.045215
325 326 2.240555
326 327 0.193685
327 328 15.035525999999999
328 329 988.0000450000001
328 330 46.158814
330 331 34.491789
331 332 95.221935
332 333 421.644772
333 334 294.543627
333 335 370.845672
332 336 786.96664
331 337 905.8428879999999
330 338 942.1510720000001
327 339 1003.329115
326 340 872.054528
340 341 112.566173
340 342 108.04097999999999
325 343 2.673708
343 344 23.357806
344 345 939.340958
344 346 832.608451
346 347 144.66837999999998
346 348 131.197977
343 349 6.301341000000001
349 350 1
350 351 25.678997
351 352 68.156801
352 353 9.153084
353 354 55.12224
354 355 303.54351099999997
355 356 516.189065
355 357 171.324672
357 358 290.697444
357 359 57.56978
354 360 836.6607260000001
353 361 867.00944
352 362 360.57894300000004
362 363 542.157068
362 364 551.651528
351 365 713.3896209999999
365 366 105.81416100000001
366 367 98.71523599999999
367 368 37.349437
367 369 59.474689999999995
366 370 159.91907
365 371 56.225934
371 372 186.685054
371 373 174.382308
350 374 759.603751
374 375 99.100163
375 376 141.292189
375 377 144.918013
374 378 249.478256
349 379 1
379 380 1
380 381 5.631958
381 382 46.543536
382 383 49.290087
383 384 287.719789
384 385 572.991137
384 386 594.2773169999999
383 387 884.4446270000001
382 388 155.539808
388 389 798.118659
388 390 755.9854750000001
381 391 3.446987
391 392 1
392 393 1
393 394 686.0242529999999
394 395 204.40154
395 396 100.92618900000001
395 397 79.705237
394 398 297.01735
393 399 11.542159
399 400 1
400 401 557.642103
401 402 100.358664
402 403 125.885434
403 404 180.055164
403 405 193.885561
402 406 321.807076
401 407 443.17432099999996
400 408 1
408 409 297.507177
409 410 670.643472
409 411 700.723449
408 412 15.771093
412 413 1
413 414 674.893311
414 415 286.612395
414 416 327.713701
413 417 6.597717
417 418 34.655598
418 419 1
419 420 1
420 421 0.95189
421 422 867.4649459999999
422 423 131.85513600000002
422 424 88.495973
421 425 12.443216
425 426 132.121714
426 427 727.007253
427 428 72.90720400000001
428 429 28.555657
428 430 20.460729
427 431 127.732323
426 432 815.894533
425 433 9.270011
433 434 1
434 435 13.946454
435 436 543.556346
436 437 375.64091099999996
437 438 21.38176
438 439 20.120285
438 440 9.07636
437 441 27.526054
436 442 445.08878200000004
435 443 1
443 444 8.385224
444 445 1
445 446 21.86101
446 447 1
447 448 972.218793
447 449 51.716843999999995
449 450 26.784443000000003
450 451 1
451 452 70.586188
452 453 505.171205
453 454 29.218523
454 455 278.47688
454 456 318.076285
453 457 281.389793
452 458 900.04741
451 459 980.115756
450 460 8.802751
460 461 63.401731
461 462 113.517761
462 463 455.493119
463 464 219.128173
463 465 167.44414999999998
465 466 69.32343800000001
465 467 51.483963
462 468 723.102848
461 469 818.2700390000001
460 470 927.763249
449 471 1
471 472 1
472 473 109.387319
473 474 844.8052990000001
473 475 850.877302
472 476 3.025183
476 477 15.232308
477 478 1
478 479 971.599274
478 480 19.151728000000002
480 481 226.825418
481 482 699.546383
481 483 749.694064
480 484 16.294437000000002
484 485 2.9284749999999997
485 486 67.55936
486 487 768.778274
487 488 83.33947900000001
487 489 76.615645
486 490 873.790229
485 491 6.284106
491 492 70.52975500000001
492 493 234.691948
493 494 569.99378
493 495 617.1374830000001
492 496 892.849253
491 497 1
497 498 384.316251
498 499 556.834935
498 500 543.24018
497 501 30.485564999999998
501 502 1
502 503 964.932056
502 504 123.21484099999999
504 505 319.40893
505 506 470.60992300000004
505 507 420.382969
504 508 804.6418510000001
501 509 1
509 510 961.768894
509 511 1.6242679999999998
511 512 74.305341
512 513 253.20209999999997
513 514 625.845655
514 515 6.437318
514 516 9.587502
513 517 276.962285
517 518 308.23502399999995
518 519 35.029578
518 520 48.778497
517 521 358.84331000000003
512 522 1
522 523 953.0905069999999
522 524 2.182271
524 525 3.0782
525 526 945.1038900000001
525 527 34.887436
527 528 1
528 529 946.123678
528 530 1.6130120000000001
530 531 0.708974
531 532 945.4944539999999
531 533 39.788681999999994
533 534 191.57863799999998
534 535 639.129085
535 536 47.902095
536 537 1.8782819999999998
536 538 1.7422
538 539 3.8020869999999998
539 540 4.340219
539 541 2.373228
538 542 0.629779
542 543 0.157533
543 544 2.649876
544 545 4.784635000000001
545 546 1.429856
546 547 1.9532230000000002
546 548 2.599709
545 549 0.910955
544 550 0.489986
543 551 2.199752
542 552 7.342802
552 553 4.492577
552 554 2.7801780000000003
535 555 56.366156999999994
555 556 14.202594
555 557 6.23597
534 558 1
558 559 1
559 560 935.1528549999999
559 561 7.605462
561 562 1.2210969999999999
562 563 0.657283
563 564 3.1941770000000003
564 565 0.8740589999999999
565 566 2.580935
566 567 1.9720600000000001
567 568 1.132332
568 569 1.41754
569 570 71.127925
570 571 1
571 572 4.400911
572 573 4.067802
573 574 5.110311
574 575 98.837077
575 576 1
576 577 90.46733
577 578 1
578 579 123.98698800000001
579 580 1
580 581 1
581 582 16.822635
582 583 12.112349
583 584 3.710302
584 585 11.573656999999999
585 586 179.23746300000002
586 587 1
587 588 6.416539
588 589 2.370392
589 590 7.160170000000001
590 591 4.857483
591 592 17.744868
592 593 7.875849
593 594 5.66026
594 595 14.886316999999998
595 596 181.948173
596 597 1
597 598 3.959134
598 599 5.090139
599 600 18.281432
600 601 8.480901000000001
601 602 8.61637
602 603 9.355265
603 604 14.398800000000001
604 605 9.1569
605 606 9.291007
606 607 15.839867
607 608 418.98017999999996
608 609 1
609 610 537.312956
609 611 265.363587
611 612 1.5848609999999999
612 613 9.750528
613 614 1
613 615 7.488139
615 616 1.8902519999999998
616 617 0.5096780000000001
617 618 0.8906219999999999
618 619 0.418201
619 620 0.210671
620 621 0.317205
621 622 0.35613
622 623 0.639771
623 624 1
623 625 0.25621
625 626 1
625 627 0.5657220000000001
627 628 1
627 629 0.5089319999999999
629 630 1
629 631 2.992308
631 632 1
632 633 1
632 634 1.83802
634 635 1
634 636 2.407043
636 637 1
637 638 0.392275
638 639 0.302167
639 640 0.577324
640 641 0.399566
641 642 1
641 643 1.091101
643 644 0.456185
644 645 0.7995880000000001
645 646 0.8048420000000001
646 647 0.6227940000000001
647 648 1.243943
648 649 3.113525
649 650 0.864379
650 651 2.9827510000000004
651 652 1
651 653 7.471690000000001
653 654 1.181384
654 655 1.8714060000000001
655 656 1.481213
656 657 2.336652
657 658 1.427582
658 659 0.8155680000000001
659 660 1.492213
660 661 1.280397
661 662 1.595464
662 663 4.321612
663 664 3.1324780000000003
664 665 3.5572479999999995
665 666 19.090139
665 667 0.54967
664 668 1
663 669 1
662 670 1
661 671 1
660 672 1
659 673 1
658 674 1
657 675 1
656 676 1
655 677 1
654 678 1
653 679 1
650 680 1.8170100000000002
649 681 1
648 682 1
647 683 1
646 684 1
645 685 1
644 686 1
643 687 1
640 688 1
639 689 1
638 690 1
637 691 1
636 692 0.449559
692 693 7.203907
692 694 1
631 695 0.40450699999999995
695 696 2.555955
695 697 0.776609
622 698 1
621 699 1
620 700 1
619 701 1
618 702 1
617 703 1
616 704 1
615 705 1
612 706 1
611 707 1
608 708 1
708 709 1
708 710 8.514896
710 711 1.3007879999999998
711 712 17.190145
712 713 2.467401
713 714 1.066633
714 715 0.722809
715 716 0.33327999999999997
716 717 0.158094
716 718 2.138591
715 719 1
714 720 0.507311
713 721 1.032675
721 722 1
722 723 0.71876
723 724 2.107695
724 725 0.753865
725 726 1.315072
726 727 1.20401
727 728 2.095259
727 729 2.210485
729 730 1
729 731 2.870101
731 732 5.3421650000000005
731 733 5.570409
726 734 3.21156
725 735 0.496244
724 736 0.28793
723 737 1
722 738 1
721 739 1.233836
739 740 1.693534
740 741 1.6572170000000002
740 742 0.378117
742 743 1.3870209999999998
742 744 1.30564
739 745 1
712 746 0.772536
711 747 1
710 748 1
607 749 670.934806
606 750 691.853351
605 751 692.757071
604 752 702.085221
603 753 722.63922
602 754 731.526094
601 755 730.4745429999999
600 756 743.0439749999999
599 757 757.007418
598 758 765.4483250000001
597 759 771.859327
596 760 368.123808
760 761 206.289381
760 762 217.17318799999998
595 763 777.658092
594 764 791.637745
593 765 797.256372
592 766 803.292057
591 767 823.496963
590 768 827.0504530000001
589 769 833.727354
588 770 832.819746
587 771 844.7171689999999
586 772 430.315482
772 773 82.31156899999999
773 774 141.429276
773 775 133.58053
772 776 213.299907
585 777 850.1752200000001
584 778 861.68212
583 779 861.1290439999999
582 780 873.799932
581 781 890.413889
580 782 699.510134
782 783 121.335185
782 784 110.832745
579 785 14.954321
785 786 752.3655749999999
785 787 352.163612
787 788 313.007775
787 789 357.59832500000005
578 790 871.336111
577 791 74.493695
791 792 704.628242
791 793 717.359992
576 794 878.2511660000001
575 795 204.93328100000002
795 796 615.710736
795 797 520.2216619999999
574 798 898.0812099999999
573 799 902.990252
572 800 906.9881970000001
571 801 908.630256
570 802 204.488409
802 803 609.855534
802 804 662.573109
569 805 916.556419
568 806 921.715658
567 807 920.395276
566 808 925.973941
565 809 923.2834379999999
564 810 924.9253279999999
563 811 930.7364319999999
562 812 933.170834
561 813 930.2648369999999
558 814 566.458815
814 815 321.89245400000004
814 816 350.815521
533 817 466.45162799999997
817 818 452.512549
817 819 396.170457
530 820 945.7479969999999
527 821 556.866165
821 822 323.043768
821 823 383.638442
524 824 947.9044590000001
511 825 961.694528
484 826 520.664922
826 827 405.661326
826 828 217.67923
828 829 207.62941
828 830 193.751787
477 831 148.162477
831 832 822.0795340000001
831 833 211.90638599999997
833 834 538.9003319999999
833 835 573.0791820000001
476 836 564.745018
836 837 415.23964400000006
836 838 369.505241
471 839 657.936854
839 840 170.166129
840 841 120.27268799999999
840 842 153.673732
839 843 268.754254
446 844 32.711016
844 845 91.860191
845 846 179.036813
846 847 640.5036230000001
846 848 620.3471000000001
845 849 841.4072170000001
844 850 896.700809
445 851 184.950715
851 852 792.679887
851 853 765.639646
444 854 36.934505
854 855 935.724787
854 856 325.316374
856 857 540.050883
856 858 615.36256
443 859 293.179191
859 860 656.547976
859 861 329.832008
861 862 343.895128
861 863 352.587861
434 864 482.637651
864 865 475.717164
864 866 507.704824
433 867 1
867 868 985.006033
867 869 11.548143
869 870 84.876017
870 871 217.500907
871 872 449.861142
872 873 173.78115300000002
872 874 199.75596900000002
871 875 616.927715
870 876 874.2241720000001
869 877 955.2831689999999
420 878 501.34428
878 879 458.459631
878 880 490.589767
419 881 20.496983
881 882 26.693651000000003
882 883 451.522778
883 884 428.341713
883 885 480.97193699999997
882 886 941.230779
881 887 284.317436
887 888 641.04768
887 889 633.473324
418 890 1
890 891 987.431468
890 892 44.102541
892 893 1
893 894 53.142741
894 895 313.95912699999997
895 896 108.170623
896 897 126.96523900000001
897 898 130.965214
898 899 172.96058000000002
898 900 131.364008
897 901 303.175806
896 902 239.169478
902 903 175.85177199999998
903 904 2.7692930000000002
903 905 0.737634
902 906 131.985014
895 907 514.6095660000001
894 908 897.5558299999999
893 909 936.8938390000001
892 910 555.034969
910 911 375.296018
910 912 357.17843600000003
417 913 562.967618
913 914 300.855643
914 915 90.159397
914 916 111.467056
913 917 432.06425599999994
412 918 8.682028
918 919 450.03587600000003
919 920 407.608795
920 921 87.431934
920 922 102.366865
919 923 528.815031
918 924 26.635154999999997
924 925 46.807774
925 926 168.79477
926 927 652.3873130000001
926 928 689.369046
925 929 901.336899
924 930 950.144042
399 931 20.271323
931 932 9.424449
932 933 43.616688999999994
933 934 921.54586
933 935 65.921194
935 936 156.171909
936 937 402.451952
937 938 222.289007
937 939 204.675863
936 940 684.7006269999999
935 941 856.9594040000001
932 942 962.854526
931 943 32.10586
943 944 29.646815999999998
944 945 136.972011
945 946 299.856925
946 947 235.490325
947 948 168.061931
947 949 218.901253
946 950 398.297772
945 951 738.023383
944 952 915.515637
943 953 924.641877
392 954 74.64381
954 955 475.520827
955 956 355.97824299999996
956 957 58.212144
956 958 44.190308
955 959 451.794443
954 960 916.6995959999999
391 961 31.665084
961 962 140.874046
962 963 399.161082
963 964 430.51834400000007
963 965 417.89359
962 966 805.080518
961 967 112.66042999999999
967 968 198.259012
968 969 554.438043
968 970 622.424909
967 971 855.786436
380 972 96.53105400000001
972 973 237.39353799999998
973 974 601.698765
973 975 668.591554
972 976 910.213019
379 977 333.567446
977 978 512.699763
978 979 147.233386
978 980 157.90619999999998
977 981 380.55623399999996
981 982 260.374045
981 983 234.479615
304 984 22.60363
984 985 1
985 986 11.298214
986 987 11.956752
987 988 14.706138
988 989 13.886483
989 990 26.398435999999997
990 991 46.390102
991 992 856.424013
991 993 95.689779
993 994 746.50916
993 995 288.704743
995 996 326.49773899999997
995 997 452.87577
990 998 897.861258
989 999 948.727208
988 1000 937.9180769999999
987 1001 974.1382550000001
986 1002 963.345347
985 1003 988.7572170000001
984 1004 388.098001
1004 1005 501.224193
1005 1006 92.39359999999999
1005 1007 89.888123
1004 1008 590.322726
1008 1009 1.399512
1008 1010 1.9593010000000002
303 1011 2.6398580000000003
1011 1012 13.879555
1012 1013 8.996457
1013 1014 41.396888999999994
1014 1015 768.024693
1015 1016 115.872562
1015 1017 154.486124
1014 1018 1
1018 1019 905.122488
1018 1020 17.762420000000002
1020 1021 920.076543
1020 1022 29.101674
1022 1023 911.0231560000001
1022 1024 39.029236
1024 1025 66.622145
1025 1026 140.043048
1026 1027 386.686738
1027 1028 264.721326
1027 1029 1
1026 1030 669.023946
1025 1031 805.463484
1024 1032 868.481837
1013 1033 410.167008
1033 1034 535.276714
1033 1035 511.513335
1012 1036 722.982392
1036 1037 247.99340800000002
1036 1038 230.425722
1038 1039 28.42817
1038 1040 9.823679
1011 1041 29.976554999999998
1041 1042 41.68589
1042 1043 64.733254
1043 1044 116.36651200000001
1044 1045 414.168243
1045 1046 327.599925
1045 1047 205.576596
1044 1048 733.391115
1043 1049 866.060141
1042 1050 678.359554
1050 1051 131.600521
1051 1052 122.35524099999999
1051 1053 119.08655399999999
1050 1054 237.15055999999998
1041 1055 45.274294
1055 1056 380.836776
1056 1057 541.398858
1056 1058 472.46416800000003
1055 1059 929.805476
302 1060 0.989372
1060 1061 993.168447
1060 1062 62.174260000000004
1062 1063 22.984325
1063 1064 911.4541539999999
1063 1065 316.157257
1065 1066 557.620584
1065 1067 568.786115
1062 1068 198.371867
1068 1069 209.5519
1069 1070 510.23095200000006
1069 1071 534.344782
1068 1072 715.509751
1072 1073 24.063653
1072 1074 15.421213999999999
197 1075 4.121996
1075 1076 32.758665
1076 1077 1
1077 1078 506.55775399999993
1078 1079 1
1079 1080 592.207634
1079 1081 305.398083
1081 1082 190.92327600000002
1082 1083 109.38815699999999
1082 1084 18.392185
1084 1085 98.914112
1084 1086 83.178962
1081 1087 310.560831
1078 1088 72.753186
1088 1089 134.315258
1089 1090 276.819792
1089 1091 55.643350000000005
1091 1092 198.18389000000002
1091 1093 207.558417
1088 1094 367.43197799999996
1077 1095 968.719245
1076 1096 809.6696639999999
1096 1097 160.354007
1096 1098 32.109197
1098 1099 87.993494
1099 1100 6.68508
1099 1101 8.080086
1098 1102 74.45677
1102 1103 49.170367999999996
1102 1104 50.032453
1075 1105 13.767787
1105 1106 80.859161
1106 1107 2.940055
1107 1108 75.12196899999999
1108 1109 525.028073
1109 1110 246.962803
1109 1111 148.79337800000002
1108 1112 803.278987
1107 1113 885.7358469999999
1106 1114 1
1114 1115 983.670927
1114 1116 736.970332
1116 1117 157.478773
1117 1118 51.388628000000004
1118 1119 25.525172
1118 1120 18.631728
1117 1121 92.45843
1116 1122 118.71059100000001
1122 1123 2.6834360000000004
1123 1124 79.208904
1124 1125 19.19757
1124 1126 37.111644999999996
1123 1127 117.836535
1122 1128 74.63036699999999
1128 1129 56.562681000000005
1128 1130 17.547389
1130 1131 33.761226
1130 1132 32.260926
1105 1133 892.7411940000001
1133 1134 57.281194
1134 1135 42.083046
1134 1136 34.525289
1133 1137 98.243575
94 1138 3.985449
1138 1139 1.067792
1139 1140 393.766065
1140 1141 605.465322
1140 1142 489.346886
1139 1143 21.752824
1143 1144 1
1144 1145 20.914269
1145 1146 6.092549
1146 1147 22.677858
1147 1148 54.202783
1148 1149 58.298897000000004
1149 1150 105.904586
1150 1151 626.033931
1151 1152 1
1151 1153 29.197557000000003
1150 1154 720.40852
1149 1155 824.5191070000001
1148 1156 866.939661
1147 1157 934.313001
1146 1158 964.275764
1145 1159 957.9942839999999
1144 1160 972.556681
1143 1161 740.72886
1161 1162 220.32147000000003
1161 1163 240.60295100000002
1138 1164 4.214928
1164 1165 370.815273
1165 1166 626.442493
1165 1167 323.26221300000003
1167 1168 307.969606
1167 1169 306.955461
1164 1170 337.669146
1170 1171 630.229075
1171 1172 30.438073999999997
1171 1173 31.523691999999997
1170 1174 664.2348400000001
93 1175 5.545783
1175 1176 256.265912
1176 1177 600.846821
1177 1178 148.524248
1177 1179 140.253488
1176 1180 506.124464
1180 1181 134.40836000000002
1181 1182 79.893234
1182 1183 10.029232
1183 1184 12.541554
1183 1185 16.589342000000002
1182 1186 3.28091
1181 1187 88.057172
1187 1188 13.719014
1187 1189 14.282674
1180 1190 189.84084000000001
1175 1191 1.6060979999999998
1191 1192 935.817647
1192 1193 63.632915999999994
1192 1194 64.237684
1191 1195 7.245093
1195 1196 779.882959
1196 1197 201.383562
1196 1198 213.372962
1195 1199 1
1199 1200 2.845777
1200 1201 5.855885000000001
1201 1202 4.958635
1202 1203 11.595095
1203 1204 6.8191619999999995
1204 1205 1
1205 1206 7.284501000000001
1206 1207 7.879658000000001
1207 1208 9.375479
1208 1209 8.642034
1209 1210 10.421641
1210 1211 15.361927
1211 1212 31.296017999999997
1212 1213 31.331039999999998
1213 1214 48.651187
1214 1215 109.194463
1215 1216 332.552244
1216 1217 86.083845
1216 1218 370.940731
1215 1219 692.662027
1214 1220 805.016356
1213 1221 858.914405
1212 1222 891.703506
1211 1223 922.479719
1210 1224 907.1745540000001
1209 1225 939.228567
1208 1226 949.8840720000001
1207 1227 960.2941680000001
1206 1228 942.403541
1205 1229 926.291827
1204 1230 758.909538
1230 1231 216.43503599999997
1230 1232 214.842266
1203 1233 927.013113
1233 1234 43.31139
1233 1235 47.981817
1202 1236 995.302539
1201 1237 966.6226959999999
1200 1238 957.243137
1199 1239 957.715405
92 1240 32.252376
1240 1241 37.051519
1241 1242 263.340194
1242 1243 207.250608
1243 1244 188.33236499999998
1244 1245 129.161897
1245 1246 146.148001
1245 1247 127.48306099999999
1247 1248 15.906315
1247 1249 13.261547000000002
1244 1250 274.52484400000003
1243 1251 450.31130299999995
1242 1252 105.186406
1252 1253 52.519655
1253 1254 489.76784499999997
1253 1255 333.607775
1255 1256 86.05002999999999
1256 1257 54.956917000000004
1257 1258 6.494527999999999
1257 1259 8.168512999999999
1256 1260 54.590395
1255 1261 186.780221
1252 1262 190.863493
1262 1263 383.77124
1262 1264 378.307268
1241 1265 146.414964
1265 1266 315.348992
1266 1267 193.488766
1267 1268 189.171056
1268 1269 93.883618
1268 1270 72.749014
1267 1271 233.8945
1266 1272 478.21238800000003
1265 1273 787.627462
1240 1274 76.311324
1274 1275 1
1275 1276 188.431491
1276 1277 710.731058
1276 1278 683.910591
1275 1279 899.722811
1274 1280 476.95763700000003
1280 1281 132.315048
1281 1282 166.350158
1282 1283 86.392446
1282 1284 88.851951
1281 1285 291.346292
1280 1286 18.350302
1286 1287 303.018689
1287 1288 103.133684
1287 1289 58.114298
1289 1290 45.046388
1289 1291 41.906988
1286 1292 41.368134
1292 1293 41.386692000000004
1293 1294 122.154799
1294 1295 69.84595
1295 1296 104.041298
1295 1297 129.274435
1294 1298 198.69099500000002
1298 1299 0.599267
1298 1300 0.529767
1293 1301 119.90562700000001
1301 1302 196.07370699999998
1301 1303 205.48868599999997
1292 1304 253.268542
1304 1305 76.799662
1304 1306 106.044752
91 1307 3.549687
1307 1308 10.955995
1308 1309 19.813885
1309 1310 949.3053890000001
1309 1311 48.869614
1311 1312 921.05361
1311 1313 42.576012
1313 1314 62.83886400000001
1314 1315 67.907855
1315 1316 482.412551
1316 1317 137.142283
1317 1318 1
1317 1319 64.578945
1316 1320 214.01904699999997
1315 1321 743.066566
1314 1322 784.95599
1313 1323 867.5688279999999
1308 1324 3.670404
1324 1325 917.6194049999999
1325 1326 73.007234
1325 1327 72.012876
1324 1328 1
1328 1329 8.861091
1329 1330 12.95118
1330 1331 11.213318999999998
1331 1332 19.567978
1332 1333 90.947678
1333 1334 146.802119
1334 1335 446.440686
1335 1336 145.127679
1335 1337 214.718061
1334 1338 687.708606
1333 1339 838.121499
1332 1340 935.286576
1331 1341 919.012738
1330 1342 963.283549
1329 1343 983.387995
1328 1344 968.5853050000001
1307 1345 20.232846
1345 1346 249.17827300000002
1346 1347 733.822047
1346 1348 733.7590299999999
1345 1349 350.780434
1349 1350 1
1350 1351 159.04387
1351 1352 448.077607
1351 1353 197.72917999999999
1353 1354 69.57191900000001
1354 1355 213.76490600000002
1354 1356 211.53250799999998
1353 1357 266.552218
1357 1358 5.232495
1358 1359 5.761219
1358 1360 8.859017
1357 1361 14.734069
1350 1362 643.68185
1349 1363 189.688224
1363 1364 122.793047
1364 1365 72.34420700000001
1365 1366 222.498021
1365 1367 246.69533600000003
1364 1368 275.68955700000004
1368 1369 26.649124
1368 1370 39.352046
1370 1371 2.849927
1370 1372 0.367381
1372 1373 3.122581
1372 1374 2.615354
1363 1375 446.69959099999994
90 1376 0.867563
1376 1377 3.89607
1377 1378 11.30149
1378 1379 8.595426
1379 1380 65.284418
1380 1381 1
1381 1382 825.889276
1382 1383 42.109106000000004
1383 1384 1
1384 1385 131.760738
1385 1386 0.245859
1385 1387 0.154454
1384 1388 83.97038500000001
1388 1389 7.425727999999999
1389 1390 11.071496999999999
1390 1391 26.717728
1390 1392 11.934201999999999
1392 1393 11.608436
1393 1394 1
1393 1395 1
1392 1396 15.721093
1389 1397 37.858001
1388 1398 1
1398 1399 51.749902000000006
1398 1400 32.024798
1400 1401 13.088452
1400 1402 14.196549
1383 1403 33.178208
1403 1404 33.995121
1404 1405 56.531087
1404 1406 50.786743
1403 1407 29.767511000000002
1407 1408 41.341462
1408 1409 13.069632
1408 1410 7.096609
1410 1411 0.368469
1411 1412 1
1411 1413 1
1410 1414 10.646941
1407 1415 35.852979000000005
1382 1416 58.966124
1416 1417 40.527779
1417 1418 1
1418 1419 32.138529999999996
1419 1420 5.388037
1420 1421 34.895924
1420 1422 40.624139
1419 1423 24.947996
1423 1424 1.453338
1424 1425 14.172836
1424 1426 16.131504
1423 1427 18.366179
1418 1428 71.902384
1417 1429 24.466051
1429 1430 1.6365520000000002
1430 1431 35.337644000000004
1430 1432 16.082841000000002
1432 1433 17.106574
1432 1434 8.328521
1434 1435 7.929252000000001
1435 1436 0.090008
1435 1437 0.309597
1434 1438 2.4401639999999998
1438 1439 5.111065
1438 1440 3.6128899999999997
1440 1441 0.8109190000000001
1440 1442 0.780899
1429 1443 38.44112
1416 1444 41.661482
1444 1445 58.693695
1444 1446 33.523198
1446 1447 21.683027
1447 1448 14.264416999999998
1447 1449 10.929870999999999
1446 1450 22.102217
1381 1451 991.3335780000001
1380 1452 1
1452 1453 921.792145
1452 1454 52.800075
1454 1455 94.013021
1455 1456 424.282888
1456 1457 266.158069
1456 1458 292.86519000000004
1455 1459 801.37901
1454 1460 887.2889150000001
1379 1461 65.721977
1461 1462 903.096278
1461 1463 59.050117
1463 1464 858.9670659999999
1463 1465 233.788311
1465 1466 524.98715
1465 1467 627.289902
1378 1468 276.335371
1468 1469 306.23873000000003
1469 1470 395.947864
1469 1471 409.25684
1468 1472 714.8073400000001
1377 1473 1003.8874659999999
1376 1474 5.697537
1474 1475 45.111416
1475 1476 286.834057
1476 1477 636.05125
1476 1478 183.845218
1478 1479 450.578911
1478 1480 452.841396
1475 1481 896.567209
1474 1482 15.445902
1482 1483 105.740522
1483 1484 765.376775
1484 1485 113.751205
1484 1486 111.73287300000001
1483 1487 510.58454600000005
1487 1488 364.659271
1487 1489 369.348047
1482 1490 963.9273989999999
3 1491 250.865523
1491 1492 23.77724
1492 1493 176.628082
1493 1494 121.901383
1494 1495 427.82429
1494 1496 429.12863500000003
1493 1497 179.927877
1497 1498 246.82525900000002
1498 1499 126.568549
1498 1500 133.458734
1497 1501 137.44498199999998
1501 1502 226.02120100000002
1501 1503 235.107284
1492 1504 349.38507699999997
1504 1505 385.27844899999997
1504 1506 379.948274
1491 1507 123.95143099999999
1507 1508 432.748914
1508 1509 74.458231
1509 1510 79.2491
1510 1511 16.682213
1510 1512 42.355741
1509 1513 123.162378
1508 1514 165.923617
1507 1515 541.684285
1515 1516 50.503629000000004
1515 1517 71.942072
2 1518 2.93325
1518 1519 205.42783899999998
1519 1520 393.03003900000004
1520 1521 355.46722900000003
1521 1522 50.597899
1521 1523 48.505409
1520 1524 401.20330400000006
1519 1525 766.194468
1518 1526 3.504355
1526 1527 1
1527 1528 777.598413
1528 1529 31.01233
1529 1530 196.346373
1529 1531 197.075063
1528 1532 127.278423
1532 1533 96.904443
1532 1534 61.158156
1527 1535 1.9018810000000002
1535 1536 2.032345
1536 1537 1
1537 1538 988.615602
1537 1539 4.216637
1539 1540 1
1540 1541 0.19679200000000002
1541 1542 991.581
1541 1543 0.29707100000000003
1543 1544 991.792577
1543 1545 0.13558299999999998
1545 1546 4.946778
1546 1547 1
1547 1548 1
1548 1549 992.761584
1548 1550 0.09009
1550 1551 992.7726870000001
1550 1552 6.935841
1552 1553 1
1553 1554 267.012416
1554 1555 427.85588299999995
1555 1556 254.26162
1556 1557 35.531965
1556 1558 41.424106
1555 1559 306.125682
1554 1560 392.092695
1560 1561 173.330572
1561 1562 68.828641
1562 1563 99.690147
1562 1564 69.3871
1564 1565 15.160931
1565 1566 14.208729
1565 1567 12.397912
1564 1568 24.831127
1561 1569 119.567289
1569 1570 53.540949999999995
1569 1571 53.09483900000001
1560 1572 344.948533
1553 1573 1
1573 1574 2.7266749999999997
1574 1575 221.420882
1575 1576 780.7794859999999
1575 1577 385.900944
1577 1578 358.694926
1578 1579 28.164445999999998
1579 1580 10.31955
1579 1581 5.500642
1578 1582 15.839316
1577 1583 394.72251
1574 1584 1
1584 1585 0.491971
1585 1586 4.311799000000001
1586 1587 532.6817120000001
1587 1588 148.471112
1588 1589 14.71477
1589 1590 304.944796
1589 1591 301.678711
1588 1592 116.67978000000001
1592 1593 89.288327
1593 1594 112.45297000000001
1593 1595 104.715907
1592 1596 68.45411999999999
1596 1597 132.98345700000002
1596 1598 39.759118
1598 1599 95.563843
1598 1600 96.862206
1587 1601 465.08991599999996
1586 1602 1
1602 1603 995.76715
1602 1604 2.520655
1604 1605 42.755608
1605 1606 951.543652
1605 1607 959.361468
1604 1608 1
1608 1609 1.890244
1609 1610 1
1610 1611 997.314037
1610 1612 2.5267020000000002
1612 1613 32.053722
1613 1614 58.861832
1614 1615 103.12653599999999
1615 1616 351.356037
1616 1617 55.768483999999994
1617 1618 220.19300300000003
1618 1619 66.76592500000001
1619 1620 113.653864
1619 1621 109.516234
1618 1622 182.49164
1617 1623 196.268223
1623 1624 168.592197
1624 1625 29.976584
1624 1626 32.325790999999995
1623 1627 203.554397
1616 1628 227.104128
1628 1629 189.49521199999998
1629 1630 37.646267
1629 1631 36.667623
1628 1632 232.103615
1615 1633 800.8838340000001
1633 1634 5.677827
1633 1635 6.0622
1614 1636 44.067381
1636 1637 811.7437880000001
1637 1638 53.692947000000004
1637 1639 53.687408000000005
1636 1640 281.959597
1640 1641 576.33865
1640 1642 495.24645300000003
1642 1643 89.042852
1642 1644 87.74556100000001
1613 1645 304.962876
1645 1646 513.070555
1646 1647 152.07443700000002
1646 1648 146.661183
1645 1649 660.086229
1612 1650 1
1650 1651 806.3234980000001
1651 1652 176.061342
1652 1653 18.422957
1652 1654 12.000355
1651 1655 195.054174
1650 1656 0.630182
1656 1657 973.412527
1657 1658 26.875037000000003
1658 1659 0.616241
1658 1660 0.642424
1657 1661 23.385523
1661 1662 0.15115
1661 1663 2.057544
1656 1664 1
1664 1665 0.100643
1665 1666 0.088936
1666 1667 998.287129
1666 1668 0.038164
1668 1669 0.050193999999999996
1669 1670 0.41519599999999995
1670 1671 0.154498
1671 1672 0.097193
1672 1673 998.757872
1672 1674 1.123627
1674 1675 537.164748
1675 1676 171.17188000000002
1676 1677 292.911158
1676 1678 67.31313300000001
1678 1679 221.950504
1678 1680 219.50047
1675 1681 259.65403399999997
1681 1682 88.78728
1682 1683 116.13620600000002
1682 1684 114.725365
1681 1685 111.73533499999999
1685 1686 4.74228
1686 1687 84.78881700000001
1686 1688 86.28646
1685 1689 40.5879
1689 1690 52.205248999999995
1689 1691 31.677045
1691 1692 20.626488000000002
1691 1693 20.645832
1674 1694 1
1694 1695 198.90863199999998
1695 1696 128.728648
1696 1697 625.211394
1697 1698 46.780998000000004
1697 1699 47.905272
1696 1700 670.1424010000001
1695 1701 801.025558
1701 1702 0.173873
1701 1703 0.06478
1694 1704 1
1704 1705 313.94444899999996
1705 1706 671.057859
1706 1707 13.494413
1706 1708 12.565425999999999
1705 1709 688.4279819999999
1704 1710 1
1710 1711 0.167214
1711 1712 998.801405
1711 1713 0.16528400000000001
1713 1714 998.890147
1713 1715 0.238696
1715 1716 0.490641
1716 1717 0.073461
1717 1718 1
1718 1719 0.096816
1719 1720 998.986418
1719 1721 0.573871
1721 1722 0.326426
1722 1723 635.215833
1723 1724 364.776029
1723 1725 298.070974
1725 1726 65.665798
1725 1727 66.81838
1722 1728 0.007042
1728 1729 715.275028
1729 1730 284.949158
1729 1731 283.67481
1728 1732 1
1732 1733 999.198096
1732 1734 0.404559
1734 1735 0.12290899999999999
1735 1736 999.583983
1735 1737 0.07378900000000001
1737 1738 999.581721
1737 1739 0.11369399999999999
1739 1740 999.619269
1739 1741 0.102012
1741 1742 999.6416469999999
1741 1743 0.18223899999999998
1743 1744 0.045408
1744 1745 999.734825
1744 1746 0.138744
1746 1747 999.8103540000001
1746 1748 0.06811700000000001
1748 1749 999.797453
1748 1750 0.09887800000000001
1750 1751 999.7926610000001
1750 1752 0.187639
1752 1753 0.059099
1753 1754 1000.015715
1753 1755 999.984285
1752 1756 999.940901
1743 1757 999.7651810000001
1734 1758 999.5304100000001
1721 1759 845.1523500000001
1759 1760 153.93158
1759 1761 154.677376
1718 1762 998.9817459999999
1717 1763 876.802185
1763 1764 122.60952
1763 1765 122.710161
1716 1766 777.345488
1766 1767 221.347602
1766 1768 222.910704
1715 1769 999.061831
1710 1770 998.7140979999999
1671 1771 998.710364
1670 1772 998.60644
1669 1773 998.244843
1668 1774 998.260881
1665 1775 998.260479
1664 1776 998.2219620000001
1609 1777 472.85780300000005
1777 1778 409.118271
1778 1779 119.04180099999999
1778 1780 114.136039
1777 1781 526.661324
1608 1782 997.069827
1585 1783 994.779495
1584 1784 994.391935
1573 1785 194.865521
1785 1786 788.998251
1785 1787 812.297366
1552 1788 185.926841
1788 1789 440.07504700000004
1789 1790 14.772970999999998
1790 1791 3.2403090000000003
1791 1792 278.324797
1792 1793 82.830005
1792 1794 74.999128
1791 1795 173.553359
1795 1796 81.120537
1796 1797 93.078789
1796 1798 97.60996
1795 1799 95.651364
1799 1800 75.826333
1799 1801 95.515647
1790 1802 39.745372
1802 1803 18.516143
1803 1804 37.37871
1804 1805 48.147062
1805 1806 92.388595
1806 1807 52.514720999999994
1807 1808 62.953834
1807 1809 58.246469999999995
1806 1810 39.845047
1810 1811 77.528485
1810 1812 70.56774
1805 1813 118.526908
1813 1814 19.760268
1814 1815 63.331053000000004
1815 1816 5.38122
1815 1817 5.050204
1814 1818 27.966893
1818 1819 43.339821
1818 1820 43.328953
1813 1821 63.43643
1821 1822 30.019127
1821 1823 26.974942000000002
1804 1824 142.562854
1824 1825 25.540291
1825 1826 85.687916
1825 1827 80.031198
1827 1828 24.604208
1827 1829 14.017546
1824 1830 117.603119
1803 1831 7.026096
1831 1832 5.961723
1832 1833 293.696031
1832 1834 150.775621
1834 1835 18.622422999999998
1835 1836 12.304099
1836 1837 95.861552
1836 1838 98.816418
1835 1839 116.322142
1834 1840 142.535179
1831 1841 119.281949
1841 1842 189.861181
1841 1843 186.870111
1802 1844 1
1844 1845 269.780898
1845 1846 97.493464
1846 1847 32.1293
1846 1848 16.319041000000002
1845 1849 134.124734
1844 1850 108.586574
1850 1851 87.328835
1851 1852 59.57906200000001
1852 1853 51.946805
1853 1854 69.53337499999999
1853 1855 65.834413
1852 1856 61.168935000000005
1856 1857 54.61985
1856 1858 51.96467
1851 1859 47.758969
1859 1860 11.013282
1860 1861 118.86294
1860 1862 31.780369000000004
1862 1863 60.150020999999995
1863 1864 31.600184
1863 1865 12.173662
1865 1866 14.1675
1865 1867 13.212346
1862 1868 83.281906
1859 1869 14.599128
1869 1870 117.09947199999999
1869 1871 63.318132999999996
1871 1872 54.810193
1871 1873 48.200933
1850 1874 78.268036
1874 1875 195.418049
1874 1876 169.685844
1876 1877 37.506743
1876 1878 12.656583
1878 1879 11.501840000000001
1878 1880 11.283685
1789 1881 102.35985000000001
1881 1882 165.094939
1882 1883 107.981688
1883 1884 9.811046
1883 1885 9.261839
1882 1886 114.126096
1881 1887 38.499976000000004
1887 1888 7.156107
1888 1889 159.70229
1889 1890 54.636704
1890 1891 10.972604
1890 1892 11.603687
1889 1893 60.82976
1888 1894 114.05917699999999
1894 1895 115.529938
1894 1896 75.06116200000001
1896 1897 41.554161
1896 1898 48.708878
1887 1899 128.524875
1899 1900 63.660565000000005
1900 1901 42.373056999999996
1900 1902 34.681235
1899 1903 98.633417
1788 1904 30.511405000000003
1904 1905 315.288813
1905 1906 258.00924699999996
1906 1907 187.408884
1906 1908 208.79092500000002
1905 1909 468.33678699999996
1904 1910 435.859539
1910 1911 372.768953
1910 1912 128.96736900000002
1912 1913 237.011022
1912 1914 208.38732499999998
1547 1915 127.49397
1915 1916 860.8304220000001
1915 1917 874.20794
1546 1918 1.169351
1918 1919 971.305261
1918 1920 764.745613
1920 1921 215.563216
1921 1922 21.577293
1921 1923 22.447771
1920 1924 241.22260899999998
1545 1925 991.842744
1540 1926 991.471452
1539 1927 592.319512
1927 1928 413.54875599999997
1927 1929 387.178043
1536 1930 39.447429
1930 1931 456.800081
1931 1932 483.885011
1931 1933 449.590255
1930 1934 213.74799599999997
1934 1935 751.142343
1934 1936 513.9384670000001
1936 1937 207.488223
1936 1938 236.84352299999998
1535 1939 20.324085
1939 1940 5.186024
1940 1941 133.82817899999998
1941 1942 846.360792
1941 1943 212.980093
1943 1944 613.713436
1943 1945 633.330048
1940 1946 979.08242
1939 1947 340.271648
1947 1948 623.4432840000001
1947 1949 543.9230689999999
1949 1950 80.692489
1949 1951 100.054682
1526 1952 13.294227
1952 1953 39.130006
1953 1954 566.430464
1954 1955 45.27516
1955 1956 324.22345199999995
1955 1957 179.401035
1957 1958 49.005731000000004
1958 1959 93.26221
1958 1960 114.72125399999999
1957 1961 135.009229
1954 1962 385.126349
1953 1963 933.376567
1952 1964 49.428941
1964 1965 549.471829
1965 1966 304.16095099999995
1966 1967 84.882245
1966 1968 88.01585800000001
1965 1969 395.71884800000004
1964 1970 103.681752
1970 1971 110.99277299999999
1971 1972 623.097583
1972 1973 62.930061
1973 1974 32.553326999999996
1973 1975 40.264861
1972 1976 106.821644
1971 1977 21.614087
1977 1978 427.858907
1978 1979 261.89144400000004
1978 1980 275.760117
1977 1981 711.704633
1970 1982 1
1982 1983 96.177382
1983 1984 286.049554
1984 1985 134.071488
1985 1986 309.259228
1985 1987 296.568748
1984 1988 465.520978
1983 1989 488.59901399999995
1989 1990 264.47948499999995
1989 1991 174.808006
1991 1992 94.624535
1991 1993 95.331817
1982 1994 577.763064
1994 1995 271.95317
1994 1996 278.031507
1 1997 962.719425
1 1998 931.896081
