1 2 277.144341
2 3 45.202863
3 4 12.079593
4 5 7.701196
5 6 997.240124
5 7 2.760112
7 8 2.030694
8 9 1.8196090000000003
9 10 0.004666
10 11 0.042969
11 12 0.168695
12 13 0.5564720000000001
13 14 999.4430510000001
13 15 1.677933
15 16 1.89121
16 17 1.9926380000000001
17 18 7.89073
18 19 35.231334
19 20 37.817678
20 21 105.71086700000001
21 22 827.966242
21 23 884.9748979999999
20 24 56.609314
24 25 943.3911330000001
24 26 325.220924
19 27 508.03959900000007
27 28 463.566871
27 29 449.891227
18 30 992.10927
17 31 998.0074079999999
16 32 719.038178
32 33 284.806777
32 34 273.334265
15 35 998.322317
12 36 999.8481390000001
11 37 0.259524
37 38 0.7221690000000001
38 39 999.1697710000001
38 40 0.8503419999999999
40 41 999.1776500000001
40 42 1.114954
42 43 3.7462370000000003
43 44 5.3507489999999995
44 45 13.186242
45 46 82.38087200000001
46 47 161.573162
47 48 245.084117
47 49 838.427297
46 50 917.6182190000001
45 51 986.8137300000001
44 52 994.649244
43 53 996.2537550000001
42 54 998.8983049999999
37 55 999.739965
10 56 0.084046
56 57 0.353068
57 58 1.7070459999999998
58 59 3.167246
59 60 30.482714
60 61 55.097545999999994
61 62 139.52794500000002
62 63 556.955244
62 64 860.472024
61 65 944.9035759999999
60 66 969.514879
59 67 996.8372370000001
58 68 13.664589999999999
68 69 66.343912
69 70 929.067826
69 71 902.898889
68 72 34.7093
72 73 144.617747
73 74 729.02342
73 75 855.3735409999999
72 76 967.587141
57 77 999.647427
56 78 0.196036
78 79 1.9917049999999998
79 80 68.609515
80 81 927.0322739999999
80 82 931.765521
79 83 5.397046
83 84 152.74776400000002
84 85 849.8947599999999
84 86 833.419868
83 87 158.707886
87 88 841.3911069999999
87 89 819.829026
78 90 0.299226
90 91 0.9902
91 92 999.009646
91 93 26.680304999999997
93 94 973.319773
93 95 69.091238
95 96 135.826843
96 97 893.625256
96 98 687.659262
95 99 872.004491
90 100 999.7998819999999
9 101 0.001155
101 102 0.002712
102 103 0.0012000000000000001
103 104 0.0006929999999999999
104 105 0.00025
105 106 9.4e-05
106 107 6.8e-05
107 108 6.4e-05
108 109 9.999999999999999e-06
109 110 7.000000000000001e-06
110 111 1e-06
111 112 1
112 113 1
113 114 1
114 115 1
115 116 1
116 117 1
117 118 1
118 119 1
119 120 1000.0
119 121 1
121 122 1000.0
121 123 1
123 124 1000.0
123 125 1
125 126 1000.0
125 127 1
127 128 1000.0
127 129 1
129 130 1000.0
129 131 1
131 132 1000.0
131 133 1
133 134 1000.0
133 135 1
135 136 1000.0
135 137 1
137 138 1000.0
137 139 1
139 140 1000.0
139 141 1
141 142 1000.0
141 143 1
143 144 1000.0
143 145 1
145 146 1000.0
145 147 1
147 148 1000.0
147 149 1
149 150 1000.0
149 151 1
151 152 1
152 153 1000.0
152 154 1
154 155 1000.0
154 156 1000.0
151 157 1
157 158 1000.0
157 159 1
159 160 1
160 161 1000.0
160 162 1000.0
159 163 1
163 164 1
164 165 1000.0
164 166 1000.0
163 167 1
167 168 1
168 169 1000.0
168 170 1
170 171 1000.0
170 172 1000.0
167 173 1
173 174 1
174 175 1000.0
174 176 1
176 177 1000.0
176 178 1000.0
173 179 1
179 180 1
180 181 1000.0
180 182 1
182 183 1000.0
182 184 1000.0
179 185 1
185 186 1
186 187 1000.0
186 188 1
188 189 1000.0
188 190 1000.0
185 191 1
191 192 1
192 193 1000.0
192 194 1
194 195 1000.0
194 196 1000.0
191 197 1
197 198 1
198 199 1000.0
198 200 1
200 201 1000.0
200 202 1000.0
197 203 1
203 204 1
204 205 1000.0
204 206 1
206 207 1000.0
206 208 1000.0
203 209 1
209 210 1
210 211 1000.0
210 212 1
212 213 1000.0
212 214 1000.0
209 215 1
215 216 1000.0
215 217 544.331005
217 218 455.668995
217 219 455.668995
118 220 1000.0
117 221 52.747885000000004
221 222 947.252115
221 223 947.252115
116 224 1
224 225 1
225 226 1000.0
225 227 1000.0
224 228 1
228 229 1000.0
228 230 1
230 231 1000.0
230 232 1
232 233 1000.0
232 234 1000.0
115 235 1000.0
114 236 1000.0
113 237 1000.0
112 238 4e-06
238 239 9e-06
239 240 999.9999909999999
239 241 2.3e-05
241 242 4.9999999999999996e-05
242 243 8.2e-05
243 244 999.999918
243 245 0.000279
245 246 0.000676
246 247 0.002657
247 248 0.003387
248 249 0.003929
249 250 999.996071
249 251 0.007124
251 252 0.013449999999999998
252 253 0.074226
253 254 0.108067
254 255 0.186284
255 256 0.18776
256 257 0.5024609999999999
257 258 0.5618770000000001
258 259 2.047565
259 260 997.952435
259 261 2.4343
261 262 5.579033
262 263 7.368947
263 264 992.6310530000001
263 265 29.820696
265 266 206.184549
266 267 780.041686
266 268 1
265 269 970.179304
262 270 994.4209669999999
261 271 997.5657
258 272 999.438123
257 273 999.4975390000001
256 274 999.81224
255 275 999.8137160000001
254 276 999.891933
253 277 999.9257739999999
252 278 999.9865500000001
251 279 999.9928759999999
248 280 999.996613
247 281 999.9973430000001
246 282 999.999324
245 283 999.999721
242 284 999.9999499999999
241 285 999.9999770000001
238 286 999.999996
111 287 1.1e-05
287 288 7e-05
288 289 0.00015000000000000001
289 290 0.000266
290 291 999.999734
290 292 0.000779
292 293 0.0008739999999999999
293 294 0.0012540000000000001
294 295 0.008836
295 296 0.023228
296 297 0.037733
297 298 0.134066
298 299 0.158774
299 300 0.284627
300 301 0.291694
301 302 0.948069
302 303 1.051759
303 304 4.4521
304 305 11.519482
305 306 31.273550999999998
306 307 38.652865
307 308 371.111127
308 309 1
308 310 628.888873
307 311 961.347135
306 312 968.726449
305 313 988.4805180000001
304 314 995.5479
303 315 998.948241
302 316 999.051931
301 317 999.708306
300 318 999.7153730000001
299 319 999.841226
298 320 999.8659339999999
297 321 999.9622670000001
296 322 999.976772
295 323 999.991164
294 324 999.998746
293 325 999.9991259999999
292 326 999.999221
289 327 999.99985
288 328 999.9999300000001
287 329 999.999989
110 330 999.9999989999999
109 331 999.9999929999999
108 332 0.000158
332 333 999.999854
332 334 0.000229
334 335 999.999771
334 336 0.0018130000000000002
336 337 0.002445
337 338 0.007403
338 339 0.010353000000000001
339 340 0.012582000000000001
340 341 0.02223
341 342 0.029133000000000003
342 343 0.057411
343 344 0.260434
344 345 1.627783
345 346 998.372214
345 347 1.9922369999999998
347 348 4.41489
348 349 6.638611
349 350 18.348845999999998
350 351 88.859277
351 352 303.894039
352 353 352.60292899999996
352 354 142.813018
354 355 524.3544449999999
354 356 1
351 357 911.140723
350 358 981.651154
349 359 993.361389
348 360 995.58511
347 361 998.007764
344 362 999.7395660000001
343 363 999.942589
342 364 999.970867
341 365 999.97777
340 366 999.987418
339 367 999.989647
338 368 999.9925969999999
337 369 999.997555
336 370 999.9981869999999
107 371 0.000135
371 372 0.000865
372 373 35.538238
373 374 105.710915
374 375 823.20882
374 376 894.289085
373 377 964.462052
372 378 0.005671
378 379 0.010747999999999999
379 380 0.02827
380 381 0.039036
381 382 999.960969
381 383 0.089286
383 384 0.233982
384 385 0.265161
385 386 999.7348840000001
385 387 1.436395
387 388 2.257475
388 389 2.523835
389 390 997.476166
389 391 5.181134
391 392 994.8188650000001
391 393 13.194826
393 394 986.805175
393 395 26.726229
395 396 220.923701
396 397 76.397013
396 398 779.0762990000001
395 399 973.273771
388 400 997.742525
387 401 998.5636039999999
384 402 12.903421000000002
402 403 17.318558
403 404 983.4166509999999
403 405 957.1415800000001
402 406 986.1273349999999
383 407 999.9107240000001
380 408 999.9716769999999
379 409 999.989252
378 410 999.9943289999999
371 411 0.000217
411 412 0.000186
412 413 0.0024720000000000002
413 414 0.006456000000000001
414 415 0.007682
415 416 0.029698000000000002
416 417 0.06434000000000001
417 418 0.108053
418 419 0.11393099999999999
419 420 0.583866
420 421 0.6042569999999999
421 422 3.560848
422 423 5.868907
423 424 6.68167
424 425 8.185449
425 426 128.173024
426 427 246.82716299999998
427 428 577.787757
428 429 158.933488
428 430 1
427 431 1
426 432 871.826975
425 433 991.814551
424 434 993.31833
423 435 994.131093
422 436 996.4391519999999
421 437 999.395795
420 438 999.4160320000001
419 439 999.8860629999999
418 440 999.8921169999999
417 441 7.609362
441 442 242.197698
442 443 742.617031
442 444 757.964614
441 445 992.1638140000001
416 446 999.969877
415 447 999.992318
414 448 999.9935439999999
413 449 999.9978199999999
412 450 0.00066
450 451 999.9995459999999
450 452 0.009882
452 453 0.020579999999999998
453 454 999.962963
453 455 0.052928
455 456 0.11848500000000001
456 457 999.874888
456 458 0.124627
458 459 0.20056800000000002
459 460 1.15763
460 461 6.689443000000001
461 462 993.3106069999999
461 463 6.746687
463 464 8.656333
464 465 9.728743
465 466 71.87897199999999
466 467 165.95361
467 468 1
467 469 834.04639
466 470 928.121029
465 471 990.271254
464 472 183.777628
472 473 818.288772
472 474 796.843306
463 475 993.2533129999999
460 476 164.320467
476 477 837.5504319999999
476 478 831.493183
459 479 999.7994229999999
458 480 999.8786880000001
455 481 999.9555
452 482 0.013568
482 483 0.039293
483 484 0.070642
484 485 0.085256
485 486 0.256681
486 487 0.447873
487 488 2.6185650000000003
488 489 3.68801
489 490 996.312
489 491 6.708923
491 492 19.14941
492 493 30.118759
493 494 39.904695000000004
494 495 112.301804
495 496 887.698196
495 497 1
494 498 960.0953049999999
493 499 969.881241
492 500 980.8505930000001
491 501 993.2910700000001
488 502 997.381413
487 503 999.5522060000001
486 504 999.743161
485 505 999.9147439999999
484 506 999.929358
483 507 999.960707
482 508 999.9879030000001
411 509 0.017138
509 510 0.035511
510 511 0.215577
511 512 0.25451100000000004
512 513 0.268319
513 514 0.424234
514 515 0.8342620000000001
515 516 2.916131
516 517 8.382146
517 518 991.617851
517 519 17.127612
519 520 23.115378
520 521 114.984712
521 522 318.914423
521 523 885.0152879999999
520 524 976.8846290000001
519 525 982.872375
516 526 997.083894
515 527 999.1656869999999
514 528 999.575766
513 529 999.731972
512 530 999.744924
511 531 999.784572
510 532 999.964145
509 533 999.9828640000001
106 534 0.000754
534 535 999.999352
534 536 0.001219
536 537 999.998781
536 538 0.004341
538 539 0.005385
539 540 999.995547
539 541 0.014233
541 542 0.125372
542 543 0.289675
543 544 0.793345
544 545 1.4642169999999999
545 546 3.393193
546 547 5.608694
547 548 7.823449
548 549 9.649309
549 550 59.525721
550 551 940.474279
550 552 197.817408
552 553 802.182591
552 554 1
549 555 990.350692
548 556 992.176547
547 557 994.391306
546 558 996.606806
545 559 998.535783
544 560 999.206661
543 561 290.439129
561 562 708.753868
561 563 709.8036010000001
542 564 999.859525
541 565 999.9857670000001
538 566 0.032208
566 567 999.9700710000001
566 568 0.16103
568 569 0.22111600000000003
569 570 999.7788939999999
569 571 0.225667
571 572 2.132401
572 573 3.348561
573 574 996.651438
573 575 3.748692
575 576 5.087687
576 577 18.462826
577 578 31.557522
578 579 201.921977
579 580 101.88384500000001
579 581 161.753807
581 582 493.329709
581 583 777.2613640000001
578 584 968.4424769999999
577 585 981.5371739999999
576 586 994.9123119999999
575 587 996.251309
572 588 997.867617
571 589 999.774296
568 590 999.83895
105 591 0.003907
591 592 0.012856
592 593 0.015898
593 594 0.061919999999999996
594 595 0.10650499999999999
595 596 0.6448200000000001
596 597 0.655747
597 598 0.8959389999999999
598 599 3.006513
599 600 3.7425809999999995
600 601 6.690927
601 602 12.670540999999998
602 603 27.20472
603 604 972.79528
603 605 28.118373000000002
605 606 111.161588
605 607 971.881625
602 608 987.3294599999999
601 609 993.309071
600 610 996.257419
599 611 996.9934880000001
598 612 999.1040899999999
597 613 999.3443179999999
596 614 999.3549310000001
595 615 999.8934889999999
594 616 999.9380800000001
593 617 999.984102
592 618 999.987144
591 619 999.996326
104 620 0.000654
620 621 0.0015509999999999999
621 622 0.012965
622 623 0.060110000000000004
623 624 0.22178599999999998
624 625 1.875797
625 626 9.257787
626 627 28.208206000000004
627 628 42.783439
628 629 957.2165610000001
628 630 62.904031
630 631 633.62211
630 632 937.095924
627 633 971.7925250000001
626 634 991.063535
625 635 173.520838
635 636 825.834377
635 637 822.281055
624 638 0.343748
638 639 0.45604799999999995
639 640 1.9754779999999998
640 641 2.7018400000000002
641 642 4.153034
642 643 6.59961
643 644 78.041832
644 645 921.958167
644 646 134.400812
646 647 865.5991730000001
646 648 362.207184
643 649 993.4004789999999
642 650 818.7835279999999
650 651 159.072917
650 652 43.002482
652 653 120.20706299999999
653 654 56.114001
653 655 28.562019
652 656 87.752968
656 657 1
656 658 58.267322
658 659 149.300865
658 660 1
641 661 997.2981589999999
640 662 998.024522
639 663 999.543952
638 664 999.6571720000001
623 665 999.939893
622 666 999.9882769999999
621 667 0.07050999999999999
667 668 0.096278
668 669 0.17164100000000002
669 670 0.5190629999999999
670 671 1.003433
671 672 3.024625
672 673 3.203873
673 674 996.796146
673 675 13.132864
675 676 986.867133
675 677 18.280134
677 678 20.600619000000002
678 679 161.345794
679 680 170.766173
679 681 838.654206
678 682 979.399384
677 683 981.719861
672 684 996.9753649999999
671 685 52.055251000000005
685 686 944.0922179999999
685 687 949.790282
670 688 999.4809610000001
669 689 167.907497
689 690 831.508198
689 691 832.339911
668 692 935.7449539999999
692 693 63.983493
692 694 64.32301700000001
667 695 1.33216
695 696 998.6714400000001
695 697 11.775136999999999
697 698 28.916277
698 699 77.20014400000001
699 700 155.25239200000001
700 701 859.4033469999999
700 702 501.685666
699 703 893.4850000000001
698 704 971.157808
697 705 988.076697
620 706 0.014462000000000001
706 707 4.882932
707 708 104.225407
708 709 885.996206
708 710 895.7901959999999
707 711 325.059717
711 712 451.016786
712 713 146.58004
713 714 335.57206
713 715 1
712 716 190.657762
711 717 674.9404089999999
706 718 0.016021
718 719 85.310367
719 720 914.7073170000001
719 721 914.640264
718 722 0.093311
722 723 999.906593
722 724 0.19653700000000002
724 725 0.45372700000000005
725 726 0.7914350000000001
726 727 0.947518
727 728 1.256291
728 729 7.5939950000000005
729 730 21.716365
730 731 54.138458
731 732 225.00713399999998
732 733 209.45707900000002
732 734 774.99282
731 735 945.8615419999999
730 736 978.2836380000001
729 737 992.406013
728 738 88.377586
738 739 900.0616409999999
738 740 920.6705339999999
727 741 999.0524730000001
726 742 999.208565
725 743 999.5462729999999
724 744 999.803511
103 745 0.0018
745 746 0.00405
746 747 0.020575
747 748 0.059975
748 749 0.10674
749 750 0.286947
750 751 0.5550539999999999
751 752 1.181604
752 753 1.763903
753 754 10.465321
754 755 989.534692
754 756 36.264492
756 757 963.735476
756 758 110.366055
758 759 274.63419899999997
759 760 43.908771
759 761 721.671068
758 762 889.6339619999999
753 763 998.2360570000001
752 764 998.818383
751 765 999.4449460000001
750 766 999.714751
749 767 1.080392
767 768 1.9323679999999999
768 769 49.443688
769 770 945.985361
769 771 951.7473409999999
768 772 8.27971
772 773 28.605846
773 774 76.207788
774 775 233.368427
775 776 766.63175
775 777 368.432826
774 778 923.7918119999999
773 779 971.394235
772 780 991.721321
767 781 998.566376
748 782 999.9400250000001
747 783 999.9794250000001
746 784 999.9972120000001
745 785 0.0020020000000000003
785 786 0.007249
786 787 0.045086
787 788 0.08107700000000001
788 789 8.161207
789 790 31.360229
790 791 101.774911
791 792 898.198584
791 793 802.34413
790 794 968.858382
789 795 81.134126
795 796 448.713415
796 797 249.38931700000003
797 798 202.460287
797 799 401.64297
796 800 144.448345
800 801 263.803455
800 802 157.76738699999999
795 803 132.317112
803 804 378.801225
804 805 197.601501
804 806 610.648229
803 807 789.409342
788 808 0.267242
808 809 0.464238
809 810 2.0207960000000003
810 811 4.874397
811 812 14.527076999999998
812 813 35.115195
813 814 72.163283
814 815 337.104215
815 816 26.299614
815 817 662.588579
814 818 927.836722
813 819 964.88479
812 820 985.4729239999999
811 821 995.125601
810 822 997.979204
809 823 999.536034
808 824 200.6745
824 825 799.478614
824 826 798.793485
787 827 9.316383
827 828 990.6976820000001
827 829 15.134970000000001
829 830 42.643235000000004
830 831 253.034097
831 832 599.520426
831 833 771.610062
830 834 908.068403
829 835 984.865012
786 836 0.055212000000000004
836 837 0.134266
837 838 0.346119
838 839 0.8997029999999999
839 840 5.133624
840 841 11.515242
841 842 988.4847560000001
841 843 15.482244000000001
843 844 55.580344000000004
844 845 944.4195410000001
844 846 109.752326
846 847 890.2477319999999
846 848 486.322709
843 849 984.5177590000001
840 850 995.51213
839 851 24.292906
851 852 975.979793
851 853 44.8382
853 854 951.5254090000001
853 855 91.598595
855 856 910.219588
855 857 708.387656
838 858 999.653818
837 859 999.865734
836 860 999.9518610000001
785 861 0.07297999999999999
861 862 0.231475
862 863 0.39739399999999997
863 864 0.5284800000000001
864 865 1.187464
865 866 7.241314999999999
866 867 992.7643209999999
866 868 8.602026
868 869 23.436282
869 870 976.563699
869 871 51.503699000000005
871 872 103.916172
872 873 289.099782
872 874 896.083836
871 875 948.496294
868 876 991.397991
865 877 13.927021
877 878 983.2439969999999
877 879 77.72761200000001
879 880 923.705112
879 881 893.8483769999999
864 882 999.4715199999999
863 883 999.602606
862 884 117.913836
884 885 881.5375120000001
884 886 882.1718710000001
861 887 460.27763899999997
887 888 539.729816
887 889 539.573319
102 890 0.004169
890 891 0.000285
891 892 0.007540000000000001
892 893 0.030131
893 894 0.5505300000000001
894 895 0.733283
895 896 2.322366
896 897 4.450947
897 898 10.589821
898 899 27.958916000000002
899 900 43.305714
900 901 89.104817
901 902 352.392293
901 903 910.895553
900 904 956.69272
899 905 972.039366
898 906 989.410406
897 907 995.548264
896 908 997.677744
895 909 999.2671449999999
894 910 32.507484
910 911 966.361824
910 912 967.548075
893 913 0.059169
913 914 0.21377100000000002
914 915 0.302999
915 916 3.7982139999999998
916 917 11.25583
917 918 35.302866
918 919 97.954975
919 920 364.321969
920 921 398.068332
921 922 1
921 923 149.62078400000001
923 924 96.767552
924 925 424.19061400000004
924 926 1
923 927 1
920 928 249.29278899999997
919 929 902.050493
918 930 964.794751
917 931 24.859344
931 932 68.254026
932 933 836.03348
932 934 293.949981
934 935 698.4116710000001
934 936 553.5642789999999
931 937 981.0819419999999
916 938 996.3365899999999
915 939 0.778868
939 940 324.636741
940 941 671.488332
940 942 675.58295
939 943 4.9448989999999995
943 944 13.736073
944 945 26.908707
945 946 163.994982
946 947 836.005079
946 948 668.70516
945 949 973.091243
944 950 986.263536
943 951 995.775578
914 952 0.996823
952 953 11.706137
953 954 988.7013460000001
953 955 22.907356
955 956 32.989994
956 957 967.0104309999999
956 958 865.8695160000001
955 959 977.0914899999999
952 960 5.254149
960 961 15.932972000000001
961 962 984.201951
961 963 33.250170000000004
963 964 238.811651
964 965 352.571013
965 966 425.516894
965 967 393.167286
964 968 568.1656720000001
963 969 964.2184390000001
960 970 994.4790810000001
913 971 999.9507510000001
892 972 0.00738
972 973 0.031632999999999994
973 974 0.1088
974 975 0.165393
975 976 0.75703
976 977 999.369348
976 978 2.033966
978 979 4.13607
979 980 74.12714
980 981 107.626934
981 982 718.087897
981 983 892.372914
980 984 930.60887
979 985 6.267289
985 986 49.745470000000005
986 987 64.171002
987 988 110.30643899999998
988 989 333.94043899999997
988 990 889.6935709999999
987 991 935.8901380000001
986 992 953.389411
985 993 24.926458
993 994 939.161116
993 995 985.426283
978 996 997.9903509999999
975 997 1.234475
997 998 998.175513
997 999 3.5086190000000004
999 1000 59.678755
1000 1001 931.930403
1000 1002 942.3042399999999
999 1003 6.627643
1003 1004 58.329659
1004 1005 163.760214
1005 1006 720.122646
1005 1007 850.031353
1004 1008 921.254096
1003 1009 20.823278000000002
1009 1010 68.29420400000001
1010 1011 931.70579
1010 1012 71.598834
1012 1013 105.25556300000001
1013 1014 1
1013 1015 894.740271
1012 1016 928.4011660000001
1009 1017 979.1767460000001
974 1018 999.917337
973 1019 0.204033
1019 1020 0.417335
1020 1021 2.5977799999999998
1021 1022 13.009685000000001
1022 1023 26.884355999999997
1023 1024 33.853911
1024 1025 966.146097
1024 1026 46.21474
1026 1027 953.7852600000001
1026 1028 156.06795200000002
1028 1029 45.714939
1028 1030 843.932018
1023 1031 973.115669
1022 1032 986.990234
1021 1033 997.426725
1020 1034 7.278987000000001
1034 1035 15.898041
1035 1036 26.283008000000002
1036 1037 29.896853
1037 1038 970.103135
1037 1039 641.3076570000001
1039 1040 55.602609
1039 1041 243.499674
1036 1042 974.429902
1035 1043 982.698529
1034 1044 992.97474
1019 1045 0.9511999999999999
1045 1046 1.43225
1046 1047 18.88263
1047 1048 982.3373459999999
1047 1049 977.563721
1046 1050 4.360218
1050 1051 995.634514
1050 1052 20.471308999999998
1052 1053 37.018316
1053 1054 123.65124999999999
1054 1055 873.944786
1054 1056 692.472794
1053 1057 973.3614689999999
1052 1058 220.593918
1058 1059 775.830047
1058 1060 700.529132
1045 1061 998.552772
972 1062 0.067408
1062 1063 0.58484
1063 1064 0.670205
1064 1065 0.689199
1065 1066 1.0619699999999999
1066 1067 2.953447
1067 1068 8.251842
1068 1069 47.470583
1069 1070 50.249416000000004
1070 1071 223.136614
1071 1072 14.086162
1071 1073 776.863329
1070 1074 949.750584
1069 1075 952.531158
1068 1076 991.744677
1067 1077 997.046553
1066 1078 998.93803
1065 1079 999.310812
1064 1080 999.3303239999999
1063 1081 999.445579
1062 1082 0.402225
1082 1083 1.274248
1083 1084 2.323669
1084 1085 11.672498000000001
1085 1086 17.932079
1086 1087 29.6836
1087 1088 970.3190770000001
1087 1089 125.411232
1089 1090 874.5888259999999
1089 1091 562.063633
1086 1092 982.062266
1085 1093 988.332619
1084 1094 14.815839
1094 1095 28.844437
1095 1096 169.927743
1096 1097 830.0763119999999
1096 1098 713.465999
1095 1099 91.091048
1099 1100 925.4382400000001
1099 1101 841.891843
1094 1102 979.8646789999999
1083 1103 997.5078290000001
1082 1104 1.84325
1104 1105 38.742794
1105 1106 165.361329
1106 1107 749.137322
1106 1108 834.6388599999999
1105 1109 961.796738
1104 1110 50.143552
1110 1111 78.845641
1111 1112 921.1542189999999
1111 1113 132.440089
1113 1114 486.823737
1113 1115 867.525206
1110 1116 949.856993
891 1117 0.003221
1117 1118 0.005631
1118 1119 0.033417
1119 1120 0.16858800000000002
1120 1121 0.204981
1121 1122 0.6299790000000001
1122 1123 2.915801
1123 1124 9.102827
1124 1125 58.398354
1125 1126 917.816107
1125 1127 75.739766
1127 1128 803.9229089999999
1127 1129 938.9351839999999
1124 1130 19.368174
1130 1131 95.051434
1131 1132 206.08210200000002
1132 1133 366.04740300000003
1132 1134 792.240845
1131 1135 904.948566
1130 1136 980.635006
1123 1137 997.084199
1122 1138 30.258487000000002
1138 1139 970.23276
1138 1140 968.5568370000001
1121 1141 7.160452
1141 1142 24.376481
1142 1143 976.339763
1142 1144 118.380638
1144 1145 818.2318260000001
1144 1146 865.767334
1141 1147 11.647973
1147 1148 34.729406000000004
1148 1149 65.507814
1149 1150 800.598645
1149 1151 934.744412
1148 1152 973.146563
1147 1153 129.060211
1153 1154 813.952647
1153 1155 871.196514
1120 1156 0.837077
1156 1157 2.072817
1157 1158 4.623468
1158 1159 21.17774
1159 1160 145.797058
1160 1161 769.690742
1160 1162 857.510163
1159 1163 45.994045
1163 1164 146.172683
1164 1165 853.827481
1164 1166 631.251275
1163 1167 963.7188500000001
1158 1168 33.423443000000006
1168 1169 161.798978
1169 1170 846.910021
1169 1171 771.261248
1168 1172 953.470004
1157 1173 12.140566999999999
1173 1174 982.25117
1173 1175 20.052233
1175 1176 142.61683
1176 1177 197.777037
1177 1178 330.849873
1177 1179 802.223589
1176 1180 857.380994
1175 1181 983.2551139999999
1156 1182 999.2260789999999
1119 1183 0.194525
1183 1184 1.322335
1184 1185 6.413138
1185 1186 993.5868620000001
1185 1187 12.434901
1187 1188 73.507639
1188 1189 926.49264
1188 1190 356.198443
1190 1191 626.938781
1190 1192 384.290235
1187 1193 551.421911
1193 1194 458.52986500000003
1193 1195 413.755398
1184 1196 998.7365799999999
1183 1197 0.754558
1197 1198 14.602751999999999
1198 1199 50.824206000000004
1199 1200 57.421135
1200 1201 59.824892
1201 1202 484.439917
1201 1203 940.472825
1200 1204 941.981734
1199 1205 949.1762749999999
1198 1206 195.19217
1206 1207 777.165264
1206 1208 803.242981
1197 1209 999.2534029999999
1118 1210 0.009687999999999999
1210 1211 0.026746000000000002
1211 1212 0.097116
1212 1213 0.62023
1213 1214 3.2703
1214 1215 10.661472
1215 1216 11.142494
1216 1217 66.684883
1217 1218 933.314522
1217 1219 251.00049699999997
1219 1220 748.999607
1219 1221 422.91665299999994
1216 1222 988.8575060000001
1215 1223 989.8445990000001
1214 1224 792.36628
1224 1225 200.157604
1224 1226 206.917084
1213 1227 2.1891190000000003
1227 1228 2.8128319999999998
1228 1229 44.100701
1229 1230 946.2205270000001
1229 1231 959.943576
1228 1232 34.72327
1232 1233 55.0266
1233 1234 142.95288100000002
1234 1235 520.926605
1234 1236 856.935876
1233 1237 944.971625
1232 1238 965.2785529999999
1227 1239 997.8487140000001
1212 1240 0.061103000000000005
1240 1241 0.752621
1241 1242 0.677454
1242 1243 1.871815
1243 1244 7.386533000000001
1244 1245 44.138994
1245 1246 69.575305
1246 1247 808.7807270000001
1246 1248 219.05317300000002
1248 1249 541.457505
1248 1250 194.461451
1250 1251 562.604691
1250 1252 732.007475
1245 1253 133.647436
1253 1254 764.792377
1253 1255 879.6328709999999
1244 1256 995.4619020000001
1243 1257 14.841812
1257 1258 74.785325
1258 1259 931.153926
1258 1260 214.15497100000002
1260 1261 555.877731
1260 1262 785.724661
1257 1263 52.703806
1263 1264 948.493378
1263 1265 252.18940999999998
1265 1266 746.308244
1265 1267 534.9552570000001
1242 1268 7.747695
1268 1269 64.173749
1269 1270 81.755486
1270 1271 918.2445120000001
1270 1272 757.824886
1269 1273 938.292446
1268 1274 7.119217999999999
1274 1275 19.057254
1275 1276 980.9417129999999
1275 1277 268.46607
1277 1278 730.568314
1277 1279 572.220554
1274 1280 82.454471
1280 1281 929.258612
1280 1282 891.601785
1241 1283 12.890078999999998
1283 1284 987.419285
1283 1285 19.371654999999997
1285 1286 23.062308
1286 1287 271.573614
1287 1288 657.696656
1287 1289 553.6237500000001
1286 1290 260.78965900000003
1290 1291 788.722444
1290 1292 642.895426
1285 1293 980.6252949999999
1240 1294 0.53463
1294 1295 1.448667
1295 1296 25.139473000000002
1296 1297 861.0698100000001
1297 1298 85.154255
1297 1299 142.608653
1296 1300 59.379338999999995
1300 1301 940.620723
1300 1302 208.94479800000002
1302 1303 542.673902
1302 1304 791.055229
1295 1305 12.981399
1305 1306 17.577883
1306 1307 25.540872999999998
1307 1308 27.427470999999997
1308 1309 972.572526
1308 1310 394.47231999999997
1310 1311 605.527661
1310 1312 93.533007
1307 1313 974.459658
1306 1314 985.0299440000001
1305 1315 982.8707850000001
1294 1316 7.176730000000001
1316 1317 12.970649000000002
1317 1318 36.757843
1318 1319 229.20509400000003
1319 1320 769.288708
1319 1321 580.6998130000001
1318 1322 963.241798
1317 1323 814.554985
1323 1324 151.228244
1323 1325 193.720551
1316 1326 993.231196
1211 1327 999.984731
1210 1328 0.008183
1328 1329 0.286162
1329 1330 0.8955609999999999
1330 1331 1.745282
1331 1332 998.2547079999999
1331 1333 3.4266690000000004
1333 1334 7.543988
1334 1335 26.858159999999998
1335 1336 973.14131
1335 1337 135.47237700000002
1337 1338 676.4218539999999
1337 1339 864.5277889999999
1334 1340 992.46615
1333 1341 996.551656
1330 1342 999.141425
1329 1343 1.9067569999999998
1343 1344 5.790854
1344 1345 106.91808400000001
1345 1346 893.044837
1345 1347 871.107447
1344 1348 994.2061060000001
1343 1349 998.1074619999999
1328 1350 0.06714400000000001
1350 1351 0.224099
1351 1352 33.724195
1352 1353 82.434449
1353 1354 916.9693090000001
1353 1355 849.730821
1352 1356 966.380758
1351 1357 0.834226
1357 1358 0.860484
1358 1359 0.926507
1359 1360 4.517218
1360 1361 12.945711
1361 1362 40.658303000000004
1362 1363 46.386062
1363 1364 87.950682
1364 1365 912.048911
1364 1366 186.131413
1363 1367 953.614842
1362 1368 959.3389569999999
1361 1369 987.05429
1360 1370 995.48278
1359 1371 999.073493
1358 1372 999.139516
1357 1373 999.1657910000001
1350 1374 0.143504
1374 1375 0.602465
1375 1376 1.228109
1376 1377 4.1048420000000005
1377 1378 14.029664
1378 1379 60.297595
1379 1380 939.6997000000001
1379 1381 84.96757099999999
1381 1382 174.734197
1382 1383 140.29845999999998
1382 1384 810.113061
1381 1385 915.0331279999999
1378 1386 183.027656
1386 1387 828.020154
1386 1388 777.8644370000001
1377 1389 995.895184
1376 1390 20.726328
1390 1391 35.771597
1391 1392 173.233485
1392 1393 826.76649
1392 1394 658.477362
1391 1395 698.0317570000001
1395 1396 326.154715
1395 1397 206.238529
1390 1398 980.434739
1375 1399 999.275619
1374 1400 1.073583
1400 1401 1.463735
1401 1402 95.264695
1402 1403 904.766824
1402 1404 897.191218
1401 1405 3.544569
1405 1406 3.531383
1406 1407 44.420947
1407 1408 290.779069
1408 1409 709.2291
1408 1410 591.524306
1407 1411 962.9143020000001
1406 1412 7.359356999999999
1412 1413 33.137024
1413 1414 67.350849
1414 1415 932.6489710000001
1414 1416 691.058047
1413 1417 966.8629709999999
1412 1418 86.76615600000001
1418 1419 931.472928
1418 1420 880.292472
1405 1421 27.990235000000002
1421 1422 39.763374
1422 1423 83.591755
1423 1424 916.402408
1423 1425 725.432946
1422 1426 965.0532919999999
1421 1427 964.9169750000001
1400 1428 10.512225
1428 1429 35.504642
1429 1430 961.4475000000001
1429 1431 940.482132
1428 1432 283.095019
1432 1433 694.410406
1432 1434 718.4299659999999
1117 1435 0.003964
1435 1436 0.0069960000000000005
1436 1437 0.033379
1437 1438 0.068787
1438 1439 1.352336
1439 1440 8.841204
1440 1441 991.158796
1440 1442 9.294106000000001
1442 1443 29.686432
1443 1444 37.917847
1444 1445 119.51451099999998
1445 1446 418.661921
1445 1447 877.419892
1444 1448 962.125047
1443 1449 970.1698869999999
1442 1450 990.703505
1439 1451 998.698199
1438 1452 0.255859
1452 1453 0.246204
1453 1454 0.32421500000000003
1454 1455 1.156768
1455 1456 8.617901999999999
1456 1457 992.611093
1456 1458 35.979179
1458 1459 71.566574
1459 1460 930.459246
1459 1461 816.785226
1458 1462 959.9688000000001
1455 1463 4.545468
1463 1464 34.972795
1464 1465 964.863213
1464 1466 54.907376
1466 1467 172.253425
1467 1468 490.875387
1467 1469 827.932365
1466 1470 944.690584
1463 1471 995.455078
1454 1472 1.921753
1472 1473 159.873141
1473 1474 839.0690149999999
1473 1475 835.1360090000001
1472 1476 6.096285
1476 1477 18.172482000000002
1477 1478 40.568008999999996
1478 1479 967.937044
1478 1480 72.066902
1480 1481 99.27838799999999
1481 1482 374.665934
1481 1483 900.7216030000001
1480 1484 927.933098
1477 1485 965.246221
1476 1486 16.770509999999998
1486 1487 93.233791
1487 1488 373.135826
1488 1489 439.43203100000005
1489 1490 196.530855
1489 1491 178.30049699999998
1488 1492 313.745189
1487 1493 906.9270389999999
1486 1494 115.80368700000001
1494 1495 892.969343
1494 1496 846.698977
1453 1497 3.4717659999999997
1497 1498 7.003666
1498 1499 20.549424
1499 1500 260.664802
1500 1501 739.335194
1500 1502 635.616699
1499 1503 584.795688
1503 1504 430.859257
1503 1505 358.450645
1498 1506 993.344394
1497 1507 8.061168
1507 1508 44.356806999999996
1508 1509 94.833924
1509 1510 150.067322
1510 1511 351.50036400000005
1510 1512 849.931432
1509 1513 905.166481
1508 1514 955.642385
1507 1515 992.385318
1452 1516 0.489706
1516 1517 2.373658
1517 1518 3.9259910000000002
1518 1519 33.762565
1519 1520 44.516199
1520 1521 46.426687
1521 1522 248.60085399999997
1522 1523 881.6843
1522 1524 528.050365
1521 1525 693.003008
1520 1526 955.48824
1519 1527 969.453747
1518 1528 66.992862
1528 1529 203.58802599999999
1529 1530 625.302351
1529 1531 796.4119420000001
1528 1532 933.096598
1517 1533 15.999965
1533 1534 26.433332
1534 1535 86.337434
1535 1536 913.662583
1535 1537 765.367898
1534 1538 974.088792
1533 1539 51.174718
1539 1540 223.59287
1540 1541 734.915289
1540 1542 640.045479
1539 1543 952.6681500000001
1516 1544 0.525629
1544 1545 11.418511
1545 1546 8.480392
1546 1547 35.376531
1547 1548 958.9926399999999
1547 1549 188.39782499999998
1549 1550 772.7829019999999
1549 1551 704.6265639999999
1546 1552 139.01046399999998
1552 1553 807.223115
1552 1554 866.410619
1545 1555 42.107211
1555 1556 210.728904
1556 1557 789.973398
1556 1558 654.166061
1555 1559 958.2693859999999
1544 1560 1.26482
1560 1561 4.178867
1561 1562 6.357074
1562 1563 518.047115
1563 1564 458.942886
1563 1565 492.220763
1562 1566 50.92568200000001
1566 1567 145.344618
1567 1568 170.915504
1568 1569 120.922751
1568 1570 829.084533
1567 1571 854.926049
1566 1572 31.208916
1572 1573 925.485321
1572 1574 909.176493
1561 1575 997.167759
1560 1576 9.141075
1576 1577 17.033671000000002
1577 1578 199.20423
1578 1579 780.540122
1578 1580 749.912102
1577 1581 58.239554999999996
1581 1582 49.787011
1582 1583 158.076304
1583 1584 331.549707
1583 1585 841.9237009999999
1582 1586 950.770793
1581 1587 951.6809000000001
1576 1588 21.712884
1588 1589 978.858481
1588 1590 59.137755999999996
1590 1591 840.106556
1590 1592 258.98172700000003
1592 1593 565.8105830000001
1592 1594 788.356219
1437 1595 0.144532
1595 1596 0.238929
1596 1597 6.145827000000001
1597 1598 7.246460000000001
1598 1599 26.378407999999997
1599 1600 52.00037
1600 1601 948.000961
1600 1602 113.91098699999999
1602 1603 508.244772
1602 1604 886.089012
1599 1605 973.61893
1598 1606 992.753707
1597 1607 994.102748
1596 1608 0.906774
1608 1609 3.019433
1609 1610 115.47807000000002
1610 1611 876.0776030000001
1610 1612 886.887174
1609 1613 17.401949
1613 1614 97.89648
1614 1615 902.5977449999999
1614 1616 256.188314
1616 1617 689.801166
1616 1618 473.21486100000004
1613 1619 981.6204779999999
1608 1620 747.089638
1620 1621 220.59389000000002
1621 1622 150.783289
1621 1623 1
1620 1624 253.649771
1595 1625 999.8901639999999
1436 1626 0.051102999999999996
1626 1627 2.445273
1627 1628 88.304531
1628 1629 906.740171
1628 1630 911.758895
1627 1631 3.094067
1631 1632 14.996746
1632 1633 43.719283
1633 1634 58.539266999999995
1634 1635 122.409473
1635 1636 877.5904540000001
1635 1637 401.448597
1634 1638 941.464652
1633 1639 961.9567549999999
1632 1640 973.637184
1631 1641 76.96598300000001
1641 1642 925.624314
1641 1643 914.26159
1626 1644 0.448367
1644 1645 1.455413
1645 1646 2.299874
1646 1647 6.00107
1647 1648 11.895678
1648 1649 62.256135
1649 1650 113.906755
1650 1651 544.518363
1650 1652 886.162758
1649 1653 937.5995250000001
1648 1654 988.102183
1647 1655 459.04332200000005
1655 1656 548.562863
1655 1657 521.348339
1646 1658 997.701066
1645 1659 998.542708
1644 1660 999.57154
1435 1661 0.028096000000000003
1661 1662 0.063013
1662 1663 0.08938600000000001
1663 1664 0.34902
1664 1665 0.9448399999999999
1665 1666 4.834291
1666 1667 6.095846
1667 1668 11.854631
1668 1669 30.051650000000002
1669 1670 61.040965
1670 1671 195.828172
1671 1672 99.332233
1671 1673 804.171326
1670 1674 938.959038
1669 1675 969.948475
1668 1676 988.1455409999999
1667 1677 323.72306000000003
1677 1678 684.720001
1677 1679 655.640442
1666 1680 995.165709
1665 1681 999.2727390000001
1664 1682 0.05322
1682 1683 2.995747
1683 1684 5.608068
1684 1685 12.786508
1685 1686 133.806453
1686 1687 825.7880930000001
1686 1688 881.2931470000001
1685 1689 52.504958
1689 1690 361.32925
1690 1691 370.414989
1690 1692 630.50809
1689 1693 947.495039
1684 1694 79.17622800000001
1694 1695 925.6703829999999
1694 1696 904.8972210000001
1683 1697 277.259238
1697 1698 714.923095
1697 1699 723.677462
1682 1700 27.440609
1700 1701 285.805681
1701 1702 715.003254
1701 1703 658.794052
1700 1704 971.449582
1663 1705 1.6733520000000002
1705 1706 6.6367899999999995
1706 1707 14.089294999999998
1707 1708 44.984642
1708 1709 955.015358
1708 1710 312.240142
1710 1711 687.630125
1710 1712 456.448865
1707 1713 986.043862
1706 1714 41.241979
1714 1715 942.993539
1714 1716 960.729197
1705 1717 4.134962
1717 1718 46.703839
1718 1719 953.301671
1718 1720 938.062955
1717 1721 12.73446
1721 1722 989.126564
1721 1723 32.424173
1723 1724 182.27169800000001
1724 1725 817.73342
1724 1726 663.286598
1723 1727 967.565696
1662 1728 0.215856
1728 1729 0.77654
1729 1730 12.647981
1730 1731 28.837671999999998
1731 1732 32.576089
1732 1733 960.560164
1733 1734 28.348363
1733 1735 1
1732 1736 134.787315
1736 1737 555.796341
1736 1738 865.229621
1731 1739 971.183419
1730 1740 40.477088
1740 1741 932.4798680000001
1740 1742 961.268118
1729 1743 51.051988
1743 1744 272.309409
1744 1745 625.087307
1744 1746 728.974318
1743 1747 946.833535
1728 1748 999.8012689999999
1661 1749 0.020124
1749 1750 0.029490000000000002
1750 1751 0.142451
1751 1752 0.230651
1752 1753 5.649128
1753 1754 39.845197999999996
1754 1755 69.142667
1755 1756 822.997176
1755 1757 930.8665169999999
1754 1758 272.66655599999996
1758 1759 641.077083
1758 1760 734.518277
1753 1761 13.373238
1761 1762 82.231515
1762 1763 242.42034
1763 1764 488.15623500000004
1763 1765 757.579479
1762 1766 918.004375
1761 1767 38.719073
1767 1768 967.964289
1767 1769 58.678112000000006
1769 1770 797.637521
1769 1771 224.480426
1771 1772 847.362001
1771 1773 586.3011730000001
1752 1774 0.762091
1774 1775 62.055861
1775 1776 119.422363
1776 1777 880.5773379999999
1776 1778 753.571239
1775 1779 938.542316
1774 1780 3.026457
1780 1781 5.997061
1781 1782 11.381837
1782 1783 33.279756
1783 1784 259.055429
1784 1785 503.654078
1784 1786 730.492765
1783 1787 966.720245
1782 1788 989.631852
1781 1789 99.700762
1789 1790 209.159799
1790 1791 801.050058
1790 1792 587.627135
1789 1793 881.051306
1780 1794 996.982821
1751 1795 999.909749
1750 1796 0.285927
1796 1797 1.483189
1797 1798 4.851500000000001
1798 1799 995.147613
1798 1800 6.556380000000001
1800 1801 35.700448
1801 1802 73.487661
1802 1803 829.066781
1802 1804 952.5741849999999
1801 1805 177.809588
1805 1806 822.190548
1805 1807 646.559959
1800 1808 993.426097
1797 1809 998.548044
1796 1810 1.3249179999999998
1810 1811 6.027656
1811 1812 14.20899
1812 1813 985.769195
1812 1814 58.097531999999994
1814 1815 68.979356
1815 1816 187.126447
1816 1817 190.51511000000002
1816 1818 814.4880089999999
1815 1819 927.763794
1814 1820 941.913376
1811 1821 994.3587920000001
1810 1822 998.016389
1749 1823 0.12507
1823 1824 0.242676
1824 1825 0.618181
1825 1826 1.9461840000000001
1826 1827 6.169621
1827 1828 993.830432
1827 1829 10.472033999999999
1829 1830 14.501444999999999
1830 1831 38.568535999999995
1831 1832 208.539085
1832 1833 791.461047
1832 1834 277.392222
1831 1835 961.4309589999999
1830 1836 985.498765
1829 1837 989.527654
1826 1838 998.055214
1825 1839 53.743461
1839 1840 946.3603300000001
1839 1841 945.0295990000001
1824 1842 3.603987
1842 1843 7.599428
1843 1844 992.9370499999999
1843 1845 9.198232
1845 1846 47.731218
1846 1847 952.2509640000001
1846 1848 107.81087099999999
1848 1849 892.198078
1848 1850 134.690917
1850 1851 143.359408
1850 1852 865.3089239999999
1845 1853 990.80198
1842 1854 117.378731
1854 1855 881.607419
1854 1856 874.7456229999999
1823 1857 999.905506
890 1858 0.005327
1858 1859 0.034886
1859 1860 0.062405999999999996
1860 1861 0.319067
1861 1862 0.542461
1862 1863 1.8019910000000001
1863 1864 3.033422
1864 1865 5.463763
1865 1866 20.605118
1866 1867 979.394808
1866 1868 22.103267
1868 1869 73.169543
1869 1870 926.830406
1869 1871 163.74186699999998
1871 1872 1
1871 1873 835.4856540000001
1868 1874 977.896791
1865 1875 994.536175
1864 1876 996.9665279999999
1863 1877 998.1980679999999
1862 1878 999.579059
1861 1879 999.496771
1860 1880 0.233072
1880 1881 0.378365
1881 1882 147.262455
1882 1883 852.420657
1882 1884 852.297703
1881 1885 0.401082
1885 1886 0.47752300000000003
1886 1887 1.8656249999999999
1887 1888 3.0028550000000003
1888 1889 3.6096459999999997
1889 1890 28.869404999999997
1890 1891 34.410145
1891 1892 107.804323
1892 1893 87.200824
1892 1894 892.195623
1891 1895 965.5898609999999
1890 1896 971.1305769999999
1889 1897 996.3903630000001
1888 1898 996.9971859999999
1887 1899 998.134267
1886 1900 999.522434
1885 1901 999.598918
1880 1902 999.7689019999999
1859 1903 999.9689249999999
1858 1904 0.08208700000000001
1904 1905 0.188859
1905 1906 999.791984
1905 1907 0.24381
1907 1908 0.826721
1908 1909 4.708952
1909 1910 5.940316
1910 1911 6.641896999999999
1911 1912 993.357555
1911 1913 31.822239000000003
1913 1914 78.238984
1914 1915 921.760898
1914 1916 128.749743
1916 1917 870.010187
1916 1918 108.10660700000001
1913 1919 968.177799
1910 1920 994.059684
1909 1921 995.291048
1908 1922 999.1732790000001
1907 1923 999.766434
1904 1924 999.919845
101 1925 0.006609
1925 1926 0.032979
1926 1927 0.48634000000000005
1927 1928 1.490831
1928 1929 1.672738
1929 1930 3.526975
1930 1931 8.091623
1931 1932 73.64123599999999
1932 1933 140.172158
1933 1934 540.0667870000001
1933 1935 859.827953
1932 1936 926.3584740000001
1931 1937 991.909678
1930 1938 996.4717780000001
1929 1939 998.3245529999999
1928 1940 998.517825
1927 1941 999.500615
1926 1942 0.13425399999999998
1942 1943 0.310216
1943 1944 1.2826499999999998
1944 1945 6.33812
1945 1946 140.991518
1946 1947 843.392598
1946 1948 861.7620860000001
1945 1949 13.911007999999999
1949 1950 30.265683
1950 1951 67.767861
1951 1952 235.12502899999998
1952 1953 207.118862
1952 1954 764.875049
1951 1955 932.231992
1950 1956 969.73631
1949 1957 986.1314739999999
1944 1958 105.197053
1958 1959 891.478683
1958 1960 895.561262
1943 1961 999.6896189999999
1942 1962 999.877358
1925 1963 0.020619000000000002
1963 1964 0.0287
1964 1965 0.073792
1965 1966 0.193274
1966 1967 0.47641100000000003
1967 1968 0.556543
1968 1969 1.190124
1969 1970 1.393686
1970 1971 2.429052
1971 1972 16.390340000000002
1972 1973 36.002177
1973 1974 40.947731
1974 1975 959.0522699999999
1974 1976 137.403956
1976 1977 862.596014
1976 1978 1
1973 1979 963.997821
1972 1980 983.609662
1971 1981 997.570943
1970 1982 998.606318
1969 1983 998.809866
1968 1984 999.443459
1967 1985 999.5236070000001
1966 1986 999.806682
1965 1987 999.926208
1964 1988 999.9712999999999
1963 1989 999.984038
8 1990 998.184889
7 1991 118.36170800000001
1991 1992 883.473505
1991 1993 875.740746
4 1994 992.298628
3 1995 987.920408
2 1996 954.792768
1 1997 715.120532
1 1998 303.643307
