8410 6
28286 14
29265 22
17661 23
36899 25
23907 26
12589 28
22992 29
42398 30
29303 31
11451 33
41363 34
40690 35
25023 36
4701 39
7300 41
21800 48
21584 49
19422 50
29374 51
35275 52
304 53
18971 54
2666 55
35292 63
30138 64
3266 65
43232 66
12213 67
7753 70
630 71
2550 74
38508 75
33010 76
22402 77
22095 81
34649 82
38828 85
39071 86
665 88
13310 89
16705 92
19956 94
24219 97
7927 98
35496 99
29298 100
4558 120
15537 122
14502 124
42865 126
18418 128
35493 130
40317 132
38766 134
19357 136
28478 138
11785 140
14664 142
38149 144
38066 146
28529 148
23478 150
11442 153
43018 155
22647 156
43920 158
37012 161
22934 162
21698 165
19322 166
19320 169
14380 171
35777 172
11441 175
25672 177
44004 178
1634 181
1370 183
39425 184
8418 187
21383 189
21716 190
19866 193
6199 195
11303 196
26375 199
3796 201
32079 202
13397 205
9730 207
34307 208
32838 211
33804 213
42289 214
29258 216
12075 218
1128 219
41553 220
18598 222
43419 223
39696 226
10211 227
35342 229
26385 231
26443 233
4339 234
41277 235
1670 236
35378 237
33639 240
23849 244
32413 250
37111 260
4944 264
36726 267
38876 268
18153 269
9310 270
4108 271
1555 272
1292 273
37410 274
20891 275
13050 276
2711 277
4200 278
27884 279
105 280
1104 281
4995 282
11000 283
25725 284
21028 285
24066 286
23640 291
33275 309
31505 310
42637 311
34989 312
30795 313
3211 314
6814 315
29161 316
6067 317
1443 318
37694 319
21539 320
14542 321
43927 322
33726 323
13181 324
17184 325
32284 326
12409 327
24352 328
14898 329
21529 330
43117 331
20305 333
28835 335
12887 346
23016 353
16140 355
35296 356
35077 357
27016 358
16502 359
43182 360
2788 361
21911 362
5601 363
2099 364
12159 365
27150 366
26288 367
43322 368
38555 369
20569 370
8612 375
37609 376
4687 377
8290 382
26644 386
21408 390
32793 392
18479 394
27788 397
5595 398
43648 399
6315 400
23197 401
21252 404
23508 405
14211 406
23001 407
20362 408
13803 409
899 410
2053 429
4896 430
41387 431
30225 432
29991 433
87 434
14491 435
35552 436
3932 437
40898 438
33326 439
36572 440
14004 443
41535 444
42296 445
31598 446
12267 447
21245 448
31622 449
31081 451
3346 454
26201 457
26811 462
28814 468
41667 469
43916 470
2292 471
36409 473
7333 474
24358 475
40883 477
31704 478
28375 479
42199 480
26781 481
38379 490
39438 496
31575 497
30098 498
8938 499
19808 500
18979 501
8113 502
23772 503
25480 504
5707 505
21876 506
4768 507
20820 508
25391 518
29487 522
26596 523
43742 524
19740 525
34636 526
18818 527
15286 528
36378 529
11572 530
27246 531
17927 532
33778 533
5940 535
38706 537
37064 540
41527 551
21970 553
6154 554
12716 555
36045 556
10441 557
17281 558
30361 559
9149 560
35973 562
7660 563
39648 564
14846 565
35090 567
14220 570
37813 574
20377 580
26730 582
4313 583
4907 584
25680 585
36994 586
6311 587
39028 588
43185 589
6337 590
1501 604
35749 606
2199 607
19267 608
5815 609
35638 610
26832 611
5023 612
15249 613
2077 614
41211 615
29245 616
101 617
14248 618
19540 619
1653 629
19759 631
34428 632
14869 633
36337 634
26257 636
6862 637
44174 645
5473 647
12033 648
3947 649
20116 651
40544 654
33259 655
1665 657
18004 659
35034 660
32474 661
33305 662
31432 663
4692 664
29665 665
18162 666
23960 674
1087 676
35389 680
13805 681
8542 682
33959 683
32171 684
36189 686
30435 687
35119 688
38566 690
41004 691
18188 693
21571 694
8298 696
4632 701
23592 702
38119 703
13138 704
10271 705
34851 709
37293 710
23829 714
4475 715
40527 716
13516 717
23564 720
17888 721
22867 723
11701 733
15693 734
9397 735
13415 736
14687 737
18220 739
31839 740
3611 741
23459 742
40664 743
32203 744
17504 755
5737 757
33128 760
2016 761
14509 762
27824 763
545 764
26239 765
8430 766
24183 770
38673 771
22209 776
30912 777
3666 778
30203 779
15821 780
15163 781
35622 782
22967 783
3897 784
22906 792
32938 793
18672 794
32477 798
34644 799
40314 801
25769 802
14792 805
15617 806
22736 807
36365 816
1811 817
40497 818
29196 819
40614 820
298 821
39831 822
18323 823
22868 825
42739 826
40575 828
12360 832
4307 833
14405 834
10862 835
1067 842
27142 845
23534 847
32346 848
9463 849
35680 850
24144 852
38334 854
43477 856
33289 857
7520 858
16609 859
25586 860
4512 867
6215 870
27643 873
10853 874
39013 875
5750 876
31040 878
21736 880
15520 881
41676 882
21689 883
36703 885
22706 886
39337 888
33477 889
31799 902
1944 903
34819 904
7370 905
23406 906
18789 907
8202 908
7354 909
14962 911
8671 912
6883 922
36199 925
417 926
39987 927
33053 928
18240 929
29163 930
39267 933
8568 935
20619 936
7480 937
38625 938
1783 941
41154 942
13390 947
3622 948
19453 949
9580 950
16604 951
34416 954
950 957
20058 958
30739 959
4092 962
41512 966
7732 967
34319 968
5741 969
27688 970
2903 971
31150 977
33372 982
730 983
2215 984
6821 989
18926 990
22668 991
11207 992
20614 994
5127 995
32973 996
8270 998
10871 1001
35635 1002
39197 1006
10530 1007
41966 1008
7159 1011
8081 1014
36975 1015
38945 1016
43277 1017
34816 1018
21434 1025
36251 1027
17769 1029
42412 1030
30210 1031
42473 1032
17706 1033
17294 1038
29885 1040
36800 1041
20151 1042
23604 1043
21255 1044
42056 1048
6789 1049
22910 1051
29833 1055
37095 1056
14388 1057
39507 1059
27717 1060
42863 1061
32535 1072
14529 1073
31032 1074
23933 1075
40573 1076
26545 1077
17793 1078
36531 1079
12327 1080
15673 1081
27570 1088
9802 1090
16429 1091
30157 1092
37249 1093
43138 1097
13507 1098
34569 1100
11202 1101
42166 1102
33728 1103
20548 1107
41540 1108
4367 1109
7413 1112
8999 1114
24091 1115
18396 1116
5342 1126
31848 1128
38217 1129
6340 1133
11426 1134
36026 1135
9881 1136
17020 1137
40130 1139
16657 1140
29605 1143
39673 1145
17023 1146
5979 1150
24962 1151
20449 1152
14900 1154
41562 1155
16273 1161
11070 1162
2178 1165
23961 1166
17342 1167
37091 1170
28174 1171
8230 1172
6023 1174
44310 1178
37673 1179
40622 1180
15060 1181
28387 1182
9520 1186
36628 1189
19500 1191
25796 1192
9939 1194
26499 1195
11643 1196
42413 1202
24271 1203
17421 1204
41039 1205
32591 1207
22173 1208
15415 1209
27629 1218
25577 1220
5469 1221
31901 1222
15056 1223
16606 1225
33941 1226
39886 1230
14568 1231
19102 1235
20698 1236
10145 1237
3668 1238
13879 1239
12222 1247
7357 1249
36216 1251
11846 1252
9701 1254
22903 1255
35066 1256
33909 1259
29141 1261
41567 1262
6605 1264
1606 1266
34885 1267
19211 1271
30707 1272
2052 1273
1074 1276
36985 1278
7235 1279
2006 1281
40017 1282
27491 1284
19736 1288
35353 1289
23358 1291
9560 1292
21465 1293
26113 1298
15897 1299
9963 1301
7325 1303
15578 1304
8580 1309
19629 1311
19414 1312
13283 1313
12707 1314
29936 1315
15026 1320
21136 1321
6316 1322
41509 1324
5942 1325
23526 1326
16167 1327
35547 1332
7864 1336
34865 1338
34711 1339
21029 1340
3486 1341
13808 1342
5307 1346
29095 1347
17900 1348
18159 1349
13216 1354
36831 1355
7181 1356
34925 1365
15732 1366
38653 1367
32028 1368
15935 1369
24760 1370
26159 1371
25265 1372
8175 1373
35718 1380
39711 1383
7330 1384
37863 1385
35329 1387
38057 1388
12601 1389
30042 1393
20575 1394
16120 1396
24859 1397
24516 1398
16053 1399
29378 1403
26198 1404
32341 1409
26959 1410
3372 1411
11927 1415
25035 1416
41076 1417
32546 1419
30736 1420
39771 1424
42102 1425
2007 1426
20451 1427
4130 1430
7862 1431
31463 1433
17775 1434
16099 1441
22325 1446
17046 1447
37276 1448
40919 1449
25844 1450
10459 1451
25854 1457
13074 1460
6239 1461
8623 1462
43767 1465
7314 1468
9526 1469
16096 1470
40223 1471
3444 1474
17656 1475
38410 1479
17070 1482
19130 1483
5599 1484
15514 1485
11825 1490
5937 1491
32889 1492
7593 1493
30394 1495
11448 1496
27437 1501
4262 1502
12423 1504
3227 1505
24674 1506
43319 1511
14346 1512
41196 1513
15374 1514
34002 1515
24435 1523
10068 1524
3368 1525
21356 1526
18919 1527
28410 1530
6670 1531
9173 1532
31392 1536
43360 1537
44108 1538
22513 1541
19871 1542
9896 1543
23071 1548
39334 1550
22082 1551
14919 1553
18978 1554
5142 1557
8931 1558
41552 1559
36602 1564
32501 1565
6717 1569
14451 1570
15255 1571
37372 1573
25963 1574
34775 1575
29615 1579
42074 1580
17505 1584
29758 1585
9715 1586
15847 1587
21669 1589
11345 1591
30750 1593
24705 1594
42028 1601
7400 1603
16968 1604
16763 1605
13814 1606
20565 1607
44244 1611
13580 1612
28596 1615
40302 1617
15474 1618
35124 1619
32289 1622
41221 1623
42525 1624
7068 1625
3760 1629
21317 1630
35098 1636
43609 1637
20544 1638
7 1639
27466 1640
24627 1642
6978 1643
34643 1651
34456 1652
15749 1653
17429 1654
43273 1656
2452 1657
23339 1658
1062 1659
12465 1660
21114 1672
3206 1673
42616 1674
23463 1675
11524 1676
28627 1678
16494 1679
44277 1680
40381 1681
6792 1687
31420 1688
36721 1691
29896 1692
20185 1693
28569 1695
34261 1696
11934 1698
13005 1699
29732 1702
7025 1703
38271 1704
22398 1709
36836 1711
27400 1712
25289 1713
22860 1715
38888 1716
16241 1719
3669 1720
2227 1722
4024 1725
38981 1726
10760 1727
22862 1734
42568 1735
15582 1737
17992 1738
23535 1739
19615 1741
42377 1742
24320 1745
40388 1746
32617 1747
26937 1748
4042 1756
23236 1757
40180 1759
40683 1760
3664 1764
28645 1765
38767 1766
25328 1768
21847 1770
17915 1772
41422 1773
23928 1777
42404 1778
22593 1779
10687 1785
41675 1786
16582 1787
36938 1788
32921 1791
33858 1792
11702 1793
19916 1794
25306 1795
23148 1799
7745 1803
19600 1804
42150 1806
15555 1807
10227 1808
8460 1809
16745 1813
32179 1817
13247 1818
31275 1819
39631 1820
13273 1821
14007 1822
30877 1828
2950 1833
13741 1834
42764 1835
27992 1836
22142 1837
17920 1838
25220 1840
29860 1841
41044 1844
22435 1847
26924 1849
10101 1851
32080 1852
33389 1853
36247 1855
11967 1856
7681 1857
34734 1867
28475 1870
3945 1872
8481 1873
32042 1874
2024 1875
9795 1876
37532 1877
21952 1878
38400 1879
38159 1883
19728 1884
22562 1893
32551 1894
32097 1895
438 1896
25069 1897
11541 1898
28110 1899
8285 1900
7478 1901
44093 1902
19393 1903
30628 1906
38851 1912
25125 1915
28192 1917
25649 1918
15388 1919
40957 1920
21165 1921
35648 1922
4095 1923
5991 1924
9413 1934
15636 1935
14458 1936
11803 1937
37254 1938
36640 1939
30571 1940
6736 1941
21452 1947
24326 1948
35096 1953
39983 1954
16449 1955
37081 1956
37948 1957
7345 1959
2543 1960
27981 1961
27355 1962
35391 1975
19716 1977
4548 1978
42130 1979
39090 1980
24471 1981
17159 1982
10723 1983
28713 1984
5188 1985
2535 1986
39037 1987
8526 1988
25613 1989
1223 1990
14285 1992
22384 1993
11153 1994
41256 1995
9595 1996
3571 1997
26109 1998
