1 2 0.350245
2 3 0.272518
3 4 0.345373
4 5 1.112261
5 6 0.26007399999999997
6 7 0.094285
7 8 0.493988
8 9 24.976585
8 10 23.339327
7 11 1.814375
11 12 22.405676999999997
11 13 22.135554
6 14 0.11100800000000001
14 15 0.819092
15 16 1.5997150000000002
16 17 6.0942240000000005
17 18 21.796408
17 19 6.04912
19 20 16.362814
19 21 15.925223999999998
16 22 0.14488700000000002
22 23 0.252658
23 24 27.534775
23 25 0.368825
25 26 26.406819999999996
25 27 25.799916
22 28 28.696239000000002
15 29 27.18404
14 30 0.16178
30 31 24.793149
30 32 0.518988
32 33 0.665113
33 34 0.474204
34 35 22.080137999999998
34 36 22.635309
33 37 23.62568
32 38 5.287268
38 39 18.5643
38 40 19.821298000000002
5 41 0.191164
41 42 0.339466
42 43 0.39265000000000005
43 44 0.33519
44 45 0.26082700000000003
45 46 0.347423
46 47 23.42234
46 48 22.977195000000002
45 49 0.267197
49 50 0.326351
50 51 21.452398
50 52 0.382678
52 53 20.238955
52 54 21.22446
49 55 0.277747
55 56 0.39218600000000003
56 57 0.11629500000000001
57 58 0.50776
58 59 0.298079
59 60 20.174011
59 61 0.052289
61 62 0.03351
62 63 0.09967699999999999
63 64 20.990914999999998
63 65 20.124068
62 66 0.265087
66 67 0.215898
67 68 0.542309
68 69 0.434268
69 70 20.680077999999998
69 71 21.886705
68 72 0.320668
72 73 21.292646
72 74 19.764265
67 75 0.100112
75 76 1.442805
76 77 20.990757
76 78 17.859417
75 79 20.363235
66 80 0.5989249999999999
80 81 19.286895
80 82 20.550503
61 83 21.013963
58 84 0.522346
84 85 0.480612
85 86 0.041956
86 87 0.283159
87 88 0.103772
88 89 0.17849299999999999
89 90 0.192714
90 91 19.577109
90 92 20.841009999999997
89 93 0.069191
93 94 0.09828599999999998
94 95 0.174443
95 96 0.033063
96 97 0.5191570000000001
97 98 0.084203
98 99 0.075935
99 100 0.1202
100 101 0.231044
101 102 17.395688
101 103 0.054951
103 104 17.631715
103 105 17.676067
100 106 0.255309
106 107 0.253544
107 108 18.129483
107 109 17.991307
106 110 18.358535
99 111 0.348005
111 112 17.631458
111 113 18.605476000000003
98 114 0.162633
114 115 0.10500999999999999
115 116 0.092737
116 117 0.396364
117 118 18.893326
117 119 17.750112
116 120 0.10319
120 121 0.411995
121 122 18.365148
121 123 18.452505
120 124 0.148093
124 125 0.147649
125 126 0.182792
126 127 0.144014
127 128 17.263064
127 129 17.347853
126 130 0.364116
130 131 0.167931
131 132 19.024405
131 133 18.025536
130 134 17.05042
125 135 0.14327800000000002
135 136 0.032369
136 137 0.311385
137 138 0.166854
138 139 17.096906
138 140 16.642932
137 141 0.152542
141 142 16.863349
141 143 16.702272
136 144 0.049569
144 145 0.494696
145 146 16.390357
145 147 16.710688
144 148 0.16023199999999999
148 149 0.086931
149 150 0.21178
150 151 0.348076
151 152 16.335282
151 153 15.836611000000001
150 154 16.812203
149 155 0.192272
155 156 0.209435
156 157 0.285062
157 158 16.209979999999998
157 159 15.729625
156 160 0.31743499999999997
160 161 0.205484
161 162 15.072202
161 163 15.183315
160 164 0.12843
164 165 15.834359000000001
164 166 15.698742
155 167 0.027333000000000003
167 168 0.111194
168 169 0.159958
169 170 16.430149
169 171 0.12037400000000001
171 172 17.021008000000002
171 173 0.342522
173 174 16.818372
173 175 17.618329
168 176 0.119513
176 177 16.369995
176 178 16.789122
167 179 0.144685
179 180 0.27988599999999997
180 181 16.132776
180 182 15.574541
179 183 0.10126899999999998
183 184 0.47323699999999996
184 185 0.215728
185 186 0.677967
186 187 14.759947
186 188 15.089064999999998
185 189 0.24120399999999997
189 190 0.091773
190 191 15.268073
190 192 15.103588000000002
189 193 0.345582
193 194 0.5167660000000001
194 195 14.405402
194 196 14.282169999999999
193 197 0.354314
197 198 14.467494
197 199 0.42797699999999994
199 200 0.31141599999999997
200 201 13.641198
200 202 14.523726
199 203 0.066053
203 204 14.099033
203 205 13.310955
184 206 15.191502000000002
183 207 0.070394
207 208 0.359109
208 209 17.772073
208 210 16.316195999999998
207 211 16.22045
148 212 0.218462
212 213 0.170405
213 214 17.27536
213 215 0.262387
215 216 17.24208
215 217 17.078477
212 218 0.344984
218 219 16.830589
218 220 17.489968
135 221 0.072638
221 222 0.823891
222 223 0.092805
223 224 0.222616
224 225 0.30541399999999996
225 226 0.16156600000000002
226 227 14.863199999999999
226 228 14.869669
225 229 0.08886999999999999
229 230 0.200154
230 231 0.21864599999999998
231 232 15.203358999999999
231 233 14.761796999999998
230 234 14.909111999999999
229 235 0.16824
235 236 0.090908
236 237 14.766464000000001
236 238 0.22337400000000002
238 239 0.44120699999999996
239 240 0.193819
240 241 14.515355999999999
240 242 15.043296999999999
239 243 0.140095
243 244 14.63581
243 245 15.619707
238 246 14.330860000000001
235 247 14.942483000000001
224 248 0.34472
248 249 0.23075700000000002
249 250 0.20211500000000002
250 251 17.057159
250 252 16.276175000000002
249 253 16.638768000000002
248 254 0.29189099999999996
254 255 16.535348
254 256 15.578473
223 257 0.263624
257 258 0.10998799999999999
258 259 16.736561
258 260 15.95798
257 261 18.153659
222 262 0.270411
262 263 0.283815
263 264 0.106859
264 265 0.09930399999999999
265 266 0.15511
266 267 0.278347
267 268 14.846881
267 269 0.164733
269 270 15.051412000000001
269 271 15.610609
266 272 0.42577600000000004
272 273 16.778306
272 274 14.464435
265 275 15.948984999999999
264 276 15.64547
263 277 0.061574000000000004
277 278 0.243907
278 279 15.329877
278 280 14.577208
277 281 0.147033
281 282 0.081651
282 283 0.06555899999999999
283 284 0.16901100000000002
284 285 0.21685900000000002
285 286 0.028581
286 287 0.16275199999999998
287 288 0.136904
288 289 0.06403
289 290 0.143568
290 291 0.21863999999999997
291 292 1.716931
292 293 12.370038999999998
292 294 12.426708999999999
291 295 0.097177
295 296 0.177458
296 297 0.112886
297 298 0.32219800000000004
298 299 0.198744
299 300 13.909049000000001
299 301 13.907443
298 302 13.477214000000002
297 303 1.7829129999999997
303 304 11.961433000000001
303 305 12.196522
296 306 0.07860099999999999
306 307 0.143012
307 308 0.25895100000000004
308 309 0.22312
309 310 13.740447999999999
309 311 13.437251999999999
308 312 0.094692
312 313 0.462047
313 314 0.184175
314 315 0.27358299999999997
315 316 0.48171
316 317 12.173390000000001
316 318 12.565286
315 319 0.27429400000000004
319 320 0.202148
320 321 0.291606
321 322 13.292087
321 323 12.898388999999998
320 324 0.060707000000000004
324 325 0.294217
325 326 0.187118
326 327 0.215521
327 328 0.19195399999999999
328 329 0.22330000000000003
329 330 0.328292
330 331 0.144015
331 332 10.536599
331 333 0.049890000000000004
333 334 0.11520899999999999
334 335 0.190246
335 336 0.09660200000000001
336 337 0.25984100000000004
337 338 10.96524
337 339 10.927908
336 340 0.092646
340 341 10.778379000000001
340 342 0.15827
342 343 0.101935
343 344 0.19017299999999998
344 345 0.138796
345 346 0.287167
346 347 0.14648899999999998
347 348 0.408939
348 349 11.189985
348 350 12.213034
347 351 0.150004
351 352 10.790152
351 353 0.127386
353 354 11.707463
353 355 11.637485
346 356 0.075818
356 357 0.21082900000000002
357 358 11.165336
357 359 0.144188
359 360 3.888589
360 361 7.806707
360 362 8.221167999999999
359 363 11.732781000000001
356 364 11.447127
345 365 2.223994
365 366 11.004076
365 367 9.204983
344 368 0.18479600000000002
368 369 10.306199000000001
368 370 0.052396
370 371 0.155898
371 372 0.077153
372 373 10.567727
372 374 10.512413
371 375 10.491953
370 376 0.090908
376 377 10.599061
376 378 10.771438
343 379 0.176463
379 380 0.21140799999999998
380 381 11.370066
380 382 10.406938
379 383 0.485456
383 384 10.125337
383 385 10.432154
342 386 0.06746
386 387 11.105711999999999
386 388 0.131221
388 389 10.901748999999999
388 390 11.804406
335 391 0.095372
391 392 10.986231
391 393 0.200498
393 394 0.094197
394 395 0.13614700000000002
395 396 0.156279
396 397 0.264741
397 398 12.127975000000001
397 399 0.400153
399 400 11.623569
399 401 0.377375
401 402 13.010273999999999
401 403 0.161184
403 404 12.854139
403 405 0.183027
405 406 13.219763
405 407 0.311015
407 408 14.352797
407 409 0.629782
409 410 13.39371
409 411 12.796766000000002
396 412 0.183019
412 413 0.09242299999999999
413 414 0.046937
414 415 0.180112
415 416 0.152911
416 417 0.349724
417 418 0.277846
418 419 12.628060999999999
418 420 0.292961
420 421 12.287936
420 422 11.928092
417 423 0.222118
423 424 0.239981
424 425 0.251628
425 426 13.615326
425 427 0.626834
427 428 15.319657000000001
427 429 0.18557
429 430 14.19956
429 431 14.488012999999999
424 432 0.089545
432 433 0.30623500000000003
433 434 13.328083
433 435 13.443113
432 436 13.776226999999999
423 437 0.152005
437 438 13.002976
437 439 12.780996
416 440 0.413379
440 441 0.578426
441 442 14.027221
441 443 12.569759
440 444 12.807172
415 445 0.110426
445 446 0.165395
446 447 0.172551
447 448 11.590491
447 449 11.580241
446 450 0.175881
450 451 11.771864
450 452 0.278078
452 453 12.439305000000001
452 454 11.312145999999998
445 455 0.03332
455 456 0.32760900000000004
456 457 12.467225
456 458 12.561811
455 459 0.151485
459 460 0.123997
460 461 0.48216099999999995
461 462 11.900006000000001
461 463 12.316022
460 464 12.235609
459 465 12.187269
414 466 0.030597000000000003
466 467 12.010022
466 468 0.286726
468 469 0.252374
469 470 0.23401
470 471 12.29129
470 472 12.331242000000001
469 473 12.62894
468 474 11.754014
413 475 0.263293
475 476 11.872895
475 477 11.588197000000001
412 478 0.478571
478 479 11.777442
478 480 11.741722000000001
395 481 0.179479
481 482 11.658415
481 483 11.338101
394 484 11.248962
393 485 10.821253
334 486 10.725564
333 487 0.111129
487 488 0.114025
488 489 0.105488
489 490 11.215385999999999
489 491 10.503545
488 492 0.029085
492 493 0.176196
493 494 10.391277
493 495 0.059427999999999995
495 496 0.11867699999999999
496 497 0.145873
497 498 9.618042
497 499 0.109019
499 500 10.302686
499 501 10.603238
496 502 0.052525
502 503 0.140038
503 504 0.093093
504 505 0.199102
505 506 9.478607
505 507 8.146248
507 508 1.867127
507 509 1.8494819999999998
504 510 0.348952
510 511 9.717109
510 512 0.160577
512 513 0.20834
513 514 0.284993
514 515 8.278813
514 516 8.968573000000001
513 517 0.397353
517 518 8.417034
517 519 8.191561
512 520 0.32519699999999996
520 521 0.61209
521 522 9.351531
521 523 9.405728
520 524 3.30777
524 525 6.5644279999999995
524 526 6.96635
503 527 0.061691
527 528 0.10541800000000001
528 529 0.19347699999999998
529 530 9.32357
529 531 9.143329
528 532 0.068543
532 533 0.079309
533 534 0.270133
534 535 10.384011
534 536 9.244328
533 537 0.085558
537 538 0.47387
538 539 8.871222
538 540 10.176397
537 541 9.659696
532 542 0.039625
542 543 0.231574
543 544 0.215139
544 545 8.932511
544 546 9.708604
543 547 0.23491900000000002
547 548 9.108159
547 549 9.06838
542 550 0.023421
550 551 0.108734
551 552 0.073348
552 553 0.156551
553 554 0.247166
554 555 10.303274
554 556 0.06258
556 557 0.45420599999999994
557 558 10.333016
557 559 9.934116
556 560 0.21362199999999998
560 561 10.405588
560 562 10.209975
553 563 0.121228
563 564 8.459868
564 565 1.730005
564 566 1.928531
563 567 9.223059
552 568 0.270822
568 569 9.625133
568 570 9.074054
551 571 0.217919
571 572 9.528018000000001
571 573 9.113097
550 574 0.18136
574 575 0.435059
575 576 0.172519
576 577 0.294543
577 578 8.352198
577 579 9.998557
576 580 0.5620189999999999
580 581 7.8764840000000005
580 582 7.802958
575 583 0.059769
583 584 0.253566
584 585 9.706991
584 586 0.252359
586 587 9.416279
586 588 10.386276
583 589 9.008919
574 590 0.083749
590 591 0.059984
591 592 0.072015
592 593 0.094749
593 594 9.277959
593 595 8.782436
592 596 0.043172
596 597 0.502765
597 598 9.452427
597 599 9.188688
596 600 8.962973
591 601 0.110368
601 602 0.10503699999999999
602 603 0.070094
603 604 0.061321
604 605 0.063742
605 606 9.295157
605 607 9.404029999999999
604 608 0.052402000000000004
608 609 0.078658
609 610 0.147949
610 611 9.597995
610 612 9.62384
609 613 9.201644
608 614 9.575813
603 615 0.085674
615 616 0.145708
616 617 9.624632
616 618 0.18953699999999998
618 619 9.361177
618 620 9.279938
615 621 0.153726
621 622 10.107543
621 623 0.142166
623 624 10.211755
623 625 0.357351
625 626 10.056963
625 627 9.164872
602 628 0.094822
628 629 9.217464999999999
628 630 0.030503000000000002
630 631 0.022213
631 632 9.978677
631 633 9.475446
630 634 9.501596
601 635 0.024831000000000002
635 636 0.12789399999999998
636 637 0.349545
637 638 8.638189
637 639 8.841486
636 640 0.173103
640 641 9.071474
640 642 9.221209
635 643 0.402013
643 644 9.1129
643 645 9.005567000000001
590 646 0.187838
646 647 0.11838
647 648 0.153886
648 649 8.736874
648 650 8.684728999999999
647 651 0.189101
651 652 0.040228
652 653 0.089171
653 654 8.860323000000001
653 655 8.677424
652 656 0.319147
656 657 0.16361399999999998
657 658 0.355394
658 659 8.503661
658 660 8.917941
657 661 9.632992
656 662 0.108599
662 663 9.095241
662 664 0.312425
664 665 8.569508
664 666 10.129679
651 667 0.277353
667 668 9.171208
667 669 9.411835
646 670 0.26952299999999996
670 671 8.755391
670 672 9.76958
527 673 9.825883000000001
502 674 0.09432
674 675 0.41694899999999996
675 676 9.319466
675 677 9.495865
674 678 0.12124399999999999
678 679 0.056031
679 680 0.197559
680 681 0.297182
681 682 0.071897
682 683 0.258228
683 684 9.385738
683 685 9.545737
682 686 0.097463
686 687 10.015005
686 688 0.089525
688 689 10.207174
688 690 9.188877
681 691 0.163121
691 692 0.26860500000000004
692 693 0.033379
693 694 8.905681999999999
693 695 0.103805
695 696 0.19226
696 697 0.171842
697 698 0.043681
698 699 0.110426
699 700 0.152882
700 701 0.200884
701 702 7.723768000000001
701 703 8.013747
700 704 0.074958
704 705 0.243122
705 706 7.780787999999999
705 707 7.956726
704 708 0.177901
708 709 7.956419
708 710 8.419888
699 711 8.62688
698 712 0.14409100000000002
712 713 8.504455
712 714 0.06033600000000001
714 715 8.262995
714 716 0.110169
716 717 8.316699
716 718 0.062933
718 719 0.090889
719 720 0.029415000000000004
720 721 0.09481
721 722 7.995735
721 723 8.090211
720 724 0.181032
724 725 8.563693
724 726 0.089036
726 727 8.505378
726 728 8.393576
719 729 0.073674
729 730 0.10214899999999999
730 731 0.08403
731 732 0.19916399999999998
732 733 7.747413
732 734 8.164318
731 735 0.133051
735 736 0.100349
736 737 0.189661
737 738 7.4886099999999995
737 739 7.610113
736 740 0.14053200000000002
740 741 0.124741
741 742 0.21028599999999997
742 743 0.279043
743 744 0.118701
744 745 0.03197
745 746 0.160152
746 747 0.180583
747 748 7.319221
747 749 7.082637
746 750 0.066223
750 751 7.528803000000001
750 752 7.047272
745 753 0.101172
753 754 0.322293
754 755 7.774776999999999
754 756 7.4981610000000005
753 757 0.069693
757 758 6.737081
757 759 7.316345
744 760 6.864082000000001
743 761 0.10769
761 762 0.16964
762 763 0.05021099999999999
763 764 6.383183000000001
763 765 6.683019
762 766 6.482889999999999
761 767 6.523159000000001
742 768 0.084379
768 769 0.043665
769 770 8.286865
769 771 7.508722
768 772 0.16314599999999999
772 773 0.13708900000000002
773 774 0.036685
774 775 0.07563500000000001
775 776 7.658663000000001
775 777 0.045859
777 778 0.05545599999999999
778 779 0.09718500000000001
779 780 0.258104
780 781 7.657665
780 782 7.673344999999999
779 783 7.5235449999999995
778 784 0.171398
784 785 8.916374000000001
784 786 0.14285899999999999
786 787 9.067863
786 788 9.050604
777 789 0.175018
789 790 7.4221770000000005
789 791 0.127184
791 792 7.60454
791 793 8.016831
774 794 0.218355
794 795 7.39311
794 796 7.705613
773 797 0.179554
797 798 7.552874
797 799 0.21244200000000002
799 800 0.369276
800 801 8.032493
800 802 1.229992
802 803 7.171017
802 804 8.33421
799 805 0.360253
805 806 0.28419
806 807 8.050222
806 808 8.384155999999999
805 809 8.687935
772 810 0.096751
810 811 0.164587
811 812 7.620259999999999
811 813 9.220623
810 814 0.11452999999999999
814 815 0.370171
815 816 0.6077830000000001
816 817 6.208737999999999
816 818 7.089752000000001
815 819 0.029716999999999997
819 820 0.087188
820 821 0.164061
821 822 6.8400929999999995
821 823 7.155261
820 824 0.039191
824 825 6.802771000000001
824 826 6.669935000000001
819 827 0.06858199999999999
827 828 0.280525
828 829 0.14499800000000002
829 830 0.22185299999999997
830 831 6.978051000000001
830 832 6.610799
829 833 7.734012
828 834 0.144454
834 835 0.300088
835 836 0.198611
836 837 0.190507
837 838 7.572184999999999
837 839 8.281473
836 840 0.317623
840 841 7.512512
840 842 7.992713999999999
835 843 0.19337600000000002
843 844 7.493439
843 845 7.8375710000000005
834 846 0.208042
846 847 9.261716
846 848 6.824231
827 849 0.08122700000000001
849 850 0.23024400000000003
850 851 0.151724
851 852 0.086147
852 853 0.21919499999999997
853 854 0.22254000000000002
854 855 0.23634799999999997
855 856 0.450821
856 857 0.08388799999999999
857 858 0.068541
858 859 0.025338
859 860 4.434569
859 861 0.269264
861 862 4.307282
861 863 3.997016
858 864 0.127101
864 865 4.19941
864 866 4.221031
857 867 0.020819
867 868 0.11585899999999999
868 869 0.317266
869 870 4.068863
869 871 0.194559
871 872 0.154703
872 873 0.05760099999999999
873 874 0.23807099999999998
874 875 0.430048
875 876 0.24667
876 877 3.4358729999999995
876 878 0.11414699999999998
878 879 0.440376
879 880 2.0709579999999996
879 881 2.981307
878 882 0.207319
882 883 0.219303
883 884 0.406393
884 885 0.19858800000000001
885 886 4.107863
885 887 0.167689
887 888 0.20230299999999998
888 889 3.3520010000000005
888 890 0.277499
890 891 3.055026
890 892 3.507111
887 893 8.435909
884 894 5.971563
883 895 0.189405
895 896 0.242784
896 897 0.090273
897 898 1.801651
897 899 1.218094
896 900 0.040389
900 901 1.32098
900 902 1.118044
895 903 0.124249
903 904 0.5378390000000001
904 905 0.47517999999999994
904 906 0.047468
906 907 0.137514
907 908 0.031604
908 909 0.580514
908 910 0.40670999999999996
907 911 3.801148
906 912 0.385134
903 913 0.27857200000000004
913 914 0.292671
914 915 0.089
915 916 2.542655
915 917 0.462572
917 918 0.253564
918 919 5.790025
918 920 6.579313000000001
917 921 0.37071
921 922 4.449065
921 923 0.370912
923 924 7.050937
923 925 5.028041
914 926 5.173776
913 927 0.16600700000000002
927 928 0.045085
928 929 0.047689999999999996
929 930 2.858294
929 931 1.497107
928 932 2.27519
927 933 0.121872
933 934 2.64543
933 935 2.116474
882 936 0.10123
936 937 2.9513629999999997
936 938 2.33319
875 939 0.10228
939 940 2.6162009999999998
939 941 0.086869
941 942 0.094385
942 943 0.09641
943 944 0.10582499999999999
944 945 2.104184
944 946 0.175143
946 947 2.264262
946 948 0.26187099999999996
948 949 2.407937
948 950 3.0508319999999998
943 951 2.224314
942 952 2.357132
941 953 2.8963229999999998
874 954 0.184914
954 955 4.40512
954 956 3.3184579999999997
873 957 3.608856
872 958 3.517371
871 959 0.105145
959 960 0.218916
960 961 3.7661540000000002
960 962 3.8993519999999995
959 963 4.833348
868 964 0.047649
964 965 0.089964
965 966 0.246537
966 967 4.7820160000000005
966 968 4.509505
965 969 0.22466
969 970 0.188151
970 971 0.147014
971 972 0.042194999999999996
972 973 0.20788500000000001
973 974 0.12377300000000001
974 975 3.72951
974 976 3.645635
973 977 0.093997
977 978 4.140727
977 979 4.105498
972 980 0.24285299999999999
980 981 0.21085700000000002
981 982 3.418877
981 983 0.175236
983 984 0.10270699999999999
984 985 0.071869
985 986 3.0033939999999997
985 987 0.009091
987 988 0.136475
988 989 0.330606
989 990 2.9232620000000002
989 991 3.4646589999999997
988 992 0.192042
992 993 3.2914730000000003
992 994 2.980304
987 995 0.153885
995 996 3.045084
995 997 2.820189
984 998 3.590297
983 999 5.394172
980 1000 3.59286
971 1001 3.7347539999999997
970 1002 0.039083
1002 1003 3.836105
1002 1004 0.141828
1004 1005 3.7904930000000006
1004 1006 3.816941
969 1007 4.831519
964 1008 0.083449
1008 1009 0.042895
1009 1010 0.184077
1010 1011 0.068879
1011 1012 3.919988
1011 1013 4.384309
1010 1014 4.460738
1009 1015 0.113542
1015 1016 4.158067
1015 1017 4.088158
1008 1018 4.3596889999999995
867 1019 0.06433399999999999
1019 1020 4.607295000000001
1019 1021 4.742299
856 1022 0.01365
1022 1023 0.066964
1023 1024 0.126615
1024 1025 0.297732
1025 1026 0.11322700000000001
1026 1027 5.807847
1026 1028 0.035649
1028 1029 0.049229999999999996
1029 1030 5.960883
1029 1031 4.782438
1028 1032 0.22661199999999998
1032 1033 4.663202
1032 1034 4.744464000000001
1025 1035 0.058494000000000004
1035 1036 0.035008
1036 1037 0.052403
1037 1038 0.12449900000000001
1038 1039 5.455947
1038 1040 3.57425
1040 1041 2.808055
1040 1042 3.1733619999999996
1037 1043 5.160054
1036 1044 0.075083
1044 1045 0.098959
1045 1046 0.255178
1046 1047 1.7809840000000001
1047 1048 3.196287
1047 1049 3.191634
1046 1050 5.710305
1045 1051 0.064218
1051 1052 0.157073
1052 1053 5.497110999999999
1052 1054 5.478498
1051 1055 5.330732
1044 1056 0.16780899999999999
1056 1057 5.542192
1056 1058 0.119829
1058 1059 4.81947
1058 1060 1.8297750000000002
1060 1061 3.6545759999999996
1060 1062 3.778641
1035 1063 0.40620300000000004
1063 1064 4.83002
1063 1065 0.338389
1065 1066 5.519134
1065 1067 5.456475999999999
1024 1068 0.192661
1068 1069 5.170362
1068 1070 0.181337
1070 1071 5.873721
1070 1072 0.48153500000000005
1072 1073 1.004894
1073 1074 0.437362
1074 1075 4.920109999999999
1074 1076 0.306371
1076 1077 4.697934
1076 1078 4.825875
1073 1079 5.819897
1072 1080 7.68413
1023 1081 0.062353
1081 1082 0.072606
1082 1083 0.071354
1083 1084 5.459194
1083 1085 0.318971
1085 1086 4.733133
1085 1087 4.848749
1082 1088 5.024465
1081 1089 0.199606
1089 1090 5.10784
1089 1091 5.28705
1022 1092 0.065803
1092 1093 0.21287099999999998
1093 1094 0.21285
1094 1095 0.154
1095 1096 4.498756
1095 1097 0.038119
1097 1098 0.084787
1098 1099 4.164994
1098 1100 0.10329899999999999
1100 1101 4.730675
1100 1102 4.212415
1097 1103 4.183505
1094 1104 0.040122
1104 1105 4.3631660000000005
1104 1106 0.094768
1106 1107 0.059043
1107 1108 3.986208
1107 1109 0.08246300000000001
1109 1110 0.105044
1110 1111 3.371742
1110 1112 3.8291869999999997
1109 1113 0.061912999999999996
1113 1114 3.9491270000000003
1113 1115 0.086878
1115 1116 4.089637
1115 1117 3.750084
1106 1118 0.298462
1118 1119 3.5249610000000002
1118 1120 3.5598240000000003
1093 1121 0.390583
1121 1122 5.254732
1121 1123 5.720877
1092 1124 4.73119
855 1125 6.117432
854 1126 6.091925
853 1127 0.085278
1127 1128 0.044515
1128 1129 0.108398
1129 1130 0.10344900000000001
1130 1131 5.23103
1130 1132 0.198703
1132 1133 5.035222
1132 1134 5.41774
1129 1135 0.15787500000000002
1135 1136 5.5829629999999995
1135 1137 5.276503
1128 1138 0.050845999999999995
1138 1139 0.12824
1139 1140 5.582122
1139 1141 5.567704
1138 1142 0.085901
1142 1143 0.143779
1143 1144 5.494849
1143 1145 0.080064
1145 1146 5.3736
1145 1147 5.718154
1142 1148 5.8811919999999995
1127 1149 0.10561
1149 1150 0.039651
1150 1151 0.112385
1151 1152 0.144068
1152 1153 0.114553
1153 1154 0.052176
1154 1155 0.15470499999999998
1155 1156 6.02802
1155 1157 6.8058939999999994
1154 1158 0.32439
1158 1159 5.748095
1158 1160 5.866307
1153 1161 0.031302
1161 1162 0.163079
1162 1163 5.913887
1162 1164 5.642443
1161 1165 6.718454
1152 1166 0.088699
1166 1167 0.16146000000000002
1167 1168 5.655974
1167 1169 5.668068
1166 1170 6.0232090000000005
1151 1171 5.691262
1150 1172 5.380864
1149 1173 0.031117
1173 1174 0.041881
1174 1175 0.07265
1175 1176 0.018715
1176 1177 0.042217
1177 1178 0.292128
1178 1179 5.130313999999999
1178 1180 5.148432
1177 1181 6.066757
1176 1182 0.05215
1182 1183 5.268312
1182 1184 0.117866
1184 1185 0.097307
1185 1186 4.936742000000001
1185 1187 4.819356
1184 1188 4.86785
1175 1189 5.200507
1174 1190 0.26217100000000004
1190 1191 4.958045
1190 1192 5.320701
1173 1193 0.149122
1193 1194 5.123072
1193 1195 5.562178
852 1196 6.299505
851 1197 0.08179399999999999
1197 1198 0.079195
1198 1199 0.061224999999999995
1199 1200 0.177152
1200 1201 6.132694000000001
1200 1202 5.713996
1199 1203 0.142244
1203 1204 5.925364
1203 1205 5.805181999999999
1198 1206 0.074881
1206 1207 0.049217
1207 1208 0.110316
1208 1209 0.179247
1209 1210 6.3386960000000006
1209 1211 5.97257
1208 1212 6.034458
1207 1213 0.089307
1213 1214 0.048346
1214 1215 6.729913999999999
1214 1216 6.336288
1213 1217 6.833188
1206 1218 0.09868500000000001
1218 1219 0.22349000000000002
1219 1220 0.27152
1220 1221 7.249159
1220 1222 0.307462
1222 1223 1.487968
1223 1224 5.577598
1223 1225 6.6755960000000005
1222 1226 1.6043669999999999
1226 1227 6.522351
1226 1228 6.137347
1219 1229 0.165835
1229 1230 0.355304
1230 1231 5.793195
1230 1232 0.304366
1232 1233 6.3024510000000005
1232 1234 5.660382
1229 1235 6.018098999999999
1218 1236 0.114961
1236 1237 0.09775400000000001
1237 1238 6.106604
1237 1239 5.85623
1236 1240 0.076462
1240 1241 6.302997
1240 1242 6.008268
1197 1243 0.071004
1243 1244 0.14902400000000002
1244 1245 6.103509
1244 1246 6.033541
1243 1247 0.446214
1247 1248 6.790019
1247 1249 0.098773
1249 1250 6.667584
1249 1251 0.17039500000000002
1251 1252 0.31961799999999996
1252 1253 6.511205
1252 1254 7.251861
1251 1255 0.17399399999999998
1255 1256 6.609729000000001
1255 1257 6.108041
850 1258 7.0097439999999995
849 1259 0.055849
1259 1260 6.6251619999999996
1259 1261 0.142042
1261 1262 0.064433
1262 1263 0.070907
1263 1264 0.100176
1264 1265 6.29979
1264 1266 0.320419
1266 1267 6.867532
1266 1268 6.0244539999999995
1263 1269 6.316781000000001
1262 1270 0.092421
1270 1271 0.87314
1271 1272 7.100829999999999
1271 1273 5.558868
1270 1274 6.124537
1261 1275 7.664588
814 1276 0.21707200000000001
1276 1277 6.877203
1276 1278 7.408511
741 1279 7.863191
740 1280 0.167691
1280 1281 0.228714
1281 1282 0.15564999999999998
1282 1283 7.107723000000001
1282 1284 7.642568
1281 1285 0.14196899999999998
1285 1286 0.39741899999999997
1286 1287 0.163525
1287 1288 6.941406
1287 1289 7.750812
1286 1290 6.805116
1285 1291 6.658329999999999
1280 1292 0.054387
1292 1293 0.146627
1293 1294 0.339355
1294 1295 7.887139
1294 1296 7.443871000000001
1293 1297 0.038113
1297 1298 7.0304
1297 1299 7.487602
1292 1300 7.635021999999999
735 1301 0.21807300000000002
1301 1302 7.599493
1301 1303 7.615373
730 1304 0.296444
1304 1305 0.355664
1305 1306 8.567579
1305 1307 9.144384
1304 1308 9.13911
729 1309 0.23387899999999998
1309 1310 8.276190999999999
1309 1311 8.332404
718 1312 0.097085
1312 1313 8.782842
1312 1314 0.160248
1314 1315 8.598485
1314 1316 9.345766
697 1317 0.20580099999999998
1317 1318 0.255011
1318 1319 9.359601
1318 1320 8.642721
1317 1321 9.036510999999999
696 1322 0.08051
1322 1323 0.293576
1323 1324 0.32334
1324 1325 8.202816
1324 1326 8.463851
1323 1327 9.665045
1322 1328 8.910837
695 1329 0.085768
1329 1330 0.315784
1330 1331 9.214116
1330 1332 9.310855
1329 1333 0.11249700000000001
1333 1334 0.243109
1334 1335 9.367003
1334 1336 8.577247999999999
1333 1337 9.483953
692 1338 8.940033999999999
691 1339 9.26402
680 1340 9.772077999999999
679 1341 0.289284
1341 1342 10.079258000000001
1341 1343 0.460812
1343 1344 10.914419
1343 1345 10.514153
678 1346 0.045359000000000003
1346 1347 10.402411
1346 1348 0.16669499999999998
1348 1349 9.964167
1348 1350 10.361036
495 1351 0.155279
1351 1352 10.227406
1351 1353 10.446229
492 1354 0.12326100000000001
1354 1355 10.409432
1354 1356 10.612636
487 1357 0.041248
1357 1358 0.097072
1358 1359 0.09200799999999999
1359 1360 0.126416
1360 1361 0.217967
1361 1362 0.26381
1362 1363 9.683913
1362 1364 9.886354
1361 1365 9.927828
1360 1366 11.236737
1359 1367 0.280088
1367 1368 10.916966
1367 1369 10.91811
1358 1370 0.078297
1370 1371 0.07862000000000001
1371 1372 0.130807
1372 1373 11.037552
1372 1374 10.565236
1371 1375 0.111689
1375 1376 0.142635
1376 1377 0.06308000000000001
1377 1378 10.823459
1377 1379 0.144892
1379 1380 10.407122000000001
1379 1381 0.08032
1381 1382 10.099266
1381 1383 0.201257
1383 1384 10.964573
1383 1385 0.170735
1385 1386 10.479894
1385 1387 0.045657
1387 1388 0.24638899999999997
1388 1389 10.889754
1388 1390 10.945321
1387 1391 11.280904999999999
1376 1392 0.072459
1392 1393 0.311435
1393 1394 9.885894
1393 1395 9.568229
1392 1396 0.153141
1396 1397 9.895899
1396 1398 9.906656
1375 1399 9.994843000000001
1370 1400 10.455212
1357 1401 0.210999
1401 1402 0.379291
1402 1403 10.989523
1402 1404 10.264832
1401 1405 0.419199
1405 1406 10.667537000000001
1405 1407 11.225611
330 1408 0.31239100000000003
1408 1409 11.179584
1408 1410 10.248987
329 1411 0.064929
1411 1412 0.070685
1412 1413 12.078854999999999
1412 1414 0.275965
1414 1415 10.723
1414 1416 0.28164599999999995
1416 1417 10.572561
1416 1418 10.797939
1411 1419 0.46648100000000003
1419 1420 10.543052
1419 1421 10.59516
328 1422 0.16265100000000002
1422 1423 0.07549399999999999
1423 1424 0.127279
1424 1425 0.10969300000000001
1425 1426 0.20791199999999999
1426 1427 12.070031
1426 1428 12.262141
1425 1429 0.199045
1429 1430 0.259573
1430 1431 0.528882
1431 1432 0.375377
1432 1433 0.168376
1433 1434 12.141544
1433 1435 0.343938
1435 1436 11.502938
1435 1437 11.783937
1432 1438 12.854272
1431 1439 0.294266
1439 1440 13.145985
1439 1441 0.23961299999999996
1441 1442 12.515222000000001
1441 1443 14.197902000000001
1430 1444 12.452935
1429 1445 12.579785
1424 1446 0.183616
1446 1447 11.700278
1446 1448 11.702741
1423 1449 0.10081300000000001
1449 1450 0.025764000000000002
1450 1451 0.40261
1451 1452 11.053926
1451 1453 11.594157
1450 1454 11.763476
1449 1455 0.09945399999999999
1455 1456 12.573703
1455 1457 0.136808
1457 1458 0.11462499999999999
1458 1459 0.106962
1459 1460 10.782340999999999
1459 1461 11.691527
1458 1462 0.103549
1462 1463 0.267127
1463 1464 11.55066
1463 1465 11.736215999999999
1462 1466 0.299076
1466 1467 11.385494
1466 1468 10.739941
1457 1469 0.081368
1469 1470 11.629908
1469 1471 12.121542999999999
1422 1472 11.483728
327 1473 0.270468
1473 1474 11.635806
1473 1475 12.696366000000001
326 1476 0.420622
1476 1477 0.24788000000000002
1477 1478 11.865611
1477 1479 2.913715
1479 1480 9.424043
1479 1481 10.204296
1476 1482 12.484408
325 1483 12.499444
324 1484 0.203292
1484 1485 0.278086
1485 1486 11.719899999999999
1485 1487 13.309135999999999
1484 1488 13.04944
319 1489 12.006347
314 1490 0.330999
1490 1491 0.047048
1491 1492 0.21806299999999998
1492 1493 12.87559
1492 1494 0.24868400000000002
1494 1495 12.202796000000001
1494 1496 12.24552
1491 1497 13.545003
1490 1498 0.120817
1498 1499 0.195882
1499 1500 0.230203
1500 1501 12.912583
1500 1502 0.008439
1502 1503 12.402191
1502 1504 12.742989
1499 1505 0.241632
1505 1506 12.808307999999998
1505 1507 12.917591999999999
1498 1508 0.28230500000000003
1508 1509 1.940226
1509 1510 12.227565
1509 1511 11.117382000000001
1508 1512 0.331841
1512 1513 0.277408
1513 1514 12.925196999999999
1513 1515 12.684559
1512 1516 13.601803
313 1517 12.961992
312 1518 13.099155000000001
307 1519 0.17602900000000002
1519 1520 13.791239
1519 1521 0.17508
1521 1522 13.868164
1521 1523 13.251463999999999
306 1524 0.06664099999999999
1524 1525 0.075733
1525 1526 0.0624
1526 1527 0.156859
1527 1528 0.092555
1528 1529 12.992514
1528 1530 0.509228
1530 1531 12.960329000000002
1530 1532 13.230147
1527 1533 0.502683
1533 1534 12.85318
1533 1535 13.221152
1526 1536 0.27868099999999996
1536 1537 13.607015
1536 1538 13.861044999999999
1525 1539 0.208295
1539 1540 0.240069
1540 1541 13.946107999999999
1540 1542 14.334959999999999
1539 1543 0.09690700000000001
1543 1544 0.154135
1544 1545 0.201131
1545 1546 14.890803
1545 1547 14.609778
1544 1548 0.06836
1548 1549 0.42399400000000004
1549 1550 0.106705
1550 1551 12.984767
1550 1552 0.183061
1552 1553 0.180065
1553 1554 12.632995999999999
1553 1555 12.279895999999999
1552 1556 0.458727
1556 1557 11.511719
1556 1558 12.936596999999999
1549 1559 13.656361
1548 1560 13.850831
1543 1561 0.28254
1561 1562 13.752751
1561 1563 0.30067499999999997
1563 1564 13.835402
1563 1565 14.271450999999999
1524 1566 0.065389
1566 1567 0.061646
1567 1568 0.090652
1568 1569 0.23059000000000002
1569 1570 0.35319100000000003
1570 1571 14.145505
1570 1572 14.600139
1569 1573 0.111385
1573 1574 14.066498999999999
1573 1575 14.330714
1568 1576 0.197691
1576 1577 13.939006000000001
1576 1578 13.703271
1567 1579 0.31222300000000003
1579 1580 14.095682000000002
1579 1581 13.662738
1566 1582 0.17427199999999998
1582 1583 13.256204999999998
1582 1584 12.992343
295 1585 14.273015000000001
290 1586 0.048653
1586 1587 0.23831
1587 1588 0.30365000000000003
1588 1589 14.383773999999999
1588 1590 14.478015
1587 1591 0.306106
1591 1592 14.157765999999999
1591 1593 14.704022
1586 1594 0.189971
1594 1595 14.212187000000002
1594 1596 14.649601
289 1597 0.27269299999999996
1597 1598 13.590538999999998
1597 1599 13.471017
288 1600 0.16616
1600 1601 14.626259
1600 1602 14.525889
287 1603 0.204792
1603 1604 14.19081
1603 1605 0.152976
1605 1606 14.259211999999998
1605 1607 13.499209
286 1608 0.341061
1608 1609 0.18893
1609 1610 0.212427
1610 1611 13.424952000000001
1610 1612 13.230101
1609 1613 14.595934999999999
1608 1614 14.430698
285 1615 0.195912
1615 1616 0.171828
1616 1617 0.137333
1617 1618 15.985741
1617 1619 0.052114999999999995
1619 1620 0.274203
1620 1621 0.376789
1621 1622 16.172610000000002
1621 1623 6.736797999999999
1623 1624 8.904987
1623 1625 9.7942
1620 1626 0.254745
1626 1627 0.21853100000000003
1627 1628 0.052516
1628 1629 15.263284999999998
1628 1630 15.050303000000001
1627 1631 0.165254
1631 1632 15.221034
1631 1633 16.892788
1626 1634 16.179552
1619 1635 0.166781
1635 1636 0.191028
1636 1637 15.468217000000001
1636 1638 15.019588
1635 1639 15.139983
1616 1640 15.88419
1615 1641 0.07452500000000001
1641 1642 14.490770999999999
1641 1643 15.125954
284 1644 0.342796
1644 1645 14.62567
1644 1646 14.584549999999998
283 1647 0.434012
1647 1648 14.039952999999999
1647 1649 14.299188
282 1650 0.132467
1650 1651 14.691378
1650 1652 15.215706
281 1653 0.169142
1653 1654 14.504982
1653 1655 14.763311000000002
262 1656 16.225748
221 1657 0.142907
1657 1658 0.42238299999999995
1658 1659 16.515133000000002
1658 1660 16.760127999999998
1657 1661 0.21673299999999998
1661 1662 0.138058
1662 1663 0.184465
1663 1664 0.125857
1664 1665 0.467081
1665 1666 4.87396
1666 1667 14.598254999999998
1666 1668 13.798957000000001
1665 1669 16.641719
1664 1670 0.19893200000000003
1670 1671 17.862828
1670 1672 0.226603
1672 1673 0.237709
1673 1674 17.422727
1673 1675 19.336855
1672 1676 17.822685999999997
1663 1677 0.141815
1677 1678 16.921517
1677 1679 0.112155
1679 1680 0.360064
1680 1681 17.280743
1680 1682 16.342950000000002
1679 1683 0.265884
1683 1684 0.081371
1684 1685 0.077944
1685 1686 0.371407
1686 1687 16.249142
1686 1688 16.677687
1685 1689 16.498512
1684 1690 0.349317
1690 1691 0.148159
1691 1692 0.10012499999999999
1692 1693 0.09196
1693 1694 0.358507
1694 1695 14.776638
1694 1696 15.536950999999998
1693 1697 0.149623
1697 1698 0.20779
1698 1699 16.150347
1698 1700 0.051744
1700 1701 15.491763
1700 1702 16.041338
1697 1703 15.340991
1692 1704 0.327928
1704 1705 15.158885999999999
1704 1706 0.1322
1706 1707 0.27864500000000003
1707 1708 0.22865799999999997
1708 1709 15.963453999999999
1708 1710 14.698567
1707 1711 14.057057
1706 1712 0.43999599999999994
1712 1713 15.124682
1712 1714 0.061147999999999994
1714 1715 15.470514
1714 1716 14.320426999999999
1691 1717 0.199876
1717 1718 16.592269
1717 1719 15.695769
1690 1720 0.144016
1720 1721 0.125202
1721 1722 15.388637999999998
1721 1723 15.215311000000002
1720 1724 15.902673
1683 1725 0.12415
1725 1726 15.769578000000001
1725 1727 0.374441
1727 1728 17.334679
1727 1729 17.04395
1662 1730 0.32416300000000003
1730 1731 0.238512
1731 1732 0.265395
1732 1733 0.096649
1733 1734 18.190774
1733 1735 17.813872
1732 1736 0.11386199999999999
1736 1737 18.214418
1736 1738 0.513805
1738 1739 18.70775
1738 1740 18.167976
1731 1741 17.907514
1730 1742 0.251471
1742 1743 17.065498
1742 1744 17.603490999999998
1661 1745 18.384545
124 1746 0.34248500000000004
1746 1747 17.366763
1746 1748 17.186082
115 1749 18.10209
114 1750 0.5102770000000001
1750 1751 18.860118
1750 1752 19.641624
97 1753 0.366547
1753 1754 18.211596999999998
1753 1755 19.244849
96 1756 0.22019000000000002
1756 1757 19.015798
1756 1758 0.20603700000000003
1758 1759 19.425366999999998
1758 1760 18.611799
95 1761 0.154491
1761 1762 20.049813
1761 1763 0.304426
1763 1764 0.21551299999999998
1764 1765 0.398627
1765 1766 19.445154000000002
1765 1767 21.902116
1764 1768 22.046205
1763 1769 20.196797999999998
94 1770 0.22362200000000002
1770 1771 0.256215
1771 1772 18.513971
1771 1773 17.897178999999998
1770 1774 0.09924899999999999
1774 1775 0.10744699999999999
1775 1776 0.076488
1776 1777 18.238923
1776 1778 0.329602
1778 1779 0.19494499999999998
1779 1780 18.027801
1779 1781 18.151061
1778 1782 18.388098
1775 1783 0.093645
1783 1784 0.276944
1784 1785 17.619223
1784 1786 17.804703
1783 1787 0.289258
1787 1788 0.21244100000000002
1788 1789 17.646243000000002
1788 1790 0.06572
1790 1791 17.096370999999998
1790 1792 17.688762
1787 1793 0.520718
1793 1794 17.456249
1793 1795 17.619245
1774 1796 0.14004
1796 1797 18.028234
1796 1798 0.162823
1798 1799 0.45907400000000004
1799 1800 19.047418999999998
1799 1801 19.628539
1798 1802 19.895166
93 1803 20.687555
88 1804 0.073378
1804 1805 0.419397
1805 1806 19.571690999999998
1805 1807 19.162339
1804 1808 0.42264700000000005
1808 1809 20.406587000000002
1808 1810 20.534178999999998
87 1811 0.21799900000000003
1811 1812 20.107312
1811 1813 20.71731
86 1814 0.32962600000000003
1814 1815 0.205835
1815 1816 24.951293
1815 1817 21.274026
1814 1818 23.342365
85 1819 19.77259
84 1820 0.231997
1820 1821 0.18448699999999998
1821 1822 19.680364
1821 1823 20.389322
1820 1824 21.882877
57 1825 0.100069
1825 1826 21.252689999999998
1825 1827 0.24484200000000003
1827 1828 0.143645
1828 1829 0.5233070000000001
1829 1830 24.298764000000002
1829 1831 22.62342
1828 1832 21.456948
1827 1833 0.37174399999999996
1833 1834 21.946854
1833 1835 22.362088999999997
56 1836 0.12295500000000001
1836 1837 0.422726
1837 1838 0.165599
1838 1839 0.799134
1839 1840 19.920202
1839 1841 21.252852999999998
1838 1842 0.104271
1842 1843 0.54476
1843 1844 0.41528299999999996
1844 1845 0.242439
1845 1846 18.962018999999998
1845 1847 19.017076
1844 1848 18.689036
1843 1849 20.781001
1842 1850 0.075657
1850 1851 0.37521299999999996
1851 1852 0.5811529999999999
1852 1853 0.150145
1853 1854 0.556446
1854 1855 20.972882000000002
1854 1856 21.013181
1853 1857 21.191520999999998
1852 1858 23.064141
1851 1859 21.232146
1850 1860 0.379723
1860 1861 21.374351
1860 1862 21.018216000000002
1837 1863 21.514088
1836 1864 0.46809
1864 1865 21.870921
1864 1866 21.21851
55 1867 0.22220700000000002
1867 1868 0.11373699999999999
1868 1869 20.995281
1868 1870 0.315332
1870 1871 0.089822
1871 1872 0.110279
1872 1873 22.850333
1872 1874 0.262327
1874 1875 20.298734
1874 1876 20.932392
1871 1877 21.681243
1870 1878 0.284016
1878 1879 21.564305
1878 1880 21.525126
1867 1881 0.266433
1881 1882 0.438445
1882 1883 0.584596
1883 1884 21.601744
1883 1885 22.532983
1882 1886 0.364023
1886 1887 23.572968
1886 1888 0.371698
1888 1889 31.13606
1888 1890 0.7919189999999999
1890 1891 0.592526
1891 1892 0.19068500000000002
1892 1893 0.26034
1893 1894 23.283706000000002
1893 1895 28.92303
1892 1896 24.826767999999998
1891 1897 0.290791
1897 1898 0.073662
1898 1899 0.352591
1899 1900 0.391155
1900 1901 0.8834329999999999
1901 1902 29.149449999999998
1901 1903 28.806415
1900 1904 0.659104
1904 1905 26.045174
1904 1906 0.784095
1906 1907 0.41998199999999997
1907 1908 23.853987
1907 1909 28.410821000000002
1906 1910 26.612538
1899 1911 24.287634
1898 1912 0.224499
1912 1913 0.514465
1913 1914 23.309023
1913 1915 22.219432
1912 1916 0.298543
1916 1917 21.645955
1916 1918 23.011419999999998
1897 1919 0.328305
1919 1920 23.762885999999998
1919 1921 22.694721
1890 1922 0.39883799999999997
1922 1923 24.921725
1922 1924 27.575371999999998
1881 1925 0.098698
1925 1926 22.637613
1925 1927 0.329866
1927 1928 0.331162
1928 1929 26.190329000000002
1928 1930 27.119776
1927 1931 22.810533
44 1932 23.23665
43 1933 0.20871800000000001
1933 1934 0.290141
1934 1935 27.328734999999998
1934 1936 0.317171
1936 1937 0.17571
1937 1938 23.452361999999997
1937 1939 0.13939200000000002
1939 1940 24.08296
1939 1941 0.62668
1941 1942 27.14143
1941 1943 22.916642
1936 1944 23.938692
1933 1945 24.152731
42 1946 0.19875
1946 1947 0.27203900000000003
1947 1948 0.462687
1948 1949 29.404108
1948 1950 28.725973
1947 1951 0.437429
1951 1952 23.916099
1951 1953 23.76102
1946 1954 25.787775000000003
41 1955 0.14391199999999998
1955 1956 0.31809899999999997
1956 1957 14.526176
1957 1958 9.815733
1957 1959 10.044894
1956 1960 27.634103
1955 1961 0.494909
1961 1962 26.200356000000003
1961 1963 29.548773
4 1964 0.691077
1964 1965 35.639463
1964 1966 28.994683
3 1967 28.638382
2 1968 0.289454
1968 1969 0.64745
1969 1970 0.290572
1970 1971 0.5294669999999999
1971 1972 27.478156
1971 1973 25.018941
1970 1974 26.851485000000004
1969 1975 0.406293
1975 1976 0.432922
1976 1977 0.453234
1977 1978 0.287578
1978 1979 25.892257
1978 1980 28.230855
1977 1981 24.480134
1976 1982 0.577544
1982 1983 23.449762
1982 1984 23.820853
1975 1985 0.853736
1985 1986 0.269281
1986 1987 26.923061999999998
1986 1988 28.419562
1985 1989 27.605283000000004
1968 1990 0.45501099999999994
1990 1991 0.081993
1991 1992 24.746933
1991 1993 25.891859
1990 1994 25.701979
1 1995 0.285669
1995 1996 25.949483
1995 1997 26.199181
1 1998 28.285759
