21382 10
30465 12
14243 14
2043 18
10907 21
2125 22
10321 26
25719 27
11269 28
9565 29
15045 30
16518 31
24821 33
23597 34
3492 35
24456 47
30668 48
16982 49
15175 50
14748 51
29831 52
5658 53
9897 54
7155 57
26086 61
27240 63
10970 64
10378 65
6597 66
28789 67
21969 68
15533 69
19002 70
24293 83
20732 89
5178 90
22290 91
29789 92
297 93
28126 94
6215 97
25066 98
28697 99
17459 100
25467 108
20124 109
10421 110
3373 111
3148 112
22584 113
28920 116
1098 117
27693 118
31516 124
6662 125
21164 126
26254 127
23143 129
27142 130
24409 131
27746 135
25338 141
15896 142
29169 144
20271 145
6316 146
9538 148
16848 149
20174 152
28308 154
25932 155
25357 157
20390 159
11201 160
24068 161
16127 167
21038 168
5270 170
29694 172
31164 173
9927 176
10329 177
21270 179
15582 180
2089 183
17038 185
29510 186
19664 189
4035 190
21822 191
9526 196
19569 197
9605 199
7441 200
16933 201
20337 204
20544 205
5715 206
18441 216
26646 217
17878 218
16854 219
13945 221
29488 222
23656 223
16135 224
19218 231
4926 232
12589 233
1946 234
31 235
19316 236
8306 239
10251 240
12167 241
31098 243
18612 244
13719 249
10601 250
6248 253
13162 254
15154 257
1690 258
8943 259
235 260
16801 262
30887 263
27039 266
22664 270
20813 273
17586 274
9314 275
27405 277
3844 278
9777 283
2986 284
16594 286
24498 287
5274 289
18723 291
26822 293
14612 295
2977 296
26736 301
15419 302
5464 303
5182 305
2363 306
4802 309
6831 311
22221 312
4986 314
22781 315
2485 316
1424 319
20946 324
15043 327
23168 329
25577 330
8354 331
29220 333
798 334
23593 338
6873 339
22118 341
483 343
31254 344
5969 347
7226 352
10008 353
1708 354
19243 356
26798 357
23556 358
445 361
22007 363
23795 364
13015 365
8711 370
1454 371
19353 373
10335 374
18067 375
1044 376
11271 382
17664 383
6968 389
23686 391
5516 392
25733 393
22792 394
1342 395
8385 396
30704 401
1021 403
15049 404
2592 405
28990 406
25571 413
14513 414
9933 415
710 418
29336 419
6383 420
6771 424
6696 425
22360 426
7052 427
18824 430
17773 431
10513 432
8176 434
27716 438
13000 440
21920 441
21739 442
14747 443
16843 447
8503 453
12309 455
18382 456
19165 457
24209 458
5049 459
9129 460
19369 464
2774 466
14167 469
12290 471
14047 472
1560 473
16791 474
9658 475
12000 481
15547 482
30519 484
18256 485
9296 487
5788 490
4809 491
14376 493
31450 494
11232 496
2386 499
25109 500
20219 501
18902 502
13504 508
19032 514
21873 515
27974 516
14956 517
30218 518
16316 519
14438 521
16662 522
10537 527
6470 528
27415 530
13266 532
7693 533
8274 534
21226 538
28700 540
6305 541
10888 542
11029 544
22498 545
26038 546
29867 550
8908 554
25882 555
20158 556
9260 557
30580 560
242 562
13943 565
28280 566
14952 567
22716 568
14530 573
5472 575
13458 578
31414 579
15787 580
14754 581
14199 582
31456 583
6113 592
18327 596
7583 597
11105 600
11158 601
28344 602
6472 603
14739 604
20221 605
20423 607
7122 611
5694 612
28132 613
17604 615
1547 617
6129 618
26913 626
23799 627
23105 629
302 630
31024 631
28725 632
8745 633
18995 635
30025 637
22375 638
17365 641
1170 644
29948 645
26057 646
31278 648
22492 649
23904 650
7904 652
17350 653
13671 660
6390 661
9999 666
11962 667
17667 669
19850 670
4536 673
30773 674
9628 676
4183 677
29231 680
15879 681
20485 682
24586 684
20842 688
3490 689
22820 690
15659 691
4160 694
17688 695
2316 697
27676 699
15334 701
18063 702
30208 711
28451 712
2504 713
6775 714
24421 715
735 716
5828 717
28431 718
28940 721
18377 722
30605 723
11823 730
22208 732
11533 735
13597 736
22698 737
18740 738
23090 739
21799 740
28481 742
29788 743
26549 744
28541 749
12730 751
22736 755
3617 757
24966 758
23780 760
26696 761
13267 762
25472 767
3034 768
26844 774
6511 775
10868 776
12873 777
321 778
25460 779
3177 780
10568 781
11625 782
10708 786
10263 789
14024 790
25519 793
30500 795
5542 796
30526 797
25447 798
10265 800
14878 801
26127 805
3155 809
5485 812
17295 813
14071 814
18563 815
23318 816
6813 817
13120 825
19387 826
8185 827
21258 828
19139 829
28518 830
750 833
8985 834
13100 835
21949 839
31025 841
24579 842
24507 844
1377 845
15933 847
27171 854
5168 855
20678 856
1795 857
5326 858
6060 861
30729 862
1329 864
14349 865
1897 867
17243 869
12600 872
11770 873
3493 874
3388 877
30735 881
22199 887
19787 888
23812 889
9041 890
5777 891
1741 892
20071 893
9618 895
28382 896
8970 897
16532 909
13792 911
23235 912
28696 914
21880 915
8600 916
15074 917
7474 918
3711 919
14946 921
18053 923
6681 925
2850 926
26788 927
10211 932
21181 935
16623 936
31383 938
14023 939
18992 941
22074 942
6479 944
29117 947
27167 952
25256 953
22961 954
31349 955
11283 957
6749 958
29763 962
24511 964
28512 965
24646 966
22163 967
29170 975
20199 976
8959 978
28951 979
12220 980
11631 981
436 982
29816 985
4782 991
30394 992
1721 993
28727 994
25573 995
23401 996
29739 997
22404 998
27498 999
25887 1003
20819 1011
1055 1013
21031 1016
17001 1018
27565 1019
28343 1020
14989 1021
3047 1022
16282 1023
20724 1024
4484 1025
7022 1026
13416 1032
27886 1034
24104 1039
21259 1040
14492 1041
15742 1042
5731 1043
12913 1044
31246 1050
1680 1052
15343 1054
17903 1055
11923 1056
23705 1057
1826 1058
8768 1059
900 1060
12925 1063
15291 1065
18825 1066
27083 1073
15536 1074
12082 1075
26966 1076
24529 1077
18932 1078
25099 1080
23851 1081
17425 1085
14916 1086
27376 1088
12936 1090
14448 1092
2261 1096
21684 1101
18913 1102
10134 1103
3015 1104
2369 1105
27244 1106
23298 1107
5960 1109
3483 1110
2364 1119
2880 1122
16488 1123
18779 1125
30172 1127
25892 1130
10361 1131
25810 1132
9163 1134
3358 1135
21914 1139
28016 1140
5631 1141
31342 1143
19665 1149
13847 1152
9594 1153
19102 1154
25727 1155
24128 1156
29062 1157
21130 1158
3992 1160
18915 1161
21974 1162
16099 1164
24984 1166
20231 1175
22488 1177
24535 1181
16131 1183
17717 1184
18043 1185
28891 1186
20973 1187
7330 1188
17173 1189
20393 1190
17934 1191
27194 1193
29991 1194
9976 1195
10247 1198
7123 1208
12429 1209
3612 1219
24067 1220
5561 1221
9728 1224
6106 1225
2436 1226
12700 1227
13906 1233
21381 1234
9593 1235
28468 1237
187 1238
20397 1239
24136 1242
15438 1243
17786 1244
23285 1253
17444 1254
5354 1256
19193 1257
11419 1258
20384 1261
27375 1262
25464 1263
23788 1266
3646 1267
10418 1268
30265 1269
4094 1270
20615 1272
6413 1276
12336 1279
21213 1280
8000 1284
20287 1285
3012 1286
31076 1287
13519 1289
518 1290
10066 1291
20749 1297
22220 1298
11164 1299
22926 1300
21172 1311
7710 1312
17421 1314
12999 1315
29165 1320
325 1321
19327 1323
17935 1324
15271 1328
26694 1329
28860 1330
7550 1331
26259 1332
12106 1333
23896 1337
11510 1338
7372 1339
7537 1344
24485 1345
6919 1346
8606 1347
13269 1354
10727 1355
16039 1357
23354 1358
18236 1359
5585 1361
8096 1362
3306 1363
16020 1364
31324 1368
8546 1369
989 1371
30670 1372
29398 1373
23209 1374
9454 1379
6504 1380
20754 1381
2950 1382
21720 1390
22442 1391
24906 1392
21637 1396
3943 1397
15005 1398
11339 1399
29560 1401
15457 1402
14118 1405
29900 1408
22632 1409
7965 1411
3000 1412
5713 1413
28645 1414
11300 1415
30442 1417
1570 1418
4349 1420
3855 1421
20682 1422
7506 1431
26151 1435
29675 1436
27859 1437
31177 1438
7799 1441
22958 1442
28584 1443
13605 1445
5307 1447
27904 1448
21471 1449
5201 1450
16641 1451
2174 1452
1325 1453
3949 1459
24962 1460
1285 1461
11341 1468
28625 1469
17437 1470
21240 1471
25609 1476
944 1477
4848 1479
30259 1480
21376 1484
15880 1485
26132 1486
15382 1487
18508 1488
4009 1489
4821 1490
22454 1491
12442 1493
10353 1494
26330 1496
13757 1497
19771 1500
14224 1502
19016 1503
10393 1504
12421 1510
18710 1513
5778 1515
21962 1517
26866 1523
27938 1535
20885 1536
6313 1537
3237 1538
15361 1539
22665 1540
22604 1541
29218 1542
16237 1543
23212 1544
6577 1545
26965 1546
31417 1548
5716 1549
28106 1550
13395 1551
21166 1552
29527 1553
20629 1554
30990 1555
28050 1556
19225 1569
19030 1571
28643 1579
10972 1581
9713 1591
10508 1593
14726 1594
16814 1595
3481 1596
28073 1597
28161 1598
28407 1599
30039 1600
29259 1602
10452 1603
15519 1604
7842 1605
10402 1606
17189 1607
4804 1608
20146 1609
19257 1610
30266 1611
30494 1612
26427 1613
9473 1614
3318 1615
24797 1616
12887 1617
14172 1618
6804 1619
11398 1620
28750 1621
6048 1623
871 1634
7429 1640
12822 1644
17572 1645
30417 1646
14316 1647
14480 1648
1518 1649
30071 1650
10399 1651
29149 1652
19378 1653
6111 1654
11357 1655
24397 1656
15887 1657
25992 1658
18295 1660
30225 1661
6778 1669
12538 1670
17474 1672
10861 1673
13817 1674
8975 1675
13450 1676
31523 1677
29082 1678
13911 1680
26527 1681
22274 1688
27509 1689
15417 1690
7345 1693
14832 1694
26852 1695
11540 1698
6439 1707
9036 1713
2002 1715
1907 1719
6560 1721
2842 1726
26436 1728
7642 1729
7543 1730
24023 1731
29462 1732
23232 1733
7787 1734
11321 1735
13924 1736
7384 1737
11171 1738
24193 1739
15962 1740
31063 1742
14138 1743
3567 1746
11291 1751
3721 1753
10815 1759
10022 1760
787 1761
11319 1762
11246 1763
10597 1764
12305 1765
2057 1766
6620 1767
23161 1774
2380 1782
11729 1786
5339 1787
8964 1788
11081 1789
1977 1790
7263 1791
5610 1792
8593 1793
17989 1794
27983 1795
26697 1797
4552 1798
15100 1799
6258 1801
4157 1802
17397 1803
26558 1804
13933 1805
18739 1806
28309 1807
2357 1808
9003 1809
28978 1811
3851 1816
23108 1819
29250 1825
23091 1827
10187 1829
3549 1841
8849 1842
9060 1843
29741 1844
21064 1845
16084 1846
794 1847
11020 1848
27653 1849
18241 1850
5286 1851
1752 1852
17832 1853
618 1854
13174 1855
20681 1856
31184 1857
26811 1858
5083 1859
28592 1860
21890 1861
25137 1876
31420 1877
8442 1881
30578 1883
24220 1885
15990 1886
29386 1887
15016 1888
22346 1890
7106 1891
25518 1892
17433 1893
20677 1894
27148 1896
789 1897
11969 1898
30880 1899
64 1900
8069 1901
2259 1902
15670 1903
12223 1904
2247 1909
6902 1911
3998 1918
20736 1924
15735 1926
26192 1927
26176 1928
20904 1929
10303 1930
15847 1931
6381 1932
7225 1933
29187 1934
5635 1935
26809 1936
9184 1937
7886 1938
28444 1939
15945 1943
17676 1953
14188 1954
4899 1955
717 1956
28102 1958
284 1959
21768 1960
29927 1961
26288 1963
22764 1964
12189 1965
2980 1966
25560 1967
30354 1968
3228 1972
3234 1980
10769 1981
30807 1982
24492 1983
20748 1984
13929 1986
28846 1987
26198 1989
25106 1990
26652 1992
14119 1993
27828 1995
25443 1996
14753 1997
8432 1998
