19526 13
11742 18
19011 19
43048 21
44976 22
38597 27
41032 30
20858 32
20814 33
31385 34
19239 39
43536 43
36618 44
6390 45
28330 51
33411 52
21407 56
4705 57
27815 60
1702 61
37233 62
16391 63
41266 70
43255 74
33644 75
35170 79
1477 80
3118 81
24876 82
16995 86
28953 87
27226 88
21766 91
15171 94
40264 95
35355 96
43263 105
28672 106
36208 108
12115 109
25943 110
22469 116
3169 117
43226 118
9537 121
8885 131
21171 134
780 137
3733 140
23081 142
29342 146
9482 147
7487 148
37276 150
33123 153
23718 154
37050 155
39098 161
26685 162
31175 165
902 166
14071 170
26178 172
43993 173
31065 175
20934 176
12178 177
13620 181
20634 182
13748 183
18363 185
36523 187
3240 189
39000 190
24319 193
39611 195
18388 196
25747 199
21404 200
16126 201
13894 202
32566 203
45239 219
39724 220
43640 223
38070 225
4226 226
1402 228
21279 229
33740 230
17201 238
6393 241
243 244
7621 245
26382 247
45344 248
7190 250
41146 251
22919 252
40305 253
7514 255
13563 256
14189 262
26109 263
634 264
36627 266
20305 267
29477 272
26986 273
37842 274
40477 275
15943 278
13504 279
28433 281
26212 283
26296 284
10202 289
15909 291
26505 292
30974 298
20384 300
16605 309
37974 311
13029 312
4499 316
31205 317
2022 324
9033 326
39597 327
43097 330
22864 332
45268 333
44803 335
31984 336
23220 339
35621 341
31910 342
33620 345
37794 347
16609 348
5971 350
24714 351
1029 357
28313 358
19104 360
22660 361
33627 364
39535 367
44367 371
43844 372
37258 373
38465 377
10883 378
40750 379
29191 381
17820 384
3639 386
14773 389
41300 390
37481 391
8649 392
39956 394
24356 395
20172 397
26564 398
25440 401
43281 404
29548 405
8348 406
2054 409
1876 413
32807 414
43499 416
1133 417
42103 419
23008 420
32125 421
11266 425
28161 426
40842 429
15195 430
1907 432
4404 433
2896 437
26877 438
19323 440
18975 441
5265 444
18843 445
24264 446
1201 449
35819 450
25753 452
26058 453
9927 455
32829 457
25378 458
34368 460
9447 461
15839 464
43733 466
3914 467
34319 470
24049 471
39921 472
24139 475
13891 476
6060 478
39653 479
4162 483
19983 484
16859 485
1295 489
29554 490
41089 493
40483 494
12887 495
38322 497
25528 499
16144 500
17021 503
14740 504
5909 505
12492 507
25834 508
7602 510
38103 511
39854 516
34063 517
11156 522
17521 523
4326 527
8672 528
23709 532
38051 533
44032 540
5537 549
32579 550
41502 553
22517 554
22102 557
9652 558
18650 559
1882 564
6750 565
10130 567
6229 568
32692 577
7148 578
12099 579
19600 580
20521 582
232 583
25837 588
31102 592
27806 593
11689 594
11044 596
31580 598
26377 599
4730 602
5228 603
39297 607
29800 608
35875 609
24546 610
39325 612
2534 613
2819 615
1415 617
16726 618
1267 620
27668 621
36391 627
33729 628
5122 629
16694 630
10090 635
19989 636
17953 638
3474 640
1431 642
3864 643
15971 645
41528 646
22523 650
23143 651
42316 652
43934 655
16148 660
3779 661
1474 663
38363 664
17317 666
16385 667
44974 669
5608 670
26150 671
17285 672
4202 674
2703 675
17133 677
22303 678
17206 681
11443 683
15295 684
38500 688
21521 689
40120 690
40285 692
18282 693
42509 699
35644 704
24286 705
43643 716
29486 721
20283 722
2941 726
38674 729
37460 730
39020 731
5217 734
20910 735
35523 736
35941 739
14362 743
38469 744
29326 745
20895 746
4605 749
37166 750
34144 751
5796 752
21481 753
6941 756
32828 757
43674 758
14061 760
37744 761
19744 767
6894 770
24134 771
10189 772
34866 775
43633 776
18575 777
15567 778
30775 779
44628 782
9186 783
30060 785
37252 788
42042 790
9568 791
33110 796
33077 797
40676 799
40778 800
14242 802
15439 803
21210 805
8313 806
34548 808
36029 809
4847 810
23627 812
40635 814
19634 815
8067 816
11551 818
37022 819
27870 822
41603 824
26358 825
24255 830
8598 831
36360 832
25252 833
33460 842
3852 843
36268 844
14662 846
33602 847
31623 851
12861 852
8694 855
18731 856
33960 859
10616 860
13375 863
17622 864
43579 865
34208 867
616 869
45028 870
14948 872
14546 874
12593 875
24800 878
10423 879
38828 881
28480 882
261 883
5799 887
28598 888
39242 894
2675 895
6943 896
23915 897
32414 898
23052 900
16200 901
40688 902
12551 904
29601 907
12304 908
42679 910
24221 913
5034 914
9311 919
42476 920
4242 922
19535 923
27294 925
18882 926
43632 927
5968 930
37623 931
30188 933
34976 934
7654 935
21371 937
9893 938
27789 949
28460 950
23370 951
12273 954
7929 956
28996 957
41769 959
15589 960
33349 962
19246 963
30595 966
1630 967
27541 969
39037 970
38970 973
22365 974
19522 975
3589 979
1356 980
23182 981
5095 983
9210 986
40589 987
36633 988
7371 989
41551 993
14561 994
21799 996
15423 997
7805 998
4831 1000
40122 1002
23788 1003
17257 1004
11718 1008
12483 1009
45115 1010
5270 1012
6206 1014
33348 1015
21179 1017
9585 1020
34243 1021
8429 1022
16432 1024
22404 1025
15778 1028
23893 1030
21167 1031
41127 1033
21728 1034
15280 1036
4318 1037
27201 1040
2314 1041
26957 1045
11413 1046
40233 1050
34569 1051
19853 1052
23394 1053
9327 1055
14945 1056
411 1059
76 1060
17783 1061
14972 1063
30341 1064
34031 1065
16094 1067
3217 1068
6598 1069
45087 1070
38105 1071
3978 1073
38336 1074
11497 1075
8335 1077
24141 1078
11107 1079
3052 1080
35443 1082
39539 1083
29184 1086
42243 1088
30888 1090
7747 1091
17663 1093
16614 1094
18320 1098
10683 1099
6892 1100
37342 1105
34600 1106
4268 1107
44971 1108
28493 1111
12761 1112
18506 1113
40488 1114
19935 1116
15245 1117
33981 1123
31235 1124
26469 1131
40128 1132
10037 1133
3811 1134
32149 1136
15361 1137
34281 1142
29618 1144
34138 1145
42298 1148
16567 1149
40601 1153
11570 1155
9040 1157
7238 1158
29966 1160
12052 1161
5843 1162
23214 1166
31907 1167
29154 1169
31232 1170
313 1172
31605 1173
7231 1177
42498 1178
39310 1179
19329 1180
18986 1181
18167 1184
11609 1185
31878 1186
35856 1189
8881 1190
17250 1192
8775 1193
22760 1197
18441 1198
9136 1200
31645 1201
13961 1206
25341 1207
8894 1210
8215 1211
22677 1214
4232 1215
4017 1221
2714 1222
18299 1224
7614 1226
20958 1227
12234 1232
35613 1233
22917 1236
35807 1237
20641 1244
13156 1245
33184 1249
4644 1250
34403 1251
16856 1255
30648 1258
21907 1259
26843 1260
14706 1261
41809 1262
38441 1264
23211 1266
18709 1269
13609 1270
11696 1271
39008 1274
27745 1275
927 1276
22886 1279
11524 1281
11544 1282
22035 1286
8071 1287
22206 1288
39395 1291
17234 1292
1297 1294
10454 1295
15063 1299
8461 1301
6484 1302
15797 1303
22028 1304
24448 1305
34418 1306
2313 1307
35294 1308
3929 1313
17345 1315
13227 1317
3874 1322
20267 1323
11176 1324
22128 1325
4394 1326
28522 1328
21642 1329
35906 1333
34726 1335
39674 1337
26091 1339
40047 1340
3772 1342
39716 1343
11385 1344
9001 1348
20038 1349
36438 1351
830 1352
28134 1354
8946 1355
6629 1358
36021 1359
34565 1360
6957 1362
17474 1363
20812 1365
33657 1366
11243 1368
33696 1369
32976 1371
38707 1372
31813 1377
1349 1378
11036 1379
29139 1384
22662 1386
23948 1387
223 1388
33262 1393
31574 1394
18377 1395
45092 1397
4117 1400
17857 1401
2351 1404
27250 1405
18571 1407
41529 1417
37493 1418
11670 1421
11062 1422
14365 1423
36070 1424
20614 1425
8194 1426
38551 1428
18857 1429
17358 1430
42621 1431
26541 1433
640 1434
9859 1437
29977 1438
32626 1439
40268 1442
11470 1444
30252 1445
16236 1446
20503 1448
36866 1449
42608 1458
27463 1459
18497 1460
29863 1462
45146 1464
38135 1465
25315 1468
6285 1469
35303 1472
18290 1473
3358 1476
23567 1477
30485 1479
21422 1480
16660 1482
11740 1485
31257 1486
32546 1487
18367 1491
4173 1492
33907 1494
11656 1495
16487 1497
32646 1498
18962 1500
31698 1502
13546 1503
11078 1505
20409 1506
2336 1510
28962 1511
33461 1513
4793 1517
38203 1518
21241 1520
12172 1521
10500 1523
16831 1524
15738 1526
28095 1527
32127 1529
10036 1530
37634 1531
19562 1534
31400 1536
33624 1537
12186 1538
19347 1541
30765 1542
17933 1547
28770 1548
8667 1549
25826 1551
23112 1552
4372 1555
30753 1556
37875 1558
19863 1559
4558 1561
31468 1564
15758 1565
20850 1566
16064 1570
35359 1573
1016 1574
45367 1576
39411 1577
13639 1579
42017 1580
32887 1583
30473 1584
20341 1587
22534 1588
3695 1589
23086 1591
13717 1592
45067 1595
13462 1597
28595 1598
32644 1600
3176 1601
43725 1604
1640 1605
27436 1607
41104 1609
8236 1611
32718 1612
43732 1615
31693 1616
8630 1617
9195 1622
43067 1623
5544 1624
3659 1625
32680 1628
12030 1630
2111 1631
40905 1636
45025 1637
5165 1640
40220 1641
38557 1643
23197 1644
23261 1646
36511 1647
26829 1649
5560 1650
44562 1651
12474 1655
24067 1656
38686 1659
18691 1663
28338 1664
4166 1667
36137 1669
35012 1670
41081 1674
30817 1676
3731 1677
29246 1680
15187 1681
2830 1684
14282 1685
1933 1688
16110 1689
20698 1691
39968 1692
10943 1695
26473 1696
4986 1700
25369 1701
45336 1702
22852 1705
16850 1706
14967 1707
31486 1708
2627 1715
34675 1716
38527 1719
28507 1720
2320 1722
11978 1723
31099 1727
31963 1731
7810 1732
5946 1734
16284 1736
42013 1737
6029 1739
22781 1741
28416 1742
33320 1744
11461 1745
10774 1747
40566 1748
34635 1751
24723 1752
21012 1755
1259 1756
44512 1757
13215 1760
39706 1761
14476 1764
18927 1765
40763 1768
9714 1770
36591 1771
11104 1775
31880 1776
29687 1777
36215 1780
5253 1782
3925 1783
25053 1784
8464 1785
33413 1789
25674 1790
29892 1792
28743 1794
29350 1795
21703 1799
16932 1800
6499 1802
23748 1803
8848 1807
933 1808
22437 1809
30517 1814
15503 1815
27960 1817
31831 1818
40695 1819
42875 1821
17733 1823
26167 1824
12462 1825
35280 1827
43828 1829
29365 1831
40613 1832
7764 1834
19030 1836
42499 1837
37440 1838
34385 1841
17122 1847
20074 1848
3600 1849
39065 1850
773 1851
1093 1852
25714 1856
39396 1857
20278 1860
35099 1861
38110 1862
31367 1864
10898 1865
26615 1868
10968 1869
9141 1870
30219 1872
4281 1875
27562 1876
36682 1877
30500 1882
30841 1883
26300 1885
6601 1886
42489 1889
29694 1890
15040 1891
27059 1892
15555 1895
43341 1899
9376 1900
37353 1901
3654 1902
12561 1905
18656 1908
41477 1911
22544 1912
24487 1913
6225 1916
40726 1917
37607 1918
13673 1919
22285 1920
4156 1923
26774 1924
19635 1926
3309 1927
15441 1928
15436 1929
37271 1930
34555 1931
29481 1932
27404 1935
12478 1936
27931 1939
39596 1942
42331 1943
44320 1944
40429 1945
39067 1947
16067 1948
31722 1952
4511 1955
1870 1956
15457 1957
14315 1958
11831 1960
4701 1962
17367 1963
33336 1969
4347 1973
23515 1974
36795 1975
20541 1977
6991 1978
14947 1979
22550 1980
19931 1982
5600 1983
18685 1984
18946 1985
34638 1988
6471 1990
9336 1991
2076 1992
20872 1993
12007 1994
4384 1995
38700 1996
19569 1997
10051 1998
