8067 20
33729 26
9210 28
21371 36
34976 42
30188 43
14561 59
41551 60
18282 64
40285 65
40120 66
40233 82
2534 102
26377 117
23008 124
42103 125
32807 126
39956 142
33627 143
24356 144
26564 147
20172 148
3874 161
16144 165
25528 166
31205 169
4499 170
6598 174
17521 176
11156 177
24049 184
34319 185
3914 187
15839 188
39921 192
24139 193
40477 210
10454 215
20267 216
1297 217
17234 219
39395 220
30974 224
15909 227
34600 265
37342 266
18320 268
28522 274
21642 275
3811 278
2313 281
4268 282
8775 289
17663 292
15361 295
32149 296
11609 300
18167 301
22760 303
34565 309
25341 311
13961 312
35294 313
32976 335
31574 338
33262 339
223 341
22662 342
20409 353
11078 354
32646 355
18290 359
35303 360
29863 361
36070 377
37493 378
41529 379
33624 385
31400 386
25315 389
30753 401
30765 402
19347 403
2336 405
30473 424
17933 426
32887 427
1016 434
35359 435
42017 436
16064 437
39411 439
45367 440
13639 441
18363 443
18388 447
39611 448
24319 449
23112 453
8667 454
28595 459
13462 460
45067 462
32644 463
13717 465
23086 466
1640 470
15187 473
39098 477
902 479
31175 480
43067 483
22469 484
45025 488
40905 489
36511 500
23261 501
40220 502
3169 507
3659 508
31831 516
27960 517
29246 522
25369 525
4986 526
40695 528
933 530
45336 537
4166 538
36208 546
12115 547
24723 553
34635 554
1259 557
21012 558
6029 560
40566 563
42013 566
16284 567
5946 568
28416 570
22781 571
44512 572
11461 575
31099 576
33320 577
11978 580
2320 581
28507 585
38527 587
10774 588
7810 590
31963 591
34675 593
2627 594
31880 598
29892 599
20934 601
33644 604
43255 605
31367 621
10968 627
26615 628
10898 629
9141 632
27562 634
4281 635
37440 636
35355 640
12478 661
12007 668
38700 671
19569 672
4384 673
10051 674
2076 677
6471 679
34638 680
9336 681
18946 682
27404 683
16067 684
40429 685
14315 692
31722 693
11831 694
15457 695
4701 696
1870 697
4511 698
39067 699
17367 700
19931 704
5600 707
22550 708
18685 709
33336 710
14947 711
30500 712
42489 713
36795 714
30841 715
6991 716
23515 717
20541 718
43048 721
44976 722
19011 724
11742 725
44320 730
42331 731
39596 732
4347 733
20872 735
27931 736
15436 740
29481 744
19526 745
34555 746
37271 747
6225 748
38597 749
41032 750
18656 754
12561 755
40726 756
13673 757
15040 759
6601 763
26300 764
29694 765
27059 766
3309 769
19635 770
26774 775
4156 776
19239 778
15441 779
6390 781
36618 783
43536 784
22285 785
31385 786
37353 792
43341 793
9376 794
37607 796
24487 798
22544 800
41477 801
3654 803
15555 804
20814 806
20858 807
33411 811
28330 812
21407 818
27815 819
4705 820
16391 821
1702 822
37233 823
36682 825
30219 826
34385 827
40613 831
29365 832
35280 833
42499 836
19030 837
7764 838
12462 839
39396 843
25714 844
20278 845
38110 846
43828 847
28953 850
16995 851
27226 852
40763 853
35099 854
21766 856
40264 858
15171 859
24876 861
41266 862
3118 865
1477 866
35170 867
1093 868
11104 869
9195 870
773 872
3600 875
20074 877
17122 878
39065 879
12030 880
23748 883
6499 884
16932 886
21703 887
18927 891
39706 893
13215 894
3925 899
5253 900
36215 901
25053 903
36591 905
9714 906
29687 907
14476 908
29350 911
28743 912
8848 913
22437 915
25674 919
33413 920
2111 921
24067 923
12474 924
31486 926
38686 927
26167 930
17733 931
42875 932
8464 933
25943 935
44562 936
5544 938
32680 939
28672 941
43263 942
28338 946
18691 947
16850 949
22852 950
14967 951
26473 953
10943 954
35012 956
36137 957
20698 958
5560 961
26829 962
23197 963
15503 965
30517 966
3731 969
30817 970
41081 971
38557 973
5165 974
14282 976
2830 977
26178 980
14071 981
43993 982
12178 983
31065 984
10500 985
3176 986
28962 987
39968 989
16110 991
1933 992
31693 994
43732 997
8630 999
43226 1000
9537 1001
39000 1005
3240 1006
36523 1007
26685 1009
20634 1012
13620 1013
13748 1014
16126 1016
21404 1018
25747 1019
41104 1021
8236 1022
43725 1023
37050 1025
23718 1027
33123 1028
37276 1029
13894 1030
25826 1032
28770 1034
4372 1035
15758 1038
31468 1039
20850 1040
4558 1041
20614 1042
15738 1043
3695 1044
27436 1045
3733 1046
37634 1048
19863 1050
37875 1051
12186 1052
32127 1053
32718 1054
45092 1055
19562 1056
32566 1057
23081 1058
22534 1060
20341 1061
11062 1064
11670 1065
16831 1066
42621 1069
17358 1070
18571 1072
26541 1073
8885 1074
10036 1075
780 1076
29342 1077
38203 1079
4793 1080
8194 1083
18857 1084
38551 1085
14365 1086
13546 1089
31698 1090
18962 1091
30252 1094
11470 1095
40268 1096
7487 1097
21241 1099
12172 1100
640 1101
33461 1102
21171 1103
11656 1106
33907 1107
4173 1109
18367 1110
27250 1114
2351 1115
29977 1116
17857 1119
4117 1120
29139 1121
21422 1123
30485 1124
16236 1128
23948 1129
32626 1130
11036 1133
36866 1134
18377 1135
20503 1137
32546 1138
38707 1139
23567 1141
3358 1142
38135 1144
45146 1145
42608 1146
1349 1148
31813 1149
28095 1152
33657 1153
6957 1154
9482 1155
830 1158
36438 1159
16487 1160
31257 1163
11740 1164
16660 1165
18497 1166
20038 1169
9001 1170
17474 1171
8946 1173
28134 1174
20812 1176
33696 1178
11243 1179
9859 1180
31605 1181
33740 1183
45239 1184
18986 1185
40488 1187
4226 1191
43640 1192
38070 1193
39724 1194
15245 1196
19935 1197
4232 1200
22677 1201
27463 1202
6285 1204
13563 1205
10683 1206
39716 1210
3772 1211
11385 1212
9136 1213
42243 1214
31878 1216
17250 1218
18441 1219
8881 1221
35856 1222
18506 1225
44971 1226
12761 1228
28493 1229
8894 1231
8215 1232
35906 1235
34726 1237
39674 1238
40047 1240
26091 1241
6892 1242
10037 1244
40128 1246
26469 1247
7614 1249
18299 1250
19329 1251
36021 1254
6629 1255
31235 1257
33981 1258
16614 1259
4017 1260
17345 1262
31645 1263
34281 1267
34138 1269
29618 1270
16567 1273
42298 1274
313 1275
29154 1278
31232 1279
31907 1281
23214 1282
29184 1284
7514 1285
21279 1287
1402 1288
7747 1290
30888 1291
20958 1293
34418 1294
5843 1297
40601 1298
29966 1300
12052 1301
24448 1302
38441 1303
15797 1304
42498 1306
39310 1307
11696 1309
23211 1311
35613 1312
39539 1314
35443 1315
22028 1317
12234 1318
13609 1320
18709 1321
35807 1323
22917 1324
3929 1325
7231 1326
9040 1329
7238 1330
11570 1331
2714 1333
8071 1334
34403 1337
4644 1338
33184 1339
11107 1340
38336 1342
3978 1343
22919 1345
17201 1346
26986 1349
40305 1350
37842 1352
29477 1353
8461 1356
15063 1357
6484 1358
22206 1359
26505 1362
10202 1363
3052 1364
13156 1366
20641 1367
27745 1370
39008 1371
927 1372
26296 1376
26212 1377
28433 1378
13504 1380
15943 1381
24141 1384
8335 1385
11497 1386
22886 1387
13227 1390
22128 1391
4394 1393
11176 1394
22035 1395
21907 1400
30648 1401
26843 1402
16856 1403
41809 1405
14706 1406
20305 1409
36627 1410
26109 1412
14189 1413
41146 1415
7190 1416
11544 1418
11524 1419
26382 1423
243 1424
45344 1425
6393 1426
20384 1427
25834 1429
12492 1430
5909 1432
14740 1434
17021 1435
634 1436
45087 1439
38105 1440
34063 1442
39854 1443
7602 1444
6060 1445
19983 1446
1295 1447
16859 1448
25378 1452
32829 1453
4162 1454
39653 1455
12887 1457
43733 1459
29554 1460
7621 1462
40483 1464
41089 1465
19323 1467
18975 1468
38322 1469
38103 1470
13029 1473
37974 1474
16605 1475
24264 1478
26877 1479
18843 1481
5265 1482
9447 1484
34368 1485
13891 1487
9927 1488
31984 1489
11266 1490
15195 1492
40842 1493
1907 1495
4404 1496
26058 1498
25753 1499
2896 1500
28313 1501
19104 1503
25440 1504
32125 1506
1133 1507
35819 1509
1201 1510
28161 1511
37258 1515
43844 1517
44367 1518
39535 1520
40750 1522
10883 1524
38465 1525
3639 1527
37481 1530
8649 1531
17820 1533
29191 1534
31580 1536
11044 1537
11689 1539
27806 1541
31102 1542
44803 1543
45268 1546
22864 1547
43097 1548
39597 1551
9033 1552
2022 1553
8672 1556
4326 1557
34031 1558
22660 1560
43499 1561
29548 1563
43281 1564
8348 1566
16609 1567
26957 1568
1029 1569
5228 1571
39325 1572
1415 1574
16726 1575
3217 1578
16094 1579
27201 1581
23709 1582
4730 1583
35875 1585
29800 1587
25837 1588
23394 1589
24546 1590
30341 1592
14972 1593
14945 1596
9327 1597
11413 1598
2054 1599
24714 1601
5971 1602
19853 1603
2819 1604
1876 1605
31910 1607
35621 1608
27668 1610
1267 1611
39297 1612
232 1614
20521 1615
37794 1617
33620 1618
1882 1619
17285 1620
15280 1621
76 1624
411 1625
17783 1626
19600 1627
2314 1629
16432 1630
4318 1632
44032 1633
12099 1634
2703 1636
4202 1637
6229 1638
22303 1640
17133 1641
34569 1642
38051 1644
32579 1645
14773 1646
23143 1651
22523 1652
42316 1654
16385 1656
43934 1657
26150 1658
5608 1660
44974 1661
23220 1662
32692 1663
6750 1664
41502 1666
10130 1667
1431 1673
3474 1674
17953 1675
19989 1677
10090 1678
3864 1679
15971 1681
41528 1682
8429 1685
21179 1686
9585 1687
5537 1688
18650 1690
22517 1691
12483 1693
11718 1694
7148 1696
9652 1697
15778 1698
6206 1702
33348 1703
5270 1704
15295 1706
17206 1707
21728 1709
41127 1710
21167 1713
7805 1714
23893 1715
22404 1716
34243 1718
23788 1721
40122 1722
4831 1723
21521 1726
38500 1727
11443 1728
16694 1729
9893 1730
45115 1731
23182 1736
36633 1738
5095 1739
40589 1740
1356 1742
3589 1743
21799 1744
22102 1745
5122 1746
17257 1748
41769 1749
27789 1755
28460 1756
15589 1757
23370 1758
33349 1760
19246 1761
22365 1765
38970 1766
1630 1769
30595 1770
39037 1772
27541 1773
15423 1774
8598 1777
24255 1778
36360 1779
7654 1780
7371 1781
16148 1784
3779 1786
17317 1787
38363 1789
1474 1790
41300 1791
28996 1793
7929 1795
12273 1796
37623 1799
5968 1800
42509 1801
25252 1802
19522 1803
45028 1813
31623 1815
12861 1816
10616 1824
33960 1825
616 1826
34208 1827
14662 1828
8694 1829
3852 1831
33460 1832
16200 1834
38828 1835
18731 1837
36268 1838
33602 1839
28598 1841
5799 1842
10423 1845
24800 1846
28480 1847
14546 1849
14948 1850
2675 1852
23052 1854
32414 1855
261 1856
19634 1859
40635 1861
23627 1862
36391 1863
11551 1864
26358 1867
41603 1868
27870 1869
6943 1872
39242 1873
23915 1874
37022 1875
24286 1877
35644 1878
12593 1880
12304 1882
29601 1883
40688 1884
15439 1885
19535 1890
40778 1893
40676 1894
18882 1898
9311 1899
42476 1901
33077 1903
33110 1904
27294 1905
43632 1906
24221 1907
12551 1908
4242 1911
6941 1914
32828 1915
43674 1916
4847 1917
42679 1920
14242 1926
18575 1932
19744 1933
10189 1935
24134 1937
6894 1938
43633 1939
34866 1940
15567 1941
30060 1942
9568 1944
42042 1946
37252 1947
8313 1949
21210 1950
5034 1951
36029 1955
30775 1956
9186 1958
44628 1959
34548 1960
38469 1965
14362 1966
29326 1967
20895 1968
35941 1969
17622 1971
43579 1973
13375 1974
14061 1975
37744 1976
37460 1979
39020 1981
38674 1983
2941 1984
4605 1986
37166 1987
43643 1988
5796 1991
20283 1992
21481 1993
34144 1994
35523 1995
29486 1996
5217 1997
20910 1998
