1 2 0.10482499999999999
2 3 1.068802
3 4 5.4516990000000005
3 5 4.616143
2 6 0.083103
6 7 0.126773
7 8 0.157549
8 9 0.099376
9 10 0.14648599999999998
10 11 4.47162
10 12 0.084648
12 13 0.0572
13 14 0.28999600000000003
14 15 0.371064
15 16 4.411077
15 17 5.450941
14 18 0.1157
18 19 0.28715199999999996
19 20 3.484967
19 21 0.711383
21 22 4.034177
21 23 4.2584919999999995
18 24 0.033027
24 25 4.6414789999999995
24 26 0.140766
26 27 0.457672
27 28 5.218749000000001
27 29 0.6494749999999999
29 30 4.480383000000001
29 31 3.613057
26 32 0.31794900000000004
32 33 5.215732
32 34 5.266083
13 35 0.14168799999999998
35 36 0.220336
36 37 3.649631
36 38 5.346178
35 39 0.08527699999999999
39 40 0.083283
40 41 0.162303
41 42 0.32040599999999997
42 43 0.147226
43 44 0.119429
44 45 0.037149999999999996
45 46 0.23333199999999998
46 47 0.558809
47 48 1.787389
47 49 1.9640339999999998
46 50 2.2877769999999997
45 51 0.292853
51 52 1.890725
51 53 2.366892
44 54 0.05064899999999999
54 55 0.0767
55 56 0.400927
56 57 1.3837469999999998
56 58 1.594992
55 59 0.20722700000000002
59 60 0.08543999999999999
60 61 0.179179
61 62 0.10933500000000002
62 63 0.035019
63 64 0.034317
64 65 0.614861
64 66 0.044515
66 67 0.113606
67 68 0.128489
67 69 0.47057799999999994
66 70 0.164015
70 71 2.433562
70 72 0.816568
63 73 0.257184
73 74 0.359239
74 75 3.4404200000000005
74 76 5.808732
73 77 0.217067
77 78 0.813153
78 79 5.487302000000001
78 80 10.674747
77 81 4.372369
62 82 0.7673840000000001
61 83 0.260398
83 84 1.3827990000000001
83 85 1.641072
60 86 0.239946
86 87 1.415231
86 88 1.789568
59 89 2.309418
54 90 0.712678
90 91 0.9597589999999999
90 92 0.903404
43 93 0.20599
93 94 1.014211
94 95 2.06691
94 96 1.960006
93 97 2.210217
42 98 0.553399
98 99 2.727584
98 100 1.266621
100 101 1.2110310000000002
100 102 1.229191
41 103 0.12024
103 104 0.035316
104 105 0.18743900000000002
105 106 0.176455
106 107 0.261715
107 108 2.8402119999999997
107 109 3.444589
106 110 3.243621
105 111 0.657163
111 112 2.813098
111 113 0.70859
113 114 1.033771
114 115 0.703965
114 116 0.8511660000000001
113 117 2.307922
104 118 0.304675
118 119 0.16741799999999998
119 120 3.2140799999999996
119 121 3.796593
118 122 0.145411
122 123 0.567179
123 124 4.5676689999999995
123 125 3.7749240000000004
122 126 0.183649
126 127 4.003269
126 128 3.7926990000000003
103 129 0.234023
129 130 2.96603
129 131 3.947287
40 132 0.071519
132 133 0.15806399999999998
133 134 0.114565
134 135 0.193216
135 136 0.44993000000000005
136 137 2.952478
136 138 2.758694
135 139 0.156839
139 140 3.4243870000000003
139 141 4.026598
134 142 3.127534
133 143 3.5442479999999996
132 144 3.1953509999999996
39 145 0.043820000000000005
145 146 3.4688749999999997
145 147 0.080874
147 148 0.175139
148 149 3.472602
148 150 0.400582
150 151 3.6699759999999997
150 152 3.830157
147 153 0.031315
153 154 0.645436
154 155 2.825337
154 156 2.6486490000000003
153 157 3.6039389999999996
12 158 0.207283
158 159 0.26495
159 160 3.534475
159 161 3.9656579999999995
158 162 4.378122
9 163 0.175256
163 164 0.195301
164 165 0.171785
165 166 0.300636
166 167 4.9613499999999995
166 168 4.644472
165 169 0.1888
169 170 0.179244
170 171 3.878583
170 172 0.06891
172 173 4.732538
172 174 0.122029
174 175 4.387668
174 176 0.414179
176 177 4.541671
176 178 4.35313
169 179 4.917416
164 180 0.083993
180 181 0.371639
181 182 0.16350099999999998
182 183 0.27136
183 184 0.132464
184 185 0.12494100000000001
185 186 0.21373899999999998
186 187 0.05609
187 188 6.601418000000001
187 189 7.807182999999999
186 190 0.115681
190 191 0.20680400000000002
191 192 0.087365
192 193 0.460202
193 194 0.131483
194 195 5.614533
194 196 4.5063949999999995
196 197 1.452669
196 198 1.5260690000000001
193 199 5.5946419999999994
192 200 6.43516
191 201 0.17855200000000002
201 202 7.199617
201 203 5.670197
190 204 7.087241
185 205 0.066024
205 206 0.259502
206 207 0.043775999999999995
207 208 0.108006
208 209 0.053461
209 210 0.21190699999999998
210 211 7.5099089999999995
210 212 0.09828
212 213 8.365633
212 214 0.300226
214 215 8.409052
214 216 0.31489
216 217 7.943617
216 218 9.613372
209 219 0.109278
219 220 0.38182699999999997
220 221 7.961881
220 222 7.970897000000001
219 223 0.043895
223 224 7.595888
223 225 0.14236
225 226 7.855651
225 227 0.22268600000000002
227 228 7.236877999999999
227 229 7.675300999999999
208 230 0.06107900000000001
230 231 0.37117
231 232 7.328373000000001
231 233 8.262193
230 234 0.084667
234 235 0.131562
235 236 8.239901
235 237 0.24135900000000002
237 238 0.146629
238 239 7.771185999999999
238 240 0.225303
240 241 7.853325999999999
240 242 8.654339
237 243 0.256601
243 244 1.1343290000000001
244 245 7.934392999999999
244 246 7.4291529999999995
243 247 0.044947
247 248 0.193565
248 249 0.061132000000000006
249 250 0.072245
250 251 0.21699000000000002
251 252 8.35334
251 253 0.452502
253 254 9.204424999999999
253 255 9.962546
250 256 0.275798
256 257 8.577247999999999
256 258 0.145792
258 259 8.355716000000001
258 260 9.437033
249 261 0.067934
261 262 0.11904100000000001
262 263 0.142169
263 264 0.206554
264 265 8.675686
264 266 0.130196
266 267 8.092295
266 268 8.415371
263 269 9.174693000000001
262 270 0.109376
270 271 0.224725
271 272 0.228222
272 273 2.391242
273 274 2.061953
274 275 6.452597
274 276 6.20077
273 277 9.789438
272 278 9.941035
271 279 0.046798
279 280 0.105659
280 281 0.662157
281 282 10.773992999999999
281 283 8.939502000000001
280 284 0.31728300000000004
284 285 0.23489700000000002
285 286 8.940855
285 287 9.445461
284 288 8.959736999999999
279 289 0.24845599999999998
289 290 0.084172
290 291 0.115361
291 292 0.138137
292 293 0.9631419999999999
293 294 1.110865
294 295 4.265941
295 296 6.10597
295 297 5.265982
294 298 8.706807
293 299 3.772789
299 300 8.6074
299 301 1.329902
301 302 4.216600000000001
301 303 5.851242
292 304 0.202624
304 305 0.071993
305 306 0.161893
306 307 0.024076999999999998
307 308 0.135168
308 309 0.212765
309 310 0.25681
310 311 0.287076
311 312 2.859372
312 313 28.394133
312 314 17.135514
311 315 3.231247
315 316 1.9105489999999998
316 317 2.301071
317 318 5.079072
318 319 2.721349
319 320 0.28205600000000003
319 321 0.317011
318 322 2.856961
317 323 6.310097000000001
316 324 7.8311779999999995
315 325 3.68009
325 326 1.795637
326 327 4.219003000000001
326 328 4.6757979999999995
325 329 4.064519
329 330 2.329339
329 331 2.4579150000000003
331 332 0.161196
331 333 0.223094
310 334 1.440699
334 335 1.8031
335 336 11.040165
335 337 0.9010260000000001
337 338 9.206772
337 339 10.690016
334 340 0.8075169999999999
340 341 5.059257000000001
341 342 11.676810999999999
341 343 11.231062
340 344 0.907411
344 345 2.140477
345 346 10.283815
346 347 1.4027889999999998
346 348 1.9381240000000002
345 349 13.281378
344 350 1.9088649999999998
350 351 8.520194
350 352 1.760895
352 353 9.614573
352 354 4.290312999999999
354 355 5.042594
354 356 3.2500759999999995
309 357 0.787518
357 358 12.240734999999999
357 359 2.863938
359 360 1.076584
360 361 10.457650000000001
360 362 6.747467
359 363 11.869966999999999
308 364 2.856131
364 365 3.0330019999999998
365 366 1.726153
366 367 5.325681
366 368 5.468667
365 369 6.376368
364 370 1.974433
370 371 3.30462
371 372 1.258998
372 373 2.405838
372 374 2.596963
371 375 3.768436
370 376 9.819534
307 377 0.136049
377 378 1.203892
378 379 11.797175
378 380 11.368476
377 381 3.189156
381 382 2.633493
382 383 7.148733
382 384 6.4852549999999995
381 385 8.733699999999999
306 386 0.132254
386 387 0.09373
387 388 0.572308
388 389 2.7503509999999998
389 390 9.612689000000001
389 391 9.072663
388 392 0.168387
392 393 0.746838
393 394 1.6954770000000001
394 395 3.2925530000000003
395 396 4.6874649999999995
395 397 5.071930999999999
394 398 11.606054
393 399 0.097587
399 400 1.566513
400 401 1.681208
401 402 5.536664
401 403 8.705059
400 404 10.301634
399 405 3.339731
405 406 9.544815
405 407 7.5434790000000005
392 408 0.996064
408 409 0.13337
409 410 3.3184449999999996
410 411 7.285885
410 412 7.067035000000001
409 413 1.6266019999999999
413 414 9.761491
413 415 6.558194
415 416 1.928339
416 417 7.903051
416 418 2.267992
415 419 5.217291
408 420 0.19713399999999998
420 421 0.6492859999999999
421 422 0.617191
422 423 0.791726
423 424 1.386077
424 425 5.697029
424 426 6.472360000000001
423 427 0.752907
427 428 0.961892
428 429 6.087578
428 430 3.294237
430 431 3.8246670000000003
430 432 2.0293289999999997
427 433 1.309012
433 434 5.25577
433 435 4.966947
422 436 3.353193
436 437 5.471783
436 438 2.5470300000000003
438 439 1.812013
438 440 2.816867
421 441 1.6627200000000002
441 442 1.139035
442 443 1.599403
443 444 2.8987510000000003
444 445 4.7289900000000005
444 446 2.5265880000000003
446 447 1.98317
446 448 2.41336
443 449 8.884995
442 450 2.9393659999999997
450 451 3.279771
451 452 2.094373
451 453 1.978601
450 454 3.9699449999999996
454 455 1.8158569999999998
454 456 0.9827469999999999
441 457 0.654765
457 458 0.260375
458 459 0.739209
459 460 0.731809
460 461 5.069046
460 462 9.730843
459 463 6.1067860000000005
458 464 1.839474
464 465 5.24342
464 466 4.056541999999999
457 467 4.786071
467 468 4.166669
467 469 3.5798799999999997
420 470 2.268731
470 471 8.961951
470 472 7.893398
387 473 0.11271199999999999
473 474 0.115395
474 475 4.986208
475 476 9.246974
475 477 7.782997
474 478 0.316646
478 479 0.26221099999999997
479 480 0.7265050000000001
480 481 2.575505
481 482 10.066441
481 483 7.255731999999999
480 484 1.771029
484 485 7.849196
484 486 1.481353
486 487 6.582663
486 488 3.221301
488 489 8.873268
488 490 7.461332
479 491 0.427708
491 492 0.188298
492 493 1.891011
493 494 11.909743
493 495 9.516342999999999
495 496 1.341249
495 497 1.818258
492 498 0.23534099999999997
498 499 12.865339
498 500 0.479952
500 501 1.441688
501 502 0.28328200000000003
502 503 0.922651
503 504 0.342476
504 505 0.507086
505 506 8.989517
505 507 8.15716
504 508 0.637597
508 509 7.387987999999999
508 510 10.582204
503 511 9.648254000000001
502 512 9.878927
501 513 11.32985
500 514 12.476299000000001
491 515 0.269021
515 516 0.22998900000000003
516 517 0.621259
517 518 0.898644
518 519 5.77227
519 520 6.375583
519 521 7.1486030000000005
518 522 3.167844
522 523 13.416877
522 524 2.565794
524 525 3.621789
524 526 5.881889
517 527 1.075567
527 528 11.650212999999999
527 529 10.300545
516 530 0.284001
530 531 1.23071
531 532 1.301429
532 533 1.468812
533 534 7.8799850000000005
533 535 10.090207
532 536 1.1162999999999998
536 537 1.117714
537 538 9.559414
537 539 5.157827999999999
539 540 0.991767
539 541 1.270202
536 542 8.637820999999999
531 543 1.532355
543 544 8.669499
543 545 4.489278
545 546 5.6843900000000005
545 547 6.645861
530 548 14.059446000000001
515 549 0.486857
549 550 11.920525
549 551 1.941837
551 552 9.743032
551 553 5.399439
553 554 5.687252
553 555 6.428618
478 556 11.645532
473 557 11.941014
386 558 0.21659
558 559 0.638834
559 560 1.873302
560 561 1.6765249999999998
561 562 6.732063000000001
561 563 1.6898929999999999
563 564 4.1255109999999995
563 565 0.674933
565 566 0.903026
566 567 5.230123
566 568 0.577215
568 569 3.041956
568 570 1.541205
570 571 4.040854
570 572 1.433132
565 573 5.6691579999999995
560 574 9.374898
559 575 13.298277
558 576 0.508549
576 577 0.684845
577 578 11.163419
577 579 10.282959
576 580 0.33059700000000003
580 581 11.61564
580 582 0.601899
582 583 1.16726
583 584 12.823734
583 585 0.5949099999999999
585 586 11.8648
585 587 6.63241
587 588 4.777177
587 589 6.965494
582 590 11.874106
305 591 0.304076
591 592 0.374728
592 593 10.755922
592 594 0.121832
594 595 11.187911
594 596 12.171785
591 597 0.3347
597 598 0.22742800000000002
598 599 12.935034000000002
598 600 0.8735919999999999
600 601 11.376229
600 602 12.897170999999998
597 603 10.124764
603 604 2.467864
603 605 1.928666
304 606 0.089211
606 607 0.092871
607 608 0.12450499999999999
608 609 0.057288
609 610 0.09799
610 611 0.10261300000000001
611 612 0.280073
612 613 0.277406
613 614 0.255431
614 615 0.081472
615 616 0.117222
616 617 0.299468
617 618 0.28795600000000005
618 619 0.468714
619 620 16.651792
619 621 18.413412
618 622 0.204166
622 623 15.620197999999998
622 624 0.468981
624 625 16.221353
624 626 15.215245999999999
617 627 15.102668
616 628 0.153046
628 629 0.15118600000000001
629 630 0.23636
630 631 0.8582609999999999
631 632 12.990215
631 633 12.210551
630 634 13.091574
629 635 0.107409
635 636 0.621236
636 637 12.07863
636 638 13.255749999999999
635 639 0.21056299999999997
639 640 13.033963000000002
639 641 0.390871
641 642 0.356237
642 643 0.232103
643 644 12.810603
643 645 12.323463
642 646 12.435087
641 647 12.480616999999999
628 648 13.526344000000002
615 649 0.238668
649 650 13.249141
649 651 0.733861
651 652 12.753509
651 653 12.380557
614 654 0.21613600000000002
654 655 0.34372199999999997
655 656 15.961716000000001
655 657 14.019965000000001
654 658 0.255457
658 659 14.644547999999999
658 660 0.17061199999999999
660 661 0.69944
661 662 14.029716
661 663 1.488652
663 664 16.341743
663 665 17.951045
660 666 14.087458
613 667 1.927789
667 668 1.2514509999999999
668 669 10.019633
668 670 11.113625
667 671 1.8761469999999998
671 672 15.772279000000001
671 673 9.830188
612 674 0.209937
674 675 0.167471
675 676 0.362627
676 677 0.524914
677 678 0.457931
678 679 0.282863
679 680 0.795562
680 681 14.871915999999999
680 682 13.968858
679 683 0.103528
683 684 0.685954
684 685 17.395196
684 686 17.205495000000003
683 687 0.772214
687 688 0.291605
688 689 15.214374999999999
688 690 15.128003000000001
687 691 16.416665
678 692 0.136796
692 693 0.18215
693 694 0.445002
694 695 0.459431
695 696 0.256065
696 697 0.174931
697 698 0.26407800000000003
698 699 0.174509
699 700 0.10936699999999999
700 701 3.1262329999999996
701 702 16.331223
701 703 17.122066999999998
700 704 0.110807
704 705 0.7307560000000001
705 706 0.293437
706 707 1.085269
707 708 1.360905
708 709 6.366289999999999
709 710 4.103379
710 711 2.7805549999999997
711 712 10.24057
711 713 8.205432
710 714 10.533201
714 715 0.47647
714 716 0.511525
709 717 13.059662999999999
708 718 21.613706999999998
707 719 2.756596
719 720 1.799011
720 721 16.093542
720 722 1.9273330000000002
722 723 13.769188
722 724 17.154493000000002
719 725 2.6658589999999998
725 726 5.184138
726 727 9.673693
726 728 1.926206
728 729 10.631312
728 730 6.398658
725 731 17.916936
706 732 0.31819000000000003
732 733 0.281753
733 734 0.28562000000000004
734 735 23.057851
734 736 3.569531
736 737 5.284321
737 738 17.265495
737 739 15.885121999999999
736 740 1.547923
740 741 1.8776620000000002
741 742 12.401795
742 743 4.1826620000000005
742 744 3.3666639999999997
741 745 11.266025
745 746 6.008374
745 747 6.2145850000000005
740 748 14.276222999999998
748 749 2.260075
748 750 2.602191
733 751 1.132907
751 752 0.6391
752 753 1.290399
753 754 1.457119
754 755 6.941031000000001
755 756 4.5859
756 757 3.544879
757 758 14.337871
758 759 7.900920999999999
758 760 5.0774300000000006
757 761 2.758526
761 762 1.1443180000000002
762 763 1.336756
763 764 11.534703
763 765 0.14099399999999998
765 766 4.354657
766 767 11.209613000000001
766 768 11.377553
765 769 15.678942000000001
762 770 17.048626
761 771 4.2827839999999995
771 772 1.098112
772 773 9.2535
773 774 7.6757670000000005
773 775 8.314244
772 776 12.303327
771 777 5.34924
777 778 0.8135689999999999
778 779 15.569564999999999
778 780 5.314359
777 781 15.879928
756 782 24.91342
755 783 3.223215
783 784 26.189321999999997
783 785 20.339486
754 786 36.152919
753 787 1.261877
787 788 27.251755
787 789 10.222510999999999
789 790 32.450435
789 791 33.562166999999995
752 792 0.255668
792 793 7.555091
793 794 23.600129
793 795 19.533939
792 796 0.46820999999999996
796 797 1.7056330000000002
797 798 11.313277
798 799 8.408472999999999
799 800 12.871564999999999
799 801 13.202829
798 802 18.242348
797 803 1.1316009999999999
803 804 0.644318
804 805 19.924991
805 806 10.384815
805 807 9.75724
804 808 4.239334
808 809 34.529853
808 810 38.076692
803 811 27.518297000000004
796 812 27.433956
751 813 8.435355999999999
813 814 15.553040000000001
813 815 16.697757
732 816 0.374236
816 817 0.374312
817 818 0.287839
818 819 1.570103
819 820 0.535203
820 821 1.815992
821 822 28.287077
821 823 24.836758
820 824 26.812587
819 825 25.351367000000003
818 826 0.75032
826 827 24.435862999999998
826 828 1.476471
828 829 32.969416
828 830 16.945133000000002
830 831 14.274091
830 832 16.35829
817 833 0.546066
833 834 7.192753000000001
834 835 19.745753999999998
834 836 22.693608
833 837 0.7856709999999999
837 838 4.234894000000001
838 839 23.936901
838 840 23.327243
837 841 0.578255
841 842 3.469494
842 843 30.870159
842 844 27.844914
841 845 29.533303
816 846 0.256099
846 847 2.349873
847 848 23.526852
847 849 32.757541
846 850 0.38933
850 851 0.617749
851 852 0.754539
852 853 9.183163
853 854 18.991706
853 855 3.398404
855 856 12.060220000000001
855 857 11.890202
857 858 0.442676
858 859 0.17551699999999998
858 860 0.080348
857 861 0.569493
852 862 23.637373
851 863 24.156351
863 864 0.6360140000000001
863 865 0.48229400000000006
850 866 21.167036
866 867 2.342525
866 868 2.100393
705 869 6.270911
869 870 16.065663999999998
869 871 14.931045000000001
704 872 0.388034
872 873 7.979011
873 874 10.401259999999999
873 875 2.706013
875 876 8.632539
875 877 7.875126000000001
872 878 0.04239
878 879 0.364502
879 880 0.10069199999999999
880 881 9.191926
881 882 11.186738
881 883 11.336488
880 884 0.803418
884 885 19.081288
884 886 9.534386999999999
886 887 10.097874
886 888 10.011631999999999
888 889 0.989873
888 890 1.183202
879 891 8.00437
891 892 16.261638
891 893 18.031151
878 894 6.901755
894 895 14.648302999999999
894 896 13.140941999999999
699 897 8.911406
897 898 11.626558
897 899 10.071486
698 900 0.086865
900 901 0.693624
901 902 0.743432
902 903 8.871743
903 904 13.451015
903 905 8.184015
902 906 2.3028199999999996
906 907 17.117359
906 908 7.207313999999999
908 909 10.09339
908 910 10.542227
901 911 3.3126620000000004
911 912 19.07688
911 913 17.322056999999997
900 914 0.42356800000000006
914 915 18.154539
914 916 1.916402
916 917 4.34049
917 918 15.823941
917 919 12.875628
916 920 17.873492
697 921 1.780365
921 922 2.309561
922 923 21.643755000000002
922 924 18.751435
921 925 18.433405999999998
696 926 1.6254870000000001
926 927 4.364386
927 928 6.236737
928 929 5.271483
928 930 4.193814
930 931 3.234697
930 932 2.19198
927 933 15.140165
926 934 17.172577999999998
695 935 0.282273
935 936 0.303494
936 937 17.74472
936 938 0.200089
938 939 0.34426
939 940 0.5432170000000001
940 941 20.712297
940 942 0.330891
942 943 21.730134
942 944 21.929433
939 945 0.361414
945 946 0.48451700000000003
946 947 1.47359
947 948 1.133351
948 949 19.550554
948 950 20.760735999999998
947 951 17.953226
946 952 0.6882809999999999
952 953 30.966346
952 954 1.780062
954 955 25.732318999999997
954 956 28.498245
945 957 0.16864300000000002
957 958 0.143757
958 959 0.34358700000000003
959 960 0.44696600000000003
960 961 25.150285
960 962 0.508892
962 963 28.667259
962 964 26.480798
959 965 1.2272319999999999
965 966 23.256639
965 967 27.024285999999996
958 968 0.265123
968 969 0.468721
969 970 18.231355
969 971 0.409521
971 972 18.284561
971 973 19.313305
968 974 0.47785900000000003
974 975 1.997219
975 976 19.800968
975 977 20.259225999999998
974 978 17.616576000000002
957 979 0.13381400000000002
979 980 0.421898
980 981 0.28490899999999997
981 982 0.413132
982 983 22.58386
982 984 22.945787
981 985 19.651464
980 986 22.047016
979 987 0.205382
987 988 0.453585
988 989 0.372081
989 990 0.46882
990 991 0.360388
991 992 0.199563
992 993 0.6804
993 994 23.364035
993 995 2.540912
995 996 1.9772919999999998
996 997 35.990753
996 998 27.250428999999997
995 999 38.363341
992 1000 0.344603
1000 1001 0.9906119999999999
1001 1002 0.969913
1002 1003 1.8530060000000002
1003 1004 24.005737
1003 1005 28.125694000000003
1002 1006 0.5251480000000001
1006 1007 0.726493
1007 1008 33.368674
1007 1009 27.522427999999998
1006 1010 32.990483
1001 1011 0.32332099999999997
1011 1012 24.604885000000003
1011 1013 2.2672250000000003
1013 1014 28.956969
1013 1015 34.739663
1000 1016 22.626385
991 1017 0.507763
1017 1018 1.037547
1018 1019 24.574537
1018 1020 0.645807
1020 1021 24.18605
1020 1022 35.283896999999996
1017 1023 0.024172000000000003
1023 1024 25.659201
1023 1025 0.704771
1025 1026 24.007444
1025 1027 0.846482
1027 1028 0.344873
1028 1029 1.260032
1029 1030 19.915392
1029 1031 22.093199
1028 1032 0.471597
1032 1033 26.702229
1032 1034 0.337398
1034 1035 1.078201
1035 1036 24.888057999999997
1035 1037 28.235777000000002
1034 1038 23.525833
1027 1039 22.445493
990 1040 22.045386999999998
989 1041 21.189963
988 1042 0.8075330000000001
1042 1043 21.625676
1042 1044 22.121850000000002
987 1045 0.278723
1045 1046 0.38665900000000003
1046 1047 21.573787
1046 1048 0.6040260000000001
1048 1049 22.355472000000002
1048 1050 19.481541
1045 1051 0.482566
1051 1052 0.765047
1052 1053 0.892121
1053 1054 23.771852
1053 1055 22.574269
1052 1056 0.6880729999999999
1056 1057 22.353824
1056 1058 0.141478
1058 1059 22.561086
1058 1060 22.518895
1051 1061 24.595727
938 1062 11.336002
1062 1063 2.435543
1063 1064 2.660159
1063 1065 7.873621999999999
1062 1066 6.863366999999999
935 1067 17.640560999999998
694 1068 16.24287
693 1069 0.431083
1069 1070 0.150156
1070 1071 16.499162000000002
1070 1072 15.900759
1069 1073 0.211706
1073 1074 0.20126800000000003
1074 1075 0.45584500000000006
1075 1076 17.508262
1075 1077 19.208339
1074 1078 0.33022199999999996
1078 1079 0.22191300000000003
1079 1080 0.24234899999999998
1080 1081 1.210492
1081 1082 14.738199
1081 1083 13.750144
1080 1084 16.277881999999998
1079 1085 15.515465
1078 1086 0.058172
1086 1087 0.382988
1087 1088 17.364491
1087 1089 16.088798
1086 1090 0.114891
1090 1091 0.8053070000000001
1091 1092 15.444227
1091 1093 15.845414
1090 1094 18.692808
1073 1095 17.165922000000002
692 1096 15.131924999999999
677 1097 14.025599999999999
676 1098 1.389157
1098 1099 1.2508
1099 1100 12.392959000000001
1099 1101 12.475017
1098 1102 0.196223
1102 1103 0.32521
1103 1104 14.192886
1103 1105 13.457453
1102 1106 2.80761
1106 1107 3.8028890000000004
1107 1108 8.858671
1107 1109 8.698317999999999
1106 1110 11.529328
675 1111 0.104777
1111 1112 1.9848890000000001
1112 1113 13.865947
1112 1114 12.820456
1111 1115 0.14877200000000002
1115 1116 0.102112
1116 1117 0.10553699999999999
1117 1118 0.051948
1118 1119 0.131307
1119 1120 0.16319
1120 1121 0.266423
1121 1122 0.125058
1122 1123 0.314562
1123 1124 0.656303
1124 1125 17.745015
1124 1126 17.242547
1123 1127 17.034274999999997
1122 1128 16.103311
1121 1129 3.532116
1129 1130 11.691748
1130 1131 0.697469
1130 1132 0.813809
1129 1133 13.289698999999999
1120 1134 0.138004
1134 1135 0.26904300000000003
1135 1136 13.835312
1135 1137 1.022713
1137 1138 1.531087
1138 1139 15.981698
1138 1140 2.288106
1140 1141 15.846805
1140 1142 12.71187
1137 1143 0.591289
1143 1144 15.056257
1143 1145 13.784516
1134 1146 0.10925699999999999
1146 1147 0.313751
1147 1148 0.254612
1148 1149 9.970155
1149 1150 5.8925030000000005
1149 1151 5.268715
1148 1152 10.899213000000001
1152 1153 4.745435
1152 1154 4.3515690000000005
1147 1155 0.61453
1155 1156 0.452673
1156 1157 2.699459
1157 1158 3.6082259999999997
1158 1159 14.702466
1158 1160 1.513567
1160 1161 42.734765
1160 1162 16.195255
1157 1163 0.112328
1163 1164 1.211939
1164 1165 3.057486
1165 1166 40.621173
1165 1167 22.054251999999998
1164 1168 23.462145
1163 1169 39.341935
1169 1170 1.1298489999999999
1170 1171 1.810705
1171 1172 2.014083
1172 1173 0.266231
1173 1174 0.073124
1174 1175 0.088728
1174 1176 0.060590000000000005
1176 1177 0.095899
1176 1178 0.159966
1173 1179 0.076249
1172 1180 0.399302
1171 1181 3.807355
1181 1182 0.191532
1182 1183 0.178663
1182 1184 0.162782
1181 1185 0.236812
1170 1186 0.845705
1186 1187 3.657282
1187 1188 0.12473300000000001
1187 1189 0.173903
1186 1190 4.202369
1190 1191 0.422999
1190 1192 0.6953090000000001
1169 1193 9.352276
1156 1194 15.556961999999999
1155 1195 17.173078999999998
1146 1196 0.244409
1196 1197 17.220314000000002
1196 1198 3.4963590000000004
1198 1199 12.236974
1198 1200 12.631003
1119 1201 0.177991
1201 1202 0.286043
1202 1203 5.337608
1203 1204 4.7639510000000005
1204 1205 6.628813999999999
1204 1206 5.487057
1203 1207 10.417437999999999
1202 1208 13.493542999999999
1208 1209 3.558208
1208 1210 3.3551089999999997
1201 1211 0.180194
1211 1212 2.989528
1212 1213 11.788116
1212 1214 12.551068
1211 1215 5.132249
1215 1216 12.739299
1215 1217 5.66616
1217 1218 4.448739
1217 1219 8.096715999999999
1118 1220 0.144317
1220 1221 4.4961
1221 1222 10.631490000000001
1221 1223 11.192779999999999
1220 1224 14.288861
1117 1225 0.6648430000000001
1225 1226 4.818235
1226 1227 11.745187
1226 1228 12.331279
1225 1229 4.138470000000001
1229 1230 10.081719999999999
1229 1231 9.998925
1116 1232 1.655361
1232 1233 4.099873
1233 1234 14.283646
1233 1235 8.495742
1232 1236 14.438202
1115 1237 0.268017
1237 1238 1.199704
1238 1239 3.278316
1239 1240 14.191170999999999
1239 1241 13.528583999999999
1238 1242 1.262796
1242 1243 11.537275
1242 1244 14.876391
1237 1245 0.059153000000000004
1245 1246 14.945099
1245 1247 2.661995
1247 1248 4.866076
1248 1249 0.704987
1249 1250 4.132171
1250 1251 2.851311
1250 1252 6.195072
1249 1253 7.022313
1253 1254 0.30049
1253 1255 0.212556
1248 1256 7.803801000000001
1256 1257 0.188634
1256 1258 0.11000300000000002
1247 1259 16.517343
674 1260 0.238639
1260 1261 0.507197
1261 1262 13.281332
1261 1263 15.347752
1260 1264 16.292126
611 1265 1.083527
1265 1266 3.41278
1266 1267 6.722473
1267 1268 3.266804
1267 1269 3.6465129999999997
1266 1270 7.8805890000000005
1265 1271 1.952874
1271 1272 3.4457799999999996
1272 1273 6.6607769999999995
1272 1274 6.317575000000001
1271 1275 10.578924
610 1276 0.146357
1276 1277 0.11752399999999999
1277 1278 1.726282
1278 1279 13.376268
1278 1280 6.392315
1280 1281 5.260272
1280 1282 5.743418
1277 1283 0.338884
1283 1284 0.46949899999999994
1284 1285 0.37988900000000003
1285 1286 11.626285
1285 1287 11.153103
1284 1288 12.668626
1283 1289 1.116552
1289 1290 1.2539639999999999
1290 1291 2.3614360000000003
1291 1292 8.20372
1291 1293 5.760954
1290 1294 10.557998
1289 1295 11.63645
1276 1296 14.068143999999998
609 1297 0.251178
1297 1298 1.754192
1298 1299 13.128060999999999
1298 1300 0.968208
1300 1301 2.864798
1301 1302 5.519266
1301 1303 11.104064
1300 1304 10.99536
1297 1305 0.650185
1305 1306 0.8169219999999999
1306 1307 12.417131
1306 1308 1.990946
1308 1309 3.753306
1309 1310 5.702719
1309 1311 1.760656
1311 1312 4.201842
1311 1313 8.074737
1308 1314 9.351488
1305 1315 12.063597
608 1316 4.478676
1316 1317 8.64526
1316 1318 8.384711
607 1319 2.176994
1319 1320 10.463509
1319 1321 10.66975
606 1322 0.236812
1322 1323 1.208272
1323 1324 11.429146
1323 1325 12.385712999999999
1322 1326 2.427698
1326 1327 10.026473
1326 1328 9.504291
291 1329 0.147384
1329 1330 0.207161
1330 1331 0.124677
1331 1332 10.648585
1331 1333 2.331735
1333 1334 8.635681
1333 1335 9.691008
1330 1336 0.095091
1336 1337 0.11055399999999999
1337 1338 0.112914
1338 1339 0.6362460000000001
1339 1340 10.643594
1339 1341 1.286209
1341 1342 8.576107
1341 1343 9.275731
1338 1344 11.924261999999999
1337 1345 0.186092
1345 1346 0.30348200000000003
1346 1347 11.016305
1346 1348 0.053965
1348 1349 10.042498
1348 1350 6.971429
1350 1351 4.521601
1350 1352 3.7211920000000003
1345 1353 0.156248
1353 1354 0.128692
1354 1355 2.412808
1355 1356 1.191109
1356 1357 4.880472999999999
1357 1358 0.831961
1358 1359 2.711073
1358 1360 2.0577129999999997
1357 1361 3.3136039999999998
1356 1362 2.624019
1362 1363 0.8169559999999999
1363 1364 2.867855
1363 1365 1.575063
1362 1366 3.3141039999999995
1355 1367 1.055041
1367 1368 1.067073
1368 1369 1.031188
1369 1370 3.933366
1369 1371 2.785769
1368 1372 0.789628
1372 1373 0.290736
1373 1374 1.903043
1374 1375 1.07925
1375 1376 1.4445029999999999
1375 1377 1.041104
1377 1378 0.462601
1377 1379 0.568794
1374 1380 2.258485
1380 1381 0.916816
1380 1382 1.389658
1373 1383 4.402877
1372 1384 0.8962589999999999
1384 1385 5.799289
1384 1386 5.519905
1367 1387 6.4592730000000005
1354 1388 1.279652
1388 1389 10.765967999999999
1388 1390 5.341737
1390 1391 5.916672
1390 1392 5.45528
1353 1393 0.26867
1393 1394 0.434628
1394 1395 9.822688
1394 1396 10.319367
1393 1397 2.960454
1397 1398 1.25284
1398 1399 5.268218
1398 1400 7.385149
1397 1401 1.809721
1401 1402 5.204798
1401 1403 4.5545990000000005
1336 1404 1.335771
1404 1405 9.767157
1404 1406 9.946339
1329 1407 0.221169
1407 1408 9.014978
1408 1409 1.5810749999999998
1408 1410 1.533181
1407 1411 6.922987
1411 1412 4.796926
1411 1413 4.401463
290 1414 0.153234
1414 1415 1.472395
1415 1416 10.405772
1415 1417 9.920893999999999
1414 1418 2.464438
1418 1419 2.496787
1419 1420 5.407228
1419 1421 7.192157000000001
1418 1422 8.047191
289 1423 0.7994950000000001
1423 1424 11.180286
1423 1425 9.517311000000001
270 1426 0.082082
1426 1427 0.11875
1427 1428 0.143829
1428 1429 0.19973
1429 1430 0.220319
1430 1431 0.07189
1431 1432 0.21147000000000002
1432 1433 0.156982
1433 1434 0.026699
1434 1435 0.337184
1435 1436 14.294042000000001
1435 1437 0.07099899999999999
1437 1438 0.29688000000000003
1438 1439 13.989202
1438 1440 13.522534
1437 1441 13.528855
1434 1442 0.142625
1442 1443 0.167924
1443 1444 0.39594799999999997
1444 1445 11.951414
1444 1446 12.58554
1443 1447 11.776723
1442 1448 0.215626
1448 1449 0.30999899999999997
1449 1450 11.574523000000001
1449 1451 11.012643
1448 1452 0.20267699999999997
1452 1453 12.402797
1452 1454 12.864740999999999
1433 1455 0.12033300000000001
1455 1456 1.363228
1456 1457 12.200414
1456 1458 10.90069
1455 1459 0.020879
1459 1460 0.24743500000000002
1460 1461 12.570896000000001
1460 1462 11.113574
1459 1463 0.442943
1463 1464 11.361451
1463 1465 11.933494999999999
1432 1466 0.259267
1466 1467 0.9378859999999999
1467 1468 10.910869
1467 1469 11.166640999999998
1466 1470 11.15816
1431 1471 0.319685
1471 1472 0.337777
1472 1473 11.343529
1472 1474 10.924603
1471 1475 10.796588
1430 1476 0.17219399999999999
1476 1477 0.268687
1477 1478 10.875249
1477 1479 10.885875
1476 1480 0.272401
1480 1481 0.345963
1481 1482 11.077853
1481 1483 10.809628
1480 1484 0.352316
1484 1485 11.018786
1484 1486 10.427593
1429 1487 0.134837
1487 1488 0.059294999999999994
1488 1489 0.155759
1489 1490 0.158461
1490 1491 12.171783999999999
1490 1492 0.147786
1492 1493 0.80093
1493 1494 9.323080000000001
1493 1495 1.083375
1495 1496 4.640759
1496 1497 5.457325
1496 1498 5.02449
1495 1499 8.208195
1492 1500 11.504370999999999
1489 1501 0.19498600000000002
1501 1502 10.035308
1501 1503 0.18856
1503 1504 11.360621
1503 1505 10.337424
1488 1506 0.20082199999999997
1506 1507 10.576946
1506 1508 10.618807
1487 1509 0.406398
1509 1510 0.23062500000000002
1510 1511 2.5131259999999997
1511 1512 9.734060999999999
1511 1513 8.295398
1510 1514 9.549289
1509 1515 10.844059999999999
1428 1516 1.2696850000000002
1516 1517 2.484445
1517 1518 2.0238389999999997
1518 1519 2.417452
1519 1520 0.861692
1520 1521 2.029049
1520 1522 1.2774249999999998
1522 1523 0.700437
1523 1524 0.523927
1524 1525 0.065902
1524 1526 0.104529
1523 1527 0.753349
1527 1528 0.17266700000000001
1527 1529 0.168778
1522 1530 0.277607
1530 1531 0.636254
1531 1532 1.26517
1531 1533 1.309151
1530 1534 5.118458
1534 1535 0.300094
1535 1536 0.189835
1536 1537 1.0903370000000001
1537 1538 0.085216
1537 1539 0.085215
1536 1540 0.643491
1535 1541 0.678773
1541 1542 0.069369
1541 1543 0.101062
1534 1544 1.2876210000000001
1519 1545 2.562153
1518 1546 4.338169
1517 1547 6.967081
1516 1548 0.5108820000000001
1548 1549 10.285665
1548 1550 9.917864
1427 1551 0.605402
1551 1552 10.405685
1551 1553 1.280806
1553 1554 9.660354
1553 1555 3.4134780000000005
1555 1556 4.568966
1555 1557 5.344436
1426 1558 0.11826600000000001
1558 1559 9.935046
1558 1560 0.13886199999999999
1560 1561 0.14461000000000002
1561 1562 10.077631
1561 1563 10.557986
1560 1564 9.465357000000001
261 1565 0.052897999999999994
1565 1566 0.194903
1566 1567 0.25953
1567 1568 0.19322499999999998
1568 1569 0.072189
1569 1570 0.174291
1570 1571 5.394858
1571 1572 1.432397
1572 1573 2.919358
1572 1574 4.14006
1571 1575 4.885354
1570 1576 0.208041
1576 1577 8.726099
1576 1578 2.00336
1578 1579 8.178423
1578 1580 6.958996000000001
1569 1581 0.343059
1581 1582 0.239483
1582 1583 8.037348
1582 1584 8.239678999999999
1581 1585 0.430469
1585 1586 9.023731999999999
1585 1587 8.533256999999999
1568 1588 8.942239
1567 1589 0.243954
1589 1590 0.069987
1590 1591 0.254112
1591 1592 0.109578
1592 1593 0.156773
1593 1594 6.856333
1593 1595 8.337534
1592 1596 6.661852
1591 1597 6.929015
1590 1598 0.121363
1598 1599 7.686318
1598 1600 7.169688000000001
1589 1601 7.574047
1566 1602 0.157884
1602 1603 0.180462
1603 1604 8.123218
1603 1605 8.269013
1602 1606 1.572369
1606 1607 10.644554000000001
1606 1608 6.502123
1565 1609 0.041438
1609 1610 0.182112
1610 1611 0.36393200000000003
1611 1612 7.859627
1611 1613 0.164851
1613 1614 0.72015
1614 1615 8.328624
1614 1616 7.776023
1613 1617 1.2171349999999999
1617 1618 0.7158549999999999
1618 1619 7.533372000000001
1618 1620 1.3735870000000001
1620 1621 5.543659
1620 1622 6.8940909999999995
1617 1623 0.354715
1623 1624 6.870088000000001
1623 1625 6.708973
1610 1626 0.083285
1626 1627 9.736975000000001
1626 1628 7.996745
1609 1629 0.135561
1629 1630 0.089839
1630 1631 0.302533
1631 1632 0.10951400000000001
1632 1633 9.341462
1632 1634 0.168526
1634 1635 0.10780500000000001
1635 1636 0.10926200000000001
1636 1637 0.192749
1637 1638 9.11722
1637 1639 9.030952000000001
1636 1640 9.478506000000001
1635 1641 0.323576
1641 1642 8.189059
1641 1643 0.207813
1643 1644 8.913664
1643 1645 8.820057
1634 1646 9.939271
1631 1647 0.110431
1647 1648 9.088064
1647 1649 9.477492
1630 1650 0.158561
1650 1651 0.141076
1651 1652 8.032009
1651 1653 8.591321
1650 1654 8.811606
1629 1655 0.12464399999999999
1655 1656 0.19620800000000002
1656 1657 9.023572
1656 1658 8.123105
1655 1659 8.261851
248 1660 0.277898
1660 1661 0.019202
1661 1662 0.23982299999999998
1662 1663 0.151465
1663 1664 7.175603999999999
1663 1665 0.157718
1665 1666 8.029139
1665 1667 9.234477
1662 1668 0.9297700000000001
1668 1669 10.85957
1668 1670 17.418239999999997
1661 1671 8.226119
1660 1672 0.418498
1672 1673 8.526259999999999
1672 1674 8.097069
247 1675 0.196357
1675 1676 0.156532
1676 1677 0.46466399999999997
1677 1678 0.852386
1678 1679 8.227031
1678 1680 9.861754000000001
1677 1681 0.787512
1681 1682 8.068168
1681 1683 7.86461
1676 1684 0.30477899999999997
1684 1685 9.925967
1684 1686 0.108519
1686 1687 9.34376
1686 1688 1.793501
1688 1689 8.345823
1688 1690 7.244743
1675 1691 0.359261
1691 1692 0.216753
1692 1693 2.045011
1693 1694 2.197431
1694 1695 5.402703
1694 1696 4.871736
1693 1697 2.566255
1697 1698 7.490473000000001
1697 1699 3.147387
1692 1700 8.680449
1691 1701 1.909729
1701 1702 7.974575000000001
1701 1703 8.244935
234 1704 0.11875
1704 1705 8.803958000000002
1704 1706 1.13946
1706 1707 7.101762000000001
1706 1708 8.545698999999999
207 1709 0.207067
1709 1710 0.166055
1710 1711 0.084978
1711 1712 1.089782
1712 1713 8.970884
1712 1714 7.363717
1711 1715 0.13608299999999998
1715 1716 0.236471
1716 1717 2.474956
1717 1718 5.121837
1717 1719 2.181881
1719 1720 3.133323
1719 1721 2.911709
1716 1722 2.9875
1722 1723 4.899975
1722 1724 1.815016
1724 1725 3.373927
1724 1726 3.53939
1715 1727 3.095906
1727 1728 5.559610999999999
1727 1729 5.86515
1710 1730 0.050057
1730 1731 0.135312
1731 1732 0.081335
1732 1733 0.172259
1733 1734 0.095217
1734 1735 0.19984400000000002
1735 1736 5.4692419999999995
1736 1737 2.454655
1736 1738 2.595074
1735 1739 0.22153699999999998
1739 1740 7.642139
1739 1741 8.865526
1734 1742 0.169572
1742 1743 0.303277
1743 1744 8.789838
1743 1745 3.5261620000000002
1745 1746 6.522013
1745 1747 7.002173000000001
1742 1748 2.002454
1748 1749 6.60788
1748 1750 5.909946
1750 1751 0.9038769999999999
1750 1752 0.563586
1733 1753 0.10528799999999999
1753 1754 0.351721
1754 1755 8.727615
1754 1756 1.543393
1756 1757 7.2690909999999995
1756 1758 8.321475
1753 1759 0.433873
1759 1760 0.470762
1760 1761 0.28534099999999996
1761 1762 8.507879
1761 1763 8.405619
1760 1764 7.823408
1759 1765 0.11202600000000001
1765 1766 8.158732
1765 1767 1.6652719999999999
1767 1768 3.7752149999999998
1768 1769 1.8835210000000002
1768 1770 2.235553
1767 1771 2.4599539999999998
1771 1772 3.09104
1771 1773 0.840001
1773 1774 1.5148119999999998
1774 1775 0.475305
1774 1776 0.5126890000000001
1773 1777 1.51423
1732 1778 0.11227
1778 1779 0.137993
1779 1780 0.171634
1780 1781 0.17155199999999998
1781 1782 3.724781
1782 1783 6.0246260000000005
1782 1784 2.82544
1784 1785 1.940106
1784 1786 2.3175109999999997
1781 1787 9.926597
1780 1788 5.264039
1788 1789 4.679879
1788 1790 5.4911639999999995
1779 1791 0.133916
1791 1792 4.734949
1792 1793 1.062218
1793 1794 3.711781
1793 1795 1.5574910000000002
1795 1796 1.799864
1795 1797 2.7359519999999997
1792 1798 1.312261
1798 1799 2.8497470000000003
1798 1800 4.405096
1791 1801 1.760657
1801 1802 8.58721
1801 1803 8.559466
1778 1804 0.11626600000000001
1804 1805 3.7832879999999998
1805 1806 0.892932
1806 1807 1.838846
1807 1808 2.50522
1807 1809 3.6355899999999997
1806 1810 1.223292
1810 1811 0.7529710000000001
1811 1812 1.17916
1812 1813 2.606957
1812 1814 1.8359609999999997
1811 1815 3.1526159999999996
1810 1816 4.916468
1805 1817 0.8180649999999999
1817 1818 2.203405
1818 1819 1.78356
1819 1820 0.809912
1820 1821 1.704841
1821 1822 0.604616
1821 1823 0.29669
1820 1824 0.33456800000000003
1824 1825 0.379387
1824 1826 0.305849
1819 1827 1.556069
1827 1828 0.14191600000000001
1828 1829 0.13192099999999998
1829 1830 0.304817
1829 1831 0.060017999999999995
1831 1832 0.11534799999999999
1831 1833 0.526784
1828 1834 0.147071
1834 1835 0.209144
1835 1836 0.307063
1835 1837 0.24897500000000003
1834 1838 0.50085
1827 1839 0.6638729999999999
1818 1840 2.064658
1817 1841 1.894809
1841 1842 3.201759
1841 1843 2.604586
1804 1844 1.575396
1844 1845 7.9361
1844 1846 4.2631179999999995
1846 1847 3.62409
1846 1848 3.7287349999999995
1731 1849 0.21732100000000001
1849 1850 3.0885800000000003
1850 1851 5.590798
1850 1852 7.1166030000000005
1849 1853 1.556946
1853 1854 6.781505999999999
1853 1855 8.0745
1730 1856 0.10599800000000001
1856 1857 0.863694
1857 1858 8.088664
1857 1859 8.534665
1856 1860 0.294829
1860 1861 8.530192
1860 1862 8.267065
1709 1863 0.10919899999999999
1863 1864 1.100612
1864 1865 7.686211
1864 1866 6.945655
1863 1867 7.3200840000000005
206 1868 0.184318
1868 1869 0.42987700000000006
1869 1870 0.7002010000000001
1870 1871 3.379288
1871 1872 3.2833010000000002
1871 1873 3.7761169999999997
1870 1874 7.612107999999999
1869 1875 8.389283
1868 1876 0.143475
1876 1877 7.9121559999999995
1876 1878 0.222459
1878 1879 6.7209389999999996
1878 1880 7.687662
205 1881 0.154541
1881 1882 6.779944
1881 1883 0.296122
1883 1884 0.347322
1884 1885 5.87323
1884 1886 6.56452
1883 1887 6.3322009999999995
184 1888 7.066546
183 1889 6.614809000000001
182 1890 0.21857500000000002
1890 1891 1.216885
1891 1892 5.958533
1891 1893 5.255293
1890 1894 1.384752
1894 1895 5.521255
1894 1896 5.220881
181 1897 5.7178569999999995
180 1898 0.181702
1898 1899 0.06745899999999999
1899 1900 0.10441700000000001
1900 1901 5.128927
1900 1902 4.835907
1899 1903 0.309784
1903 1904 5.184024
1903 1905 4.472941
1898 1906 5.83728
163 1907 0.47235000000000005
1907 1908 5.1718090000000005
1907 1909 5.258089
8 1910 0.15929
1910 1911 0.041486
1911 1912 5.040275
1911 1913 0.336742
1913 1914 4.766914
1913 1915 6.394304000000001
1910 1916 5.199636
7 1917 1.068027
1917 1918 5.130898999999999
1917 1919 2.750373
1919 1920 2.8976539999999997
1919 1921 3.243156
6 1922 0.12048199999999999
1922 1923 0.228991
1923 1924 7.218017000000001
1923 1925 1.292641
1925 1926 2.048908
1926 1927 0.972736
1927 1928 2.603442
1927 1929 2.072031
1926 1930 3.655851
1925 1931 0.498818
1931 1932 0.759431
1932 1933 1.1535760000000002
1933 1934 1.9645050000000002
1934 1935 0.08412
1934 1936 0.086311
1933 1937 3.188144
1932 1938 3.950623
1931 1939 0.9911369999999999
1939 1940 0.384326
1940 1941 0.597625
1941 1942 0.464059
1942 1943 0.11351200000000002
1943 1944 1.5814160000000002
1944 1945 0.007365
1944 1946 0.035188
1943 1947 1.8064170000000002
1942 1948 1.252326
1948 1949 0.030185999999999998
1948 1950 0.012367
1941 1951 2.1747840000000003
1940 1952 0.323996
1952 1953 0.8397160000000001
1953 1954 0.64983
1954 1955 1.7151280000000002
1954 1956 1.038541
1956 1957 1
1956 1958 1
1953 1959 2.979686
1952 1960 1.393105
1960 1961 0.8677219999999999
1960 1962 0.819194
1939 1963 0.413485
1963 1964 0.061796
1964 1965 0.244559
1965 1966 3.073003
1965 1967 0.278458
1967 1968 2.025962
1967 1969 2.7428250000000003
1964 1970 0.299919
1970 1971 0.926431
1971 1972 2.209829
1972 1973 1
1972 1974 1
1971 1975 0.904427
1970 1976 1.924861
1963 1977 1.547812
1977 1978 2.650681
1977 1979 0.718641
1979 1980 2.4135340000000003
1979 1981 1.164612
1981 1982 2.81507
1981 1983 3.4697310000000003
1922 1984 0.186941
1984 1985 2.787937
1985 1986 3.973757
1986 1987 0.189502
1986 1988 0.194788
1985 1989 4.226658
1984 1990 1.3002500000000001
1990 1991 6.046682
1990 1992 0.457783
1992 1993 5.476234
1992 1994 5.21374
1 1995 0.49146499999999993
1995 1996 27.813139
1995 1997 3.6970629999999995
1 1998 5.091857
