1 2 44.31543
2 3 6.879594
3 4 0.578155
4 5 0.580282
5 6 7.308415
6 7 36.776585
7 8 946.6690930000001
7 9 964.2360269999999
6 10 8.843095
10 11 39.175701000000004
11 12 138.243429
12 13 861.77989
12 14 673.031809
11 15 486.288071
15 16 407.777529
15 17 541.271868
10 18 622.3525040000001
18 19 350.842848
18 20 40.750657000000004
20 21 214.992
21 22 1
21 23 249.97672
23 24 134.294926
24 25 98.970242
24 26 17.104585
26 27 12.873645
26 28 5.899164
28 29 193.663989
29 30 155.79428900000002
29 31 75.06728299999999
28 32 70.883009
32 33 26.070573000000003
32 34 15.201747
23 35 1
20 36 330.675378
5 37 5.081823
37 38 8.218651000000001
38 39 992.6431729999999
38 40 122.96667500000001
40 41 800.566154
41 42 91.790874
41 43 53.229236
40 44 442.896143
44 45 160.709419
45 46 150.18843099999998
46 47 13.163111999999998
47 48 86.753168
47 49 121.230296
46 50 170.851848
45 51 354.580683
44 52 317.468286
37 53 85.56400199999999
53 54 546.815697
54 55 275.28618800000004
54 56 313.721373
56 57 422.312114
56 58 1
53 59 87.313761
59 60 70.027613
60 61 442.014349
61 62 163.009931
61 63 276.27756
63 64 30.499135
63 65 159.45721699999999
60 66 76.705052
66 67 230.61896499999997
67 68 196.229377
67 69 577.4671109999999
69 70 199.229914
69 71 350.75476299999997
66 72 333.318256
72 73 405.18142599999993
72 74 231.259619
59 75 72.075965
75 76 616.858588
76 77 1
76 78 107.799248
78 79 1
78 80 155.799752
75 81 86.00212
81 82 881.003325
81 83 258.560215
83 84 331.650822
83 85 206.00074
4 86 0.056954
86 87 1.7899120000000002
87 88 2.347428
88 89 997.659011
88 90 2.722204
90 91 39.612370000000006
91 92 956.1055789999999
91 93 432.71824399999997
93 94 471.36116899999996
94 95 1
94 96 39.615013999999995
93 97 370.786491
97 98 172.583202
98 99 107.445135
98 100 585.460264
97 101 1
90 102 6.229809
102 103 10.285265
103 104 47.136546
104 105 63.80070799999999
105 106 296.5671
106 107 104.908983
106 108 153.895648
105 109 936.197878
104 110 952.863213
103 111 989.7567
102 112 993.764678
87 113 164.026987
113 114 833.5146419999999
113 115 442.047184
115 116 213.211882
116 117 1
116 118 33.83879
118 119 34.171221
118 120 26.669885999999998
115 121 557.686043
86 122 0.16839500000000002
122 123 0.13234500000000002
123 124 0.084789
124 125 999.9992179999999
124 126 0.0007819999999999999
126 127 999.9993780000001
126 128 1000.0006219999999
123 129 0.02632
129 130 0.42023800000000006
130 131 0.670493
131 132 8.691846
132 133 12.63264
133 134 32.635159
134 135 967.3569269999999
134 136 107.572256
136 137 231.668094
137 138 733.034348
137 139 157.958544
136 140 892.382686
133 141 987.375105
132 142 991.3212189999999
131 143 2.2757110000000003
143 144 4.140283
144 145 7.044782
145 146 600.594295
146 147 408.33939
146 148 376.405495
145 149 32.775904
149 150 78.809462
150 151 675.503192
151 152 25.103980999999997
151 153 135.987561
150 154 921.190966
149 155 967.2214759999999
144 156 781.456853
156 157 221.09819499999998
156 158 210.179106
143 159 380.48045
159 160 464.47159100000005
160 161 57.184437
160 162 235.969074
159 163 619.573002
130 164 999.5641320000001
129 165 0.043586
165 166 0.06636399999999999
166 167 0.12271300000000002
167 168 0.888627
168 169 1.708823
169 170 11.962034000000001
170 171 211.87410899999998
171 172 762.1806750000001
171 173 438.261378
173 174 576.450491
173 175 130.231719
170 176 98.842268
176 177 901.2060119999999
176 178 399.735748
178 179 331.369314
178 180 599.261883
169 181 23.336107000000002
181 182 41.529973999999996
182 183 517.83405
183 184 101.413291
184 185 300.54672
184 186 73.39400499999999
183 187 108.24160499999999
187 188 307.670675
187 189 445.976769
182 190 951.756479
181 191 977.158277
168 192 12.090057999999999
192 193 15.100915
193 194 817.6907030000001
194 195 166.343055
194 196 132.39256500000002
193 197 64.314703
197 198 110.90541599999999
198 199 453.91818500000005
199 200 360.010825
199 201 258.145473
198 202 204.764428
202 203 97.876325
203 204 484.97178099999996
203 205 41.092793
202 206 488.171755
206 207 552.5664390000001
207 208 112.792166
207 209 1
206 210 27.913265999999997
197 211 95.427973
211 212 876.579875
211 213 380.61875
213 214 284.15908
213 215 570.5830169999999
192 216 119.20667599999999
216 217 64.484902
217 218 708.223648
218 219 99.874883
218 220 7.505472
217 221 250.996848
221 222 366.174008
221 223 705.411095
223 224 122.700593
223 225 54.08782
216 226 400.482167
226 227 245.944651
227 228 33.144903
228 229 1
228 230 682.676914
230 231 6.385161
230 232 5.3548659999999995
227 233 52.938398
226 234 87.376724
234 235 123.260823
235 236 236.182254
235 237 192.023603
237 238 92.471017
238 239 194.623204
238 240 261.04343
237 241 1
234 242 248.17288
242 243 1
242 244 268.264184
244 245 1
244 246 523.6175549999999
167 247 0.591403
247 248 70.873584
248 249 785.36717
249 250 183.220798
249 251 105.55693799999999
248 252 246.438001
252 253 409.58597699999996
253 254 154.37353000000002
253 255 147.476317
255 256 55.170955
256 257 28.712291
256 258 1
255 259 116.41933399999999
259 260 30.414891
260 261 28.523383000000003
260 262 5.735106
259 263 1
252 264 752.152846
247 265 1.295729
265 266 2.900579
266 267 4.45704
267 268 9.232431
268 269 990.7593860000001
268 270 20.606276
270 271 22.114363
271 272 39.664143
272 273 49.628905
273 274 950.3721390000001
273 275 1
272 276 960.333223
271 277 977.885878
270 278 979.3965760000001
267 279 995.5443580000001
266 280 789.733102
280 281 205.46215999999998
280 282 209.294364
265 283 318.278104
283 284 683.4429789999999
283 285 677.382247
166 286 0.052238999999999994
286 287 0.423004
287 288 0.9715039999999999
288 289 1.404822
289 290 1.7252070000000002
290 291 8.800519
291 292 14.982379000000002
292 293 57.459615
293 294 126.44360999999999
294 295 208.45840500000003
295 296 500.833266
295 297 1
294 298 730.36862
298 299 48.763454
299 300 84.525136
300 301 40.979338
301 302 207.632362
302 303 92.052437
303 304 1
303 305 197.22887
302 306 1
301 307 1
300 308 16.954553999999998
299 309 140.756901
298 310 28.558953
310 311 5.2704439999999995
310 312 51.82263700000001
312 313 1
312 314 87.744887
293 315 942.544176
292 316 985.011556
291 317 894.271805
317 318 66.781477
318 319 22.346449
318 320 54.261886000000004
317 321 88.743291
290 322 998.3218069999999
289 323 11.307055
323 324 170.44519
324 325 200.400997
325 326 228.309353
326 327 127.395665
327 328 141.185296
328 329 112.720683
329 330 314.08468799999997
329 331 18.378453999999998
331 332 201.589494
331 333 204.152813
328 334 419.63192100000003
327 335 92.24364800000001
335 336 44.858436000000005
336 337 89.153414
336 338 153.420715
335 339 22.440852
326 340 386.053551
325 341 545.2227439999999
324 342 832.891701
323 343 337.565089
343 344 402.50022
344 345 443.800681
345 346 106.537013
345 347 134.904782
344 348 1
343 349 512.921763
349 350 50.281635
350 351 85.527894
351 352 5.0968800000000005
351 353 9.668286
350 354 197.111895
349 355 21.992044
355 356 64.037793
355 357 35.165028
288 358 973.0789420000001
358 359 24.796543
359 360 0.277335
359 361 0.98133
358 362 25.464016
362 363 0.838715
362 364 1.369979
287 365 845.093874
365 366 153.79145499999998
365 367 154.8175
286 368 0.096154
368 369 0.181549
369 370 1.340205
370 371 2.880868
371 372 84.222041
372 373 918.259943
372 374 908.069103
371 375 5.820764
375 376 994.199142
375 377 13.085127
377 378 15.928234
378 379 984.0771950000001
378 380 41.286536
380 381 70.081298
381 382 345.218829
382 383 654.780527
382 384 1
381 385 929.9223890000001
380 386 958.709593
377 387 986.897263
370 388 998.262892
369 389 1.7143970000000002
389 390 2.1660619999999997
390 391 4.392238
391 392 5.020925
392 393 5.902661
393 394 8.700852000000001
394 395 27.302960999999996
395 396 32.992378
396 397 113.000266
396 398 967.00743
395 399 972.717103
394 400 217.57175
400 401 694.335701
401 402 79.071857
401 403 42.019175
400 404 445.33305099999995
404 405 228.48912399999998
404 406 465.89652600000005
393 407 994.0650919999999
392 408 994.978818
391 409 995.6953759999999
390 410 775.763491
410 411 222.102217
410 412 222.156089
389 413 998.097104
368 414 1.883137
414 415 2.7036979999999997
415 416 690.266159
416 417 312.071327
416 418 302.254768
415 419 3.3731459999999998
419 420 4.394631
420 421 44.332076
421 422 144.867813
422 423 164.497816
423 424 46.927501
423 425 835.498946
422 426 855.126175
421 427 955.6887270000001
420 428 879.4846709999999
428 429 93.799189
428 430 138.36874
419 431 504.914156
431 432 502.360193
431 433 481.061795
414 434 584.5084879999999
434 435 415.470469
434 436 411.605792
165 437 0.06250599999999999
437 438 0.032417
438 439 0.026289
439 440 0.10146300000000001
440 441 0.145836
441 442 0.040616
442 443 2.877221
443 444 196.804789
444 445 797.222035
444 446 804.073582
443 447 4.09676
447 448 25.609661
448 449 58.576077000000005
449 450 231.528612
450 451 767.676023
450 452 129.93197
452 453 58.87883000000001
452 454 582.981084
449 455 941.3731399999999
448 456 974.4581489999999
447 457 995.7514180000001
442 458 0.675111
458 459 1.426093
459 460 49.158931
460 461 84.17317600000001
461 462 212.162309
462 463 399.089148
462 464 788.042115
461 465 915.3788920000001
460 466 951.5252240000001
459 467 655.9217259999999
467 468 270.32007400000003
468 469 87.529976
468 470 60.346013
467 471 228.63879699999998
471 472 11.288242
471 473 209.00427200000001
458 474 1.287034
474 475 4.592163
475 476 34.845330000000004
476 477 952.5325929999999
476 478 647.850554
478 479 277.226637
478 480 358.747762
475 481 9.421364
481 482 45.338048
482 483 64.36435499999999
483 484 935.6333060000001
483 485 307.734983
485 486 692.254247
485 487 156.42875899999999
482 488 954.671894
481 489 991.404022
474 490 1.9842019999999998
490 491 309.977356
491 492 668.336601
492 493 1
492 494 27.393833
491 495 691.14924
490 496 2.596417
496 497 4.663342999999999
497 498 7.491217
498 499 108.695768
499 500 891.315241
499 501 222.935507
501 502 326.721131
501 503 777.065225
498 504 58.527702999999995
504 505 901.0847869999999
504 506 966.8267549999999
497 507 995.349029
496 508 998.7979989999999
441 509 0.20774
509 510 0.871673
510 511 582.576242
511 512 314.367843
512 513 170.151859
512 514 31.474594
511 515 418.552055
510 516 2.480186
516 517 11.077671
517 518 60.541966
518 519 100.279557
519 520 133.483788
520 521 876.797876
520 522 384.05284700000004
519 523 886.960243
518 524 930.789389
517 525 21.650695
525 526 63.51236
526 527 936.480169
526 528 351.85868899999997
528 529 234.92140899999998
528 530 648.074661
525 531 978.211368
516 532 886.9012919999999
532 533 105.401219
532 534 115.20593400000001
509 535 1.670344
535 536 2.5095989999999997
536 537 4.617213
537 538 19.639322
538 539 109.81668
539 540 890.8436569999999
539 541 168.497227
541 542 415.517972
541 543 831.525511
538 544 209.68222
544 545 804.0431420000001
544 546 735.223271
537 547 367.878771
547 548 637.785217
547 549 529.581137
549 550 1
549 551 198.826965
536 552 20.846682
552 553 110.02932700000001
553 554 883.6413110000001
553 555 194.514503
555 556 754.577317
555 557 519.9436870000001
552 558 979.940228
535 559 0.586689
559 560 4.248509
560 561 16.931838
561 562 325.045531
562 563 623.716583
563 564 107.83201700000001
563 565 1
562 566 670.747331
561 567 23.415805
567 568 79.781666
568 569 159.987171
569 570 369.825344
569 571 835.476285
568 572 918.828465
567 573 21.483476000000003
573 574 64.264007
574 575 637.3471109999999
575 576 337.079986
575 577 36.457136
574 578 964.659707
573 579 948.3675699999999
560 580 4.275919
580 581 67.092862
581 582 132.507869
582 583 871.196737
582 584 682.9073980000001
581 585 931.8014350000001
580 586 77.87277999999999
586 587 295.20309
587 588 707.297248
587 589 483.570101
586 590 919.7066420000001
559 591 4.5603110000000004
591 592 6.269954
592 593 7.142078000000001
593 594 992.8851970000001
593 595 18.659022
595 596 32.702798
596 597 73.128032
597 598 215.758911
598 599 718.553668
598 600 703.434565
597 601 76.26026999999999
601 602 1
601 603 43.411859
603 604 12.324052
604 605 5.273958
605 606 1
605 607 2.5035089999999998
607 608 1.216051
608 609 0.9323359999999999
609 610 0.40311899999999995
610 611 1.949832
610 612 0.618982
612 613 1.261953
612 614 1.7207670000000002
614 615 4.683798
615 616 1.1595
615 617 5.541489
617 618 1
617 619 619.847662
619 620 1
619 621 23.74374
621 622 0.35951
621 623 3.3889799999999997
623 624 0.651934
624 625 3.4181709999999996
625 626 1.179125
626 627 2.070426
626 628 2.482506
625 629 1.161685
624 630 1.794248
630 631 8.311102
631 632 99.354783
632 633 31.458974
632 634 1
631 635 1
630 636 7.39346
636 637 1.17018
636 638 6.102575
623 639 5.204712000000001
639 640 4.517318
639 641 2.19613
614 642 1
609 643 0.45769699999999996
643 644 0.350155
644 645 0.6906899999999999
645 646 0.363727
646 647 1.077942
647 648 1.648262
647 649 1.4426539999999999
649 650 0.308352
650 651 1.489158
650 652 0.936194
649 653 0.589453
646 654 1.6195410000000001
645 655 0.49996199999999996
655 656 2.756947
655 657 0.749559
657 658 2.799619
657 659 1.879652
644 660 0.677729
660 661 2.170519
660 662 2.548701
643 663 0.697693
663 664 1.203517
664 665 1.8817609999999998
664 666 0.552736
666 667 0.578827
666 668 0.282955
663 669 1.443942
669 670 2.188972
670 671 2.7682729999999998
671 672 5.396507
671 673 5.643112
673 674 12.696925
673 675 1.061546
675 676 5.036926
675 677 1.191993
677 678 0.41847999999999996
678 679 0.327321
679 680 0.286091
680 681 0.20940099999999998
681 682 3.3935479999999996
681 683 0.573534
683 684 1.9941460000000002
683 685 1.577777
680 686 0.303618
686 687 0.70641
687 688 2.7544530000000003
687 689 0.44166099999999997
686 690 1.671647
679 691 0.383017
691 692 0.917056
692 693 1.352071
692 694 1.031198
691 695 1.02166
678 696 1.2127539999999999
677 697 0.8643100000000001
697 698 2.1232480000000002
697 699 1.527844
670 700 8.748305
700 701 4.883744999999999
701 702 0.171709
701 703 2.682047
700 704 0.9293579999999999
704 705 0.987531
705 706 0.563563
706 707 0.549524
707 708 2.383029
707 709 1.500504
706 710 0.667082
710 711 2.287033
710 712 0.628971
705 713 5.32647
704 714 0.902729
714 715 1.0351489999999999
715 716 1.005717
716 717 0.5183110000000001
717 718 1.6820640000000002
717 719 0.641795
719 720 0.562838
719 721 0.905694
716 722 0.662884
722 723 1.706108
722 724 0.980133
715 725 3.08494
725 726 0.669915
725 727 1.15212
727 728 1.134516
728 729 1.406195
729 730 5.670982
730 731 9.169567
731 732 480.766299
732 733 136.887143
732 734 286.575426
731 735 1
730 736 1
729 737 1
728 738 1
727 739 1
714 740 1.915532
740 741 0.985122
740 742 1.066958
742 743 1.524721
742 744 1.1598330000000001
669 745 0.5503830000000001
745 746 0.319836
746 747 1.243319
747 748 0.312643
748 749 0.5644330000000001
749 750 2.245192
749 751 1.436353
748 752 0.44539100000000004
747 753 0.323974
753 754 2.929425
753 755 1.489585
746 756 1.308537
745 757 0.841289
757 758 0.381584
758 759 1.69465
758 760 0.041845
757 761 1.084854
608 762 1.3655570000000001
607 763 0.948628
763 764 0.480878
763 765 1.8671360000000001
604 766 1
603 767 1
596 768 967.299587
595 769 981.3360640000001
592 770 38.552146
770 771 78.138454
771 772 919.771935
771 773 831.9935129999999
770 774 959.12612
591 775 14.850696999999998
775 776 977.759344
775 777 52.798981
777 778 136.827236
778 779 272.863929
779 780 769.345997
779 781 330.72911700000003
778 782 800.9032709999999
777 783 494.239723
783 784 505.33008300000006
783 785 118.01047200000001
785 786 335.329749
785 787 66.05144899999999
440 788 0.057687
788 789 0.41858700000000004
789 790 4.340566
790 791 7.909697
791 792 12.861086
792 793 75.627325
793 794 164.43319599999998
794 795 835.6312230000001
794 796 251.52135699999997
796 797 333.893618
796 798 93.071253
793 799 924.2401320000001
792 800 987.331163
791 801 992.116663
790 802 36.631809
802 803 67.605319
803 804 212.92982399999997
804 805 565.784218
804 806 704.5061
803 807 934.6767339999999
802 808 164.678101
808 809 730.7762839999999
809 810 1
809 811 88.174984
811 812 1
811 813 206.139698
808 814 776.878566
789 815 0.297007
815 816 0.728702
816 817 2.475411
817 818 401.370235
818 819 591.135814
818 820 272.951954
820 821 102.97514299999999
821 822 7.9199649999999995
821 823 1
820 824 548.6027799999999
817 825 3.698151
825 826 5.538389
826 827 658.22135
827 828 354.640881
827 829 318.067094
826 830 17.841123
830 831 39.169135
831 832 84.792808
832 833 915.143357
832 834 133.327403
834 835 41.61206
834 836 278.07635400000004
836 837 12.878979
836 838 101.95643000000001
838 839 252.48297200000002
839 840 82.70638
840 841 44.800634
840 842 255.00054
842 843 84.922987
842 844 353.741447
839 845 285.47934000000004
845 846 1
845 847 4.89235
838 848 499.41549299999997
831 849 664.956555
849 850 223.055603
850 851 203.17241099999998
850 852 1
849 853 278.363288
830 854 982.203292
825 855 996.4344150000001
816 856 1.5191400000000002
856 857 4.6564380000000005
857 858 5.3967920000000005
858 859 994.008116
858 860 10.167616
860 861 13.986673999999999
861 862 537.4774249999999
862 863 411.323158
863 864 188.853322
863 865 1
862 866 446.225309
861 867 26.745592000000002
867 868 37.101374
868 869 232.234247
869 870 767.723624
869 871 1
868 872 962.8974890000001
867 873 973.252545
860 874 990.0010619999999
857 875 995.839366
856 876 998.052557
815 877 23.799005
877 878 41.272697
878 879 957.661056
878 880 146.648965
880 881 853.684539
880 882 672.733781
877 883 745.367467
883 884 63.197715
884 885 120.84874400000001
885 886 108.298635
885 887 49.763964
884 888 137.890523
883 889 229.775207
788 890 0.195031
890 891 1.6253879999999998
891 892 997.568517
891 893 4.7425429999999995
893 894 31.413565
894 895 179.369913
895 896 102.255604
896 897 548.2873129999999
897 898 156.346926
897 899 148.79266
896 900 344.968685
900 901 230.056491
900 902 264.797169
895 903 308.003785
903 904 613.818168
904 905 301.19867
904 906 1
903 907 322.605658
894 908 962.7882400000001
893 909 1.659934
909 910 41.849896
910 911 82.302642
911 912 917.6599339999999
911 913 101.11960200000001
913 914 436.679396
913 915 160.549788
915 916 633.685948
915 917 280.593868
917 918 244.66362300000003
917 919 850.148586
910 920 226.464046
920 921 655.6139380000001
921 922 79.47604
921 923 1
920 924 269.447713
924 925 401.24919700000004
924 926 643.326538
909 927 575.9229740000001
927 928 382.18068600000004
928 929 1
928 930 26.139059999999997
930 931 18.045444999999997
930 932 42.777472
927 933 431.29063500000007
890 934 1.549087
934 935 1.658831
935 936 2.703919
936 937 997.311171
936 938 3.8525080000000003
938 939 4.579617
939 940 13.21374
940 941 14.018457000000001
941 942 17.99968
942 943 65.77897700000001
943 944 1
943 945 934.2349820000001
942 946 846.7930470000001
946 947 139.172904
946 948 131.185782
941 949 985.9799790000001
940 950 986.787734
939 951 764.9571159999999
951 952 226.14778900000002
951 953 234.77663199999998
938 954 996.1365410000001
935 955 888.220681
955 956 109.653798
955 957 110.697311
934 958 66.133394
958 959 684.028295
959 960 181.248093
959 961 297.17103699999996
961 962 145.916583
961 963 1
958 964 932.298433
439 965 0.1367
965 966 0.9524309999999999
966 967 4.409963
967 968 4.712663
968 969 995.271432
968 970 14.551454999999999
970 971 26.94629
971 972 33.918256
972 973 966.086997
972 974 126.147867
974 975 283.57315700000004
974 976 873.8502589999999
971 977 973.0485189999999
970 978 985.449185
967 979 996.139296
966 980 5.413185
980 981 41.234173
981 982 941.504103
981 983 225.30385700000002
983 984 783.477395
983 985 684.103681
980 986 19.134597
986 987 101.30709499999999
987 988 279.207085
988 989 558.6311450000001
988 990 549.413672
987 991 898.5548590000001
986 992 982.4175690000001
965 993 0.3137
993 994 1.790222
994 995 998.4675259999999
994 996 5.56704
996 997 5.726624999999999
997 998 12.556448000000001
998 999 12.767746999999998
999 1000 106.15071300000001
1000 1001 893.8090960000001
1000 1002 121.32670800000001
1002 1003 878.702687
1002 1004 24.500973000000002
999 1005 987.274903
998 1006 987.283774
997 1007 593.911543
1007 1008 418.586609
1007 1009 382.14019
996 1010 994.396789
993 1011 1.801295
1011 1012 6.360983000000001
1012 1013 13.377816000000001
1013 1014 987.161896
1013 1015 49.67275
1015 1016 88.665384
1016 1017 517.5267640000001
1017 1018 184.101335
1018 1019 274.515732
1018 1020 281.46762
1017 1021 1
1016 1022 911.447478
1015 1023 950.0878280000001
1012 1024 776.758161
1024 1025 209.40613199999999
1024 1026 161.041752
1026 1027 1
1026 1028 48.742903
1028 1029 1
1028 1030 214.008433
1011 1031 998.536509
438 1032 0.033217
1032 1033 0.058062
1033 1034 0.10569200000000001
1034 1035 0.8843989999999999
1035 1036 1.470024
1036 1037 3.586698
1037 1038 9.817933
1038 1039 25.892404000000003
1039 1040 36.410734
1040 1041 83.744935
1041 1042 192.312586
1042 1043 807.591113
1042 1044 1
1041 1045 916.2170769999999
1040 1046 964.2883360000001
1039 1047 972.969559
1038 1048 60.550413000000006
1048 1049 508.02097499999996
1049 1050 302.14986700000003
1050 1051 144.194669
1050 1052 1
1049 1053 505.622819
1048 1054 923.195731
1037 1055 254.784481
1055 1056 734.0455000000001
1055 1057 746.556358
1036 1058 3.7784850000000003
1058 1059 14.892063
1059 1060 19.164791
1060 1061 66.262337
1061 1062 129.39737
1062 1063 190.59161799999998
1063 1064 306.385052
1064 1065 1
1064 1066 130.536334
1063 1067 44.776278000000005
1062 1068 870.619014
1061 1069 933.5606260000001
1060 1070 732.436602
1070 1071 88.982259
1071 1072 113.71415300000001
1072 1073 46.482661
1072 1074 50.341466000000004
1071 1075 144.920153
1070 1076 73.478922
1076 1077 67.71271899999999
1076 1078 293.354643
1059 1079 986.5663480000001
1058 1080 706.578942
1080 1081 156.462535
1081 1082 98.057916
1081 1083 175.888505
1080 1084 282.457848
1035 1085 116.43699199999999
1085 1086 882.297007
1085 1087 566.476607
1087 1088 199.65858599999999
1087 1089 151.31584
1089 1090 114.85563400000001
1090 1091 149.76713800000002
1090 1092 104.98992
1089 1093 322.541701
1034 1094 715.621276
1094 1095 283.828051
1094 1096 284.79591700000003
1033 1097 0.313596
1097 1098 0.849375
1098 1099 6.584036
1099 1100 37.017481000000004
1100 1101 946.060456
1100 1102 825.8889529999999
1102 1103 92.943528
1102 1104 182.92283
1099 1105 22.641956
1105 1106 99.72643
1106 1107 900.740489
1106 1108 741.828014
1108 1109 1
1108 1110 241.043274
1105 1111 198.087795
1111 1112 748.794254
1111 1113 809.5252800000001
1098 1114 2.090836
1114 1115 6.103721
1115 1116 18.752808
1116 1117 981.244645
1116 1118 29.84284
1118 1119 77.419686
1119 1120 922.5661499999999
1119 1121 111.419771
1121 1122 223.41376999999997
1121 1123 888.565745
1118 1124 970.152158
1115 1125 994.4815500000001
1114 1126 55.139798
1126 1127 938.750078
1126 1128 259.749081
1128 1129 627.427362
1128 1130 743.939559
1097 1131 0.088962
1131 1132 1.751147
1132 1133 9.118490999999999
1133 1134 13.091108000000002
1134 1135 41.501614
1135 1136 83.26986199999999
1136 1137 191.005646
1137 1138 808.5353899999999
1137 1139 205.32763699999998
1136 1140 916.710887
1135 1141 765.392463
1141 1142 185.439784
1142 1143 46.338306
1142 1144 1
1141 1145 185.675731
1134 1146 52.743257
1146 1147 921.730982
1146 1148 951.825573
1133 1149 986.3065560000001
1132 1150 3.789783
1150 1151 9.840285999999999
1151 1152 26.864510000000003
1152 1153 28.347156000000002
1153 1154 497.188871
1154 1155 136.84689
1154 1156 143.811691
1156 1157 333.202035
1156 1158 293.300865
1153 1159 221.538566
1159 1160 679.5111979999999
1159 1161 146.489562
1161 1162 566.378236
1161 1163 444.15014199999996
1163 1164 1
1163 1165 746.342544
1152 1166 973.128773
1151 1167 990.15862
1150 1168 996.6471670000001
1131 1169 0.29696700000000004
1169 1170 1.183988
1170 1171 999.377916
1170 1172 2.018994
1172 1173 5.255967
1173 1174 40.971832
1174 1175 226.77285799999999
1175 1176 386.309956
1176 1177 114.537943
1176 1178 272.03438
1178 1179 129.304489
1178 1180 1
1175 1181 774.908906
1174 1182 955.457508
1173 1183 995.048419
1172 1184 17.82224
1184 1185 576.304665
1185 1186 108.147561
1186 1187 70.856043
1187 1188 59.059982
1188 1189 27.961286
1188 1190 109.93663000000001
1187 1191 70.971171
1191 1192 251.550456
1192 1193 104.100885
1192 1194 73.064416
1191 1195 44.210301
1186 1196 63.40543400000001
1196 1197 270.58216000000004
1196 1198 108.075469
1198 1199 64.352482
1198 1200 135.020844
1200 1201 34.487685
1201 1202 77.918384
1201 1203 36.912935000000004
1203 1204 3.53471
1203 1205 7.621111
1200 1206 114.58112700000001
1206 1207 312.99047299999995
1207 1208 115.91882700000001
1207 1209 93.69486
1206 1210 143.551758
1210 1211 1
1210 1212 176.569566
1212 1213 1.599064
1212 1214 5.790489
1185 1215 377.803307
1184 1216 36.867755
1216 1217 105.57264799999999
1217 1218 284.178473
1218 1219 560.279904
1218 1220 349.033747
1217 1221 894.419362
1216 1222 966.907082
1169 1223 2.106071
1223 1224 53.308774
1224 1225 62.651250999999995
1225 1226 816.9001939999999
1225 1227 936.7180940000001
1224 1228 945.632861
1223 1229 10.081707
1229 1230 17.324802000000002
1230 1231 28.301657000000002
1231 1232 354.090172
1232 1233 575.560103
1232 1234 471.229945
1231 1235 971.7021139999999
1230 1236 105.762187
1236 1237 844.6891559999999
1236 1238 909.120891
1229 1239 991.2065030000001
1032 1240 0.128824
1240 1241 2.49121
1241 1242 3.9344289999999997
1242 1243 8.432336999999999
1243 1244 32.764635
1244 1245 82.319868
1245 1246 917.6454939999999
1245 1247 155.35617200000002
1247 1248 322.62955500000004
1247 1249 844.638898
1244 1250 967.261507
1243 1251 33.833443
1251 1252 951.99057
1251 1253 60.190902
1253 1254 951.814076
1253 1255 271.40816
1255 1256 641.273317
1255 1257 441.391254
1257 1258 1
1257 1259 329.128492
1242 1260 242.57119899999998
1260 1261 235.844231
1261 1262 139.029319
1262 1263 178.256312
1263 1264 1
1263 1265 566.53237
1262 1266 272.980141
1261 1267 6.618251
1267 1268 218.440067
1268 1269 13.073082999999999
1269 1270 21.986258
1270 1271 1
1270 1272 885.024808
1269 1273 1
1268 1274 1
1267 1275 407.81152399999996
1275 1276 175.25450899999998
1276 1277 1.080515
1276 1278 64.823658
1278 1279 4.104124
1279 1280 1.594004
1279 1281 4.449476
1278 1282 1
1275 1283 104.060624
1283 1284 238.675585
1283 1285 43.128699999999995
1285 1286 186.847828
1285 1287 638.317959
1260 1288 746.528512
1241 1289 632.946635
1289 1290 367.250275
1289 1291 295.596727
1291 1292 83.430008
1291 1293 49.05417
1240 1294 0.397854
1294 1295 0.881238
1295 1296 759.592138
1296 1297 215.60058999999998
1297 1298 80.86362700000001
1297 1299 1
1296 1300 241.185236
1295 1301 2.468945
1301 1302 3.2976859999999997
1302 1303 4.266917
1303 1304 8.981717999999999
1304 1305 17.526871999999997
1305 1306 67.861018
1306 1307 110.33428400000001
1307 1308 889.677771
1307 1309 34.974140999999996
1306 1310 715.80744
1310 1311 316.74246899999997
1310 1312 115.86669
1305 1313 982.488962
1304 1314 991.042326
1303 1315 995.7450630000001
1302 1316 996.568964
1301 1317 9.053808
1317 1318 16.370748
1318 1319 106.364795
1319 1320 539.1199389999999
1320 1321 489.14828100000005
1320 1322 244.85903800000003
1319 1323 736.841382
1323 1324 40.569279
1323 1325 184.91479900000002
1318 1326 96.78508099999999
1326 1327 190.68026
1327 1328 484.23346799999996
1327 1329 335.663
1329 1330 515.0912629999999
1329 1331 388.329044
1326 1332 902.1993249999999
1317 1333 988.090948
1294 1334 0.356486
1334 1335 0.40415
1335 1336 8.427515
1336 1337 612.419987
1337 1338 367.719206
1337 1339 388.274812
1336 1340 10.484005
1340 1341 28.113491000000003
1341 1342 31.153757
1342 1343 968.672536
1342 1344 212.73161900000002
1344 1345 787.358342
1344 1346 368.055101
1341 1347 907.808316
1347 1348 87.990011
1347 1349 39.880589
1340 1350 990.3470739999999
1335 1351 1.9026310000000002
1351 1352 533.286667
1352 1353 150.602312
1353 1354 31.797819999999998
1354 1355 266.315567
1354 1356 340.30794000000003
1353 1357 116.88060300000001
1357 1358 44.531061
1358 1359 102.178174
1359 1360 134.342943
1359 1361 82.825934
1358 1362 97.252197
1357 1363 63.699706
1363 1364 34.039149
1363 1365 158.3869
1352 1366 462.723044
1351 1367 4.552293000000001
1367 1368 12.12508
1368 1369 32.938463
1369 1370 112.58484499999999
1370 1371 321.27879199999995
1371 1372 1
1371 1373 678.750301
1370 1374 887.3326199999999
1369 1375 967.683079
1368 1376 386.986266
1376 1377 559.26675
1377 1378 1
1377 1379 194.031573
1379 1380 242.53948
1379 1381 1
1376 1382 571.806066
1367 1383 950.404623
1383 1384 55.288645
1383 1385 36.004562
1334 1386 0.939384
1386 1387 254.71913800000002
1387 1388 740.8243640000001
1387 1389 524.256446
1389 1390 1
1389 1391 478.081051
1386 1392 1.426348
1392 1393 999.159086
1392 1394 8.499247
1394 1395 8.895164
1395 1396 10.1175
1396 1397 33.956933
1397 1398 35.605953
1398 1399 912.637272
1399 1400 35.215256000000004
1399 1401 68.30198899999999
1398 1402 155.800302
1402 1403 1
1402 1404 844.194779
1397 1405 966.053133
1396 1406 989.854852
1395 1407 143.29836
1407 1408 848.851926
1407 1409 846.830675
1394 1410 991.4104
437 1411 0.025995
1411 1412 0.101971
1412 1413 0.25209
1413 1414 1.3145479999999998
1414 1415 2.323361
1415 1416 404.87638300000003
1416 1417 584.908829
1417 1418 7.590668000000001
1417 1419 1
1416 1420 506.63809100000003
1420 1421 46.262973
1420 1422 136.01875
1415 1423 4.78445
1423 1424 10.080574
1424 1425 11.596922
1425 1426 13.087065
1426 1427 20.357354
1427 1428 97.625621
1428 1429 1
1428 1430 902.3769030000001
1427 1431 979.681707
1426 1432 986.8320990000001
1425 1433 988.4115510000001
1424 1434 989.8662449999999
1423 1435 995.608315
1414 1436 37.264556
1436 1437 961.021964
1436 1438 143.821773
1438 1439 357.11677599999996
1439 1440 516.910148
1439 1441 124.831751
1441 1442 252.138858
1441 1443 155.852632
1438 1444 723.5718119999999
1444 1445 217.305579
1445 1446 47.87874
1445 1447 101.180812
1444 1448 1
1413 1449 0.8305039999999999
1449 1450 2.7731660000000002
1450 1451 6.184024
1451 1452 144.85969400000002
1452 1453 169.901434
1453 1454 483.964194
1454 1455 1
1454 1456 210.358788
1453 1457 811.389601
1452 1458 859.848788
1458 1459 0.029582000000000004
1458 1460 0.209071
1451 1461 18.277979
1461 1462 88.308032
1462 1463 819.4285259999999
1462 1464 910.750642
1461 1465 981.697048
1450 1466 29.394790999999998
1466 1467 66.603345
1467 1468 215.504818
1468 1469 487.90038999999996
1468 1470 784.5282530000001
1467 1471 933.6753339999999
1466 1472 603.9387839999999
1472 1473 330.794097
1472 1474 401.68035599999996
1449 1475 1.830304
1475 1476 14.754629
1476 1477 310.355637
1477 1478 654.903242
1477 1479 228.701875
1479 1480 125.769588
1480 1481 1
1480 1482 145.479864
1482 1483 2.198673
1483 1484 235.377151
1483 1485 139.828621
1482 1486 29.318344000000003
1486 1487 74.795791
1486 1488 73.109578
1479 1489 375.787326
1489 1490 658.264092
1489 1491 1
1476 1492 55.69383
1492 1493 308.131271
1493 1494 558.529484
1493 1495 306.637472
1495 1496 77.600954
1496 1497 76.46199
1497 1498 328.191799
1498 1499 98.431275
1499 1500 47.204388
1499 1501 118.55066400000001
1498 1502 1
1497 1503 161.147637
1503 1504 109.53945599999999
1503 1505 292.022936
1496 1506 38.781512
1506 1507 78.919775
1507 1508 165.26516
1508 1509 22.571625
1508 1510 217.42757400000002
1510 1511 2.6944
1510 1512 1
1507 1513 96.588319
1506 1514 170.558225
1514 1515 97.359015
1514 1516 85.485399
1495 1517 61.558325
1517 1518 187.022012
1518 1519 141.981333
1518 1520 33.263062999999995
1517 1521 270.674437
1492 1522 123.563547
1522 1523 727.695432
1522 1524 843.254821
1475 1525 37.65794
1525 1526 55.05300400000001
1526 1527 88.670356
1527 1528 192.582285
1528 1529 293.451385
1529 1530 37.80543
1530 1531 129.93928400000001
1530 1532 143.691778
1532 1533 13.252312
1532 1534 15.915551
1529 1535 370.046209
1528 1536 338.404854
1527 1537 314.332527
1537 1538 332.28099599999996
1538 1539 27.751996000000002
1539 1540 1
1539 1541 18.679959
1541 1542 2.798537
1541 1543 161.361304
1543 1544 124.95367200000001
1543 1545 279.082511
1538 1546 96.010173
1537 1547 303.362481
1547 1548 275.514773
1547 1549 569.4123529999999
1526 1550 945.564273
1525 1551 182.850662
1551 1552 331.88358400000004
1552 1553 200.397785
1553 1554 178.00547
1554 1555 335.754896
1554 1556 1
1553 1557 245.060085
1552 1558 470.14875
1551 1559 764.680516
1412 1560 0.070946
1560 1561 0.516244
1561 1562 999.7555229999999
1561 1563 1.0422829999999998
1563 1564 3.819157
1564 1565 996.2267969999999
1564 1566 5.957516
1566 1567 6.638663
1567 1568 17.955249000000002
1568 1569 44.878206999999996
1569 1570 955.100249
1569 1571 70.98209800000001
1571 1572 929.028815
1571 1573 224.97301099999999
1573 1574 560.76494
1573 1575 1
1568 1576 982.044955
1567 1577 993.379185
1566 1578 994.0008320000001
1563 1579 247.117954
1579 1580 410.153082
1580 1581 297.074148
1580 1582 388.25494699999996
1579 1583 44.691223
1583 1584 108.872337
1584 1585 288.235615
1585 1586 85.69375099999999
1586 1587 34.259706
1586 1588 46.652089000000004
1588 1589 1
1588 1590 199.292531
1585 1591 150.143804
1584 1592 721.28132
1592 1593 86.052345
1592 1594 36.393356
1583 1595 194.225021
1595 1596 255.272651
1596 1597 191.283648
1597 1598 213.53820899999997
1598 1599 1
1598 1600 272.841487
1597 1601 410.61215100000004
1596 1602 151.703555
1595 1603 103.32742800000001
1603 1604 80.060131
1603 1605 455.85431200000005
1560 1606 0.555939
1606 1607 0.298327
1607 1608 3.965312
1608 1609 10.869798999999999
1609 1610 17.624019
1610 1611 23.069003
1611 1612 976.892522
1611 1613 67.738562
1613 1614 932.285316
1613 1615 79.648494
1615 1616 191.757169
1615 1617 920.3076080000001
1610 1618 551.306247
1618 1619 392.712649
1618 1620 471.76402399999995
1609 1621 986.776459
1608 1622 996.6769969999999
1607 1623 6.0253380000000005
1623 1624 994.4408259999999
1623 1625 23.916102
1625 1626 428.98695399999997
1626 1627 513.636505
1626 1628 580.172091
1625 1629 24.36591
1629 1630 245.87212100000002
1630 1631 754.080396
1630 1632 535.790796
1629 1633 175.158784
1633 1634 867.307764
1633 1635 733.8541700000001
1606 1636 4.3780399999999995
1636 1637 179.65423
1637 1638 388.291129
1638 1639 321.60613
1638 1640 526.805805
1637 1641 815.950471
1636 1642 5.692942
1642 1643 995.171021
1642 1644 14.023893000000001
1644 1645 39.450638
1645 1646 48.965782000000004
1646 1647 103.00131800000001
1647 1648 279.86933999999997
1647 1649 896.9936130000001
1646 1650 951.04413
1645 1651 960.532076
1644 1652 986.051381
1411 1653 0.130853
1653 1654 0.520621
1654 1655 0.7379939999999999
1655 1656 3.9893650000000003
1656 1657 995.961065
1656 1658 6.916105
1658 1659 19.664068
1659 1660 56.27782
1660 1661 82.904705
1661 1662 917.0850939999999
1661 1663 87.979344
1663 1664 912.023314
1663 1665 1
1660 1666 943.744713
1659 1667 980.295869
1658 1668 993.138877
1655 1669 1.428761
1669 1670 293.223006
1670 1671 400.898032
1671 1672 161.039265
1672 1673 237.448916
1672 1674 451.862657
1671 1675 96.78383099999999
1670 1676 73.380142
1676 1677 169.245511
1677 1678 54.925364
1678 1679 147.45907300000002
1679 1680 229.836953
1680 1681 1
1680 1682 406.23515000000003
1679 1683 35.054739
1678 1684 56.743303
1677 1685 265.253243
1685 1686 627.464426
1685 1687 149.676405
1687 1688 46.970911
1688 1689 6.240415
1689 1690 29.194094
1690 1691 5.108515000000001
1691 1692 64.586116
1692 1693 63.213791
1693 1694 35.604359
1694 1695 24.021957999999998
1694 1696 62.64681600000001
1693 1697 20.206296000000002
1697 1698 40.450480999999996
1698 1699 8.189665
1698 1700 2.241758
1697 1701 78.233508
1701 1702 62.389626
1701 1703 1
1692 1704 85.192152
1704 1705 82.767157
1705 1706 112.308417
1706 1707 93.30708
1706 1708 1
1705 1709 49.985564
1704 1710 59.012343
1710 1711 95.58313000000001
1711 1712 64.88732900000001
1712 1713 12.583065
1712 1714 9.993225
1711 1715 50.579134
1710 1716 115.08550699999999
1716 1717 53.57627900000001
1717 1718 107.751981
1717 1719 82.83912
1719 1720 40.339479
1719 1721 49.92356
1716 1722 149.827288
1722 1723 149.994293
1723 1724 32.374404
1723 1725 1
1722 1726 72.113491
1691 1727 44.352049
1727 1728 65.510537
1728 1729 16.442795
1728 1730 17.966331
1730 1731 1.248562
1730 1732 35.496004
1727 1733 19.464095
1733 1734 82.337517
1734 1735 100.26984699999998
1734 1736 2.741279
1733 1737 45.156911
1690 1738 29.943719
1738 1739 18.408511
1739 1740 33.871423
1740 1741 69.625514
1741 1742 115.719292
1741 1743 19.648495999999998
1740 1744 43.490226
1744 1745 78.707111
1744 1746 27.877408999999997
1739 1747 159.852924
1747 1748 293.043323
1748 1749 90.186445
1749 1750 83.402906
1749 1751 1
1748 1752 141.431754
1747 1753 1
1738 1754 128.68754
1689 1755 50.539919
1755 1756 103.362902
1756 1757 189.37783100000001
1756 1758 171.669304
1758 1759 36.547886
1759 1760 84.100208
1759 1761 1
1758 1762 1
1755 1763 130.474972
1763 1764 94.480872
1763 1765 77.48411
1765 1766 59.637598000000004
1765 1767 135.858069
1767 1768 141.21376999999998
1767 1769 30.12821
1688 1770 89.344982
1770 1771 11.688536
1770 1772 136.504286
1772 1773 45.452123
1773 1774 48.598615
1773 1775 1
1772 1776 136.052548
1687 1777 56.41812899999999
1777 1778 42.57208
1778 1779 84.329205
1778 1780 63.767019000000005
1777 1781 30.689924
1781 1782 15.539552
1782 1783 76.327939
1782 1784 44.872364999999995
1781 1785 35.699633
1785 1786 380.827359
1785 1787 28.759999000000004
1787 1788 180.44141199999999
1788 1789 255.766017
1788 1790 120.965275
1787 1791 31.120462
1791 1792 21.973087
1792 1793 97.178499
1792 1794 27.558373000000003
1794 1795 103.574071
1794 1796 172.97851
1791 1797 60.967482
1676 1798 562.8719120000001
1669 1799 7.692729
1799 1800 81.082025
1800 1801 921.2345230000001
1800 1802 902.93232
1799 1803 172.259765
1803 1804 523.8762290000001
1804 1805 154.555332
1805 1806 1.8871280000000001
1805 1807 75.068942
1804 1808 405.83197
1803 1809 496.91445300000004
1809 1810 116.122489
1810 1811 86.35002200000001
1810 1812 35.405049
1812 1813 46.405138
1813 1814 24.042498000000002
1814 1815 14.707272
1814 1816 11.899368
1813 1817 15.949559999999998
1812 1818 195.707052
1818 1819 47.020783
1818 1820 59.615006
1809 1821 368.73692
1654 1822 3.6839289999999996
1822 1823 270.806839
1823 1824 719.592353
1823 1825 729.648094
1822 1826 7.80859
1826 1827 17.458109999999998
1827 1828 27.829119000000002
1828 1829 35.12282
1829 1830 965.0989729999999
1829 1831 127.656404
1831 1832 279.933641
1831 1833 872.3434120000001
1828 1834 971.745209
1827 1835 982.5040919999999
1826 1836 992.773609
1653 1837 0.180412
1837 1838 1.175085
1838 1839 875.712091
1839 1840 123.046478
1839 1841 122.273203
1838 1842 2.593693
1842 1843 2.448133
1843 1844 4.458258
1844 1845 12.631532
1845 1846 15.138375000000002
1846 1847 24.174741
1847 1848 114.53163099999999
1848 1849 885.4563649999999
1848 1850 114.543635
1850 1851 1
1850 1852 149.613774
1852 1853 735.847835
1852 1854 735.8473749999999
1847 1855 975.831054
1846 1856 764.6515420000001
1856 1857 196.10153699999998
1856 1858 244.28632399999998
1845 1859 987.366363
1844 1860 995.5423870000001
1843 1861 997.562747
1842 1862 997.74008
1837 1863 0.9185570000000001
1863 1864 1.903991
1864 1865 5.109904
1865 1866 12.305251
1866 1867 27.403311000000002
1867 1868 30.120275000000003
1868 1869 43.098177
1869 1870 78.52986800000001
1870 1871 1
1870 1872 921.4704429999999
1869 1873 956.90141
1868 1874 969.880828
1867 1875 972.592328
1866 1876 987.7535740000001
1865 1877 994.935392
1864 1878 369.352309
1878 1879 624.571172
1878 1880 325.133534
1880 1881 70.883988
1880 1882 544.0410800000001
1863 1883 3.122019
1883 1884 5.489713
1884 1885 34.108484
1885 1886 52.435092000000004
1886 1887 183.72339399999998
1887 1888 413.133176
1888 1889 478.96273999999994
1889 1890 43.26562
1889 1891 55.837687
1888 1892 277.707792
1887 1893 474.154372
1886 1894 947.5664390000001
1885 1895 966.068068
1884 1896 283.717078
1896 1897 300.708257
1897 1898 699.170888
1897 1899 106.03381599999999
1896 1900 720.337812
1883 1901 468.546807
1901 1902 415.11882099999997
1902 1903 164.207138
1902 1904 68.97070199999999
1901 1905 520.660774
122 1906 849.1727729999999
1906 1907 150.474289
1906 1908 150.910273
3 1909 1.5995390000000003
1909 1910 3.411454
1910 1911 11.13646
1911 1912 12.530964
1912 1913 987.5251139999999
1912 1914 86.320375
1914 1915 237.497979
1915 1916 593.6401520000001
1916 1917 1
1916 1918 75.924854
1918 1919 7.888369000000001
1919 1920 7.663743
1920 1921 18.303811
1921 1922 20.964933
1921 1923 17.346169
1923 1924 9.817404
1924 1925 23.637184
1924 1926 51.88288
1923 1927 17.366987
1927 1928 4.546867000000001
1928 1929 112.721866
1928 1930 13.491501
1927 1931 11.937232999999999
1920 1932 42.770542999999996
1919 1933 6.172114
1933 1934 64.457073
1934 1935 46.532646
1934 1936 39.955425
1936 1937 63.412616
1937 1938 24.770509
1937 1939 0.42378
1936 1940 1
1933 1941 9.793497
1941 1942 1
1941 1943 2.190467
1943 1944 4.515373
1944 1945 3.559102
1944 1946 3.986333
1946 1947 32.932901
1947 1948 24.27857
1948 1949 58.936932
1948 1950 52.861161
1950 1951 41.173321
1951 1952 7.330416
1952 1953 13.830414
1952 1954 15.002901
1954 1955 67.359516
1955 1956 32.324931
1956 1957 13.019678
1957 1958 1
1957 1959 0.135465
1959 1960 14.598764000000001
1960 1961 30.0261
1961 1962 16.869055
1961 1963 10.415947000000001
1960 1964 22.235165000000002
1964 1965 16.034712000000003
1964 1966 51.516673999999995
1966 1967 28.726184
1966 1968 137.800948
1968 1969 0.43324599999999996
1968 1970 1
1959 1971 1
1956 1972 16.921788
1955 1973 11.097824000000001
1954 1974 2.137709
1951 1975 0.203625
1975 1976 1
1975 1977 1
1950 1978 32.942315
1947 1979 28.618675999999997
1946 1980 5.212551
1980 1981 0.0028629999999999997
1980 1982 0.39674200000000004
1943 1983 0.63087
1918 1984 8.746184999999999
1915 1985 114.713292
1985 1986 115.783186
1985 1987 443.24007300000005
1914 1988 913.6789970000001
1911 1989 988.752761
1910 1990 750.7431730000001
1990 1991 95.53855999999999
1991 1992 77.099888
1991 1993 209.110314
1990 1994 253.03985899999998
1909 1995 998.5731539999999
2 1996 993.2431429999999
1 1997 940.552198
1 1998 954.0633079999999
