9145 8
20959 9
44997 13
19545 14
659 16
8541 17
15834 19
10470 22
12099 25
18923 27
9602 30
683 31
18213 33
34067 34
5752 35
25079 36
43071 39
20762 42
42629 43
29282 48
25734 49
23713 50
26428 51
25275 52
32422 55
8813 57
3076 58
43454 62
13469 64
8482 65
4079 68
40484 70
30084 71
3030 73
20442 74
43943 77
16382 79
42904 80
3474 82
570 84
19210 85
40342 89
2642 92
25140 95
3432 96
19645 99
23188 100
26963 101
7408 107
22246 108
7038 109
25753 110
23658 111
5745 112
31264 114
26124 117
19434 119
8643 120
20140 121
31679 125
23028 127
15558 128
12181 135
44503 138
8156 139
28589 140
20287 141
1416 142
18646 147
10908 148
41905 152
22280 153
29673 154
40277 155
37025 157
12906 158
40122 161
31352 162
23456 163
26940 164
19956 172
1734 174
27656 175
27217 177
18938 179
39719 180
15848 185
45067 186
6492 188
20763 189
8576 190
29026 191
17628 195
15644 196
954 200
40616 201
23039 204
10393 205
17259 208
10242 209
27225 210
29530 212
11068 214
406 215
794 219
19857 220
15312 222
43597 224
34335 225
31111 229
44894 231
11773 232
38105 233
9069 236
23410 239
29582 240
6804 241
40471 243
39717 245
6665 246
7053 250
6682 251
14085 254
32462 257
8122 258
43561 261
39080 262
44572 263
41880 264
6144 269
10755 274
18288 275
22838 276
40311 277
39302 278
41403 279
29607 281
30216 282
14180 284
23598 285
24488 296
44507 297
24182 304
24724 305
24870 306
29460 307
5610 308
8951 309
38822 311
5145 313
35608 314
1934 315
19179 316
29056 319
12700 320
41782 321
19272 322
5882 330
26326 332
14700 333
35898 334
2154 337
6540 338
36685 339
11658 340
40850 341
34667 342
3853 346
22390 347
31796 348
13664 352
15327 353
13635 354
16102 356
21480 357
25340 360
14914 361
37087 363
27247 364
32323 366
8644 367
40638 373
39786 374
43667 376
39866 379
43928 383
16356 384
30007 385
43793 386
18684 387
25981 388
31291 397
7460 398
13052 399
39996 402
19510 403
27913 405
43099 406
23051 407
4068 408
24807 409
27855 411
30180 412
30486 413
13311 417
8380 418
20674 424
9519 425
6318 426
10652 427
17960 429
4937 430
5160 432
33693 433
41525 435
27419 436
22112 445
36510 446
31706 451
18992 453
43787 454
1218 455
20031 456
3719 457
42503 463
29443 464
9736 465
3977 466
9460 469
36094 470
9239 472
6582 473
16265 477
16544 479
39576 480
7121 484
17564 486
41672 487
27727 488
15152 489
31425 493
36091 494
11378 495
44164 500
5321 502
8163 503
7288 505
33408 506
11158 507
18579 508
41953 513
16611 514
42395 515
36393 521
29806 522
17065 523
42169 524
8184 527
19818 529
19209 530
17220 531
44348 533
10450 534
24842 540
25767 542
3011 543
11283 545
5372 546
9739 548
11596 550
23351 551
7025 554
25131 556
37393 557
4082 558
44217 564
38881 565
21616 566
4908 570
32256 571
18521 572
9715 576
4172 577
10762 578
22062 579
19646 583
2530 584
27422 585
6173 588
9470 589
4139 590
28945 594
29180 599
2714 600
35032 602
18172 606
25769 611
19422 613
3016 616
5621 618
27480 620
39216 622
10195 627
16402 628
6155 629
42893 633
35213 634
23356 635
41749 637
18006 638
11110 640
27772 641
22452 642
15507 648
34037 651
11740 652
32431 653
32205 654
31745 656
28114 658
16228 659
31297 661
34004 662
4516 665
13632 667
4263 668
11251 672
12004 674
26597 676
12789 682
39494 684
11301 685
21981 688
30976 689
44523 690
15607 693
30662 694
31470 695
9933 696
6109 698
34947 699
30823 702
38776 703
17330 708
8729 709
156 711
5246 712
39506 713
12246 718
36763 720
21971 721
28078 723
7217 724
31257 726
37899 733
43080 734
9644 735
26286 736
44110 737
3014 738
12829 739
19330 741
27992 743
3281 744
3015 750
3769 751
36608 752
17979 754
12699 755
37182 756
11591 759
7975 760
43474 761
39583 762
27332 764
35418 765
22912 766
37213 767
12616 768
16943 769
6785 772
40337 773
4752 774
4665 776
23796 780
44950 781
2748 782
14553 784
28243 786
12851 787
39635 795
42057 797
17195 798
11536 799
2337 800
8124 801
15040 805
33164 806
5663 807
30681 810
13049 812
40844 813
12661 814
27825 819
4138 822
32958 823
43712 824
22522 828
42187 829
31642 833
21233 835
4407 837
17677 841
5047 843
16745 844
33017 846
654 847
11539 848
26382 851
40750 852
25666 853
5757 854
44647 855
12255 859
11334 864
39867 865
1506 866
19774 870
1165 871
2980 872
44169 873
28097 874
2107 875
829 876
33999 879
42134 881
18962 882
10290 886
4246 887
21613 888
33526 889
35100 892
28966 898
26656 899
14735 901
45164 902
19456 905
6465 906
595 907
30851 908
28987 912
40814 914
12270 916
25704 918
33092 919
42878 922
16731 923
271 925
13753 926
42622 929
26348 931
3392 932
35508 933
41424 937
19938 944
19766 945
31977 947
32618 948
30329 949
15305 950
2251 952
13542 953
8707 954
34471 956
35253 957
38756 960
27537 962
27054 963
44935 964
29680 969
24537 973
12714 975
36846 976
19515 977
21783 978
2377 979
22105 982
40917 984
31525 985
17655 989
4923 990
26498 991
2619 992
3190 995
33211 1001
16313 1003
4904 1004
2616 1005
16568 1006
2567 1008
17019 1009
15157 1010
38056 1014
17814 1019
16899 1020
28280 1021
3645 1022
27820 1023
7950 1025
26085 1027
36725 1029
16487 1030
27198 1031
12501 1043
31683 1044
2794 1045
7529 1046
5211 1047
24144 1051
2486 1052
18828 1053
35583 1054
27163 1056
84 1057
38220 1065
11693 1066
9134 1067
31372 1068
45112 1069
10062 1073
13904 1074
1480 1075
28890 1077
20425 1078
14499 1079
16925 1082
36635 1083
26204 1084
9533 1086
16444 1088
5996 1091
8328 1092
10291 1093
36790 1095
42899 1096
28046 1101
4691 1103
27909 1104
37221 1107
32094 1109
3299 1110
32372 1112
29983 1113
38912 1117
43296 1120
12402 1122
4891 1123
29312 1124
25060 1125
38886 1127
44111 1129
8366 1130
10028 1138
17131 1139
21258 1140
24189 1143
11592 1144
7072 1145
19543 1147
41689 1148
21270 1149
1721 1155
20303 1157
8198 1158
31680 1160
7064 1162
25016 1164
29645 1165
32952 1166
34857 1167
28471 1168
45470 1171
25521 1177
43907 1179
2581 1180
36224 1181
17156 1182
20239 1183
14861 1189
43520 1190
1369 1193
26182 1194
11202 1195
22125 1197
32992 1199
20836 1202
40661 1204
34041 1205
18997 1208
25276 1209
25098 1211
25829 1213
19477 1214
18569 1215
22624 1219
34873 1220
22841 1221
32182 1222
35216 1226
36838 1227
41456 1228
12886 1233
20751 1234
5268 1235
28500 1237
32531 1238
23172 1239
13003 1246
7188 1248
29101 1249
24442 1250
34628 1252
22608 1254
6020 1256
44943 1258
7458 1259
34374 1264
30262 1265
37499 1266
7676 1271
41182 1272
27664 1273
26426 1274
13692 1277
5111 1280
35807 1281
39661 1282
37183 1284
26573 1286
10789 1287
14743 1288
4819 1290
2931 1292
10029 1293
43160 1298
10719 1299
24149 1300
43232 1308
11332 1309
24058 1311
19606 1312
37053 1313
24469 1314
41277 1315
6863 1316
16737 1321
8636 1322
15872 1324
1990 1325
39433 1328
9807 1330
34102 1331
3749 1332
28702 1333
3929 1338
9867 1339
40258 1343
19717 1345
26683 1346
14789 1348
20248 1349
23160 1350
30938 1355
3997 1356
25250 1360
32295 1361
14693 1362
31298 1364
24927 1365
21748 1366
41474 1372
15948 1373
33932 1374
13447 1375
31057 1378
6643 1380
21521 1381
5389 1382
30211 1384
21579 1385
45026 1388
27564 1390
20418 1391
7645 1393
31228 1400
31287 1401
26216 1403
41046 1404
5233 1405
27393 1406
31956 1408
6347 1409
31283 1410
30443 1418
4131 1419
34325 1421
5036 1422
11907 1429
27582 1430
5551 1431
31638 1432
38241 1433
17812 1434
27959 1435
7347 1437
42287 1440
15530 1442
39993 1443
17272 1446
15342 1447
16437 1448
899 1455
16181 1456
34657 1457
15252 1459
917 1460
33919 1463
20228 1464
41554 1465
1872 1469
27173 1470
3137 1471
36381 1473
14918 1474
29886 1478
26180 1481
27278 1484
11579 1485
26319 1487
35010 1488
14201 1490
32388 1491
18832 1494
21337 1500
2177 1501
1814 1502
4178 1504
19364 1505
24867 1509
17444 1511
7502 1512
7030 1513
3723 1515
17331 1516
3038 1519
4066 1520
3503 1521
2728 1523
22741 1524
41676 1531
34083 1533
41258 1534
39654 1535
42727 1536
24326 1540
10831 1542
36791 1544
39727 1545
12761 1546
13399 1548
40815 1549
19894 1550
7817 1555
23548 1556
28390 1557
40104 1558
31169 1559
15623 1562
3383 1565
28741 1570
31499 1572
12846 1574
39529 1575
34458 1576
262 1577
38951 1578
24005 1581
18611 1582
33110 1587
19284 1589
17916 1590
9406 1591
40056 1593
3775 1594
20353 1599
31206 1600
17440 1601
32919 1602
36452 1604
45055 1605
24213 1612
43492 1614
26506 1616
26606 1617
9666 1619
33694 1620
8484 1621
8706 1622
37293 1624
29314 1627
9547 1628
40101 1631
16846 1632
16935 1634
34861 1635
33492 1639
20136 1640
6528 1641
13171 1643
16847 1648
32426 1649
15677 1650
42824 1651
36416 1652
15089 1657
40495 1662
20656 1664
45063 1665
41843 1666
43637 1667
37538 1668
14901 1673
33856 1674
6912 1675
23238 1681
13019 1682
16645 1683
14190 1684
25469 1686
28290 1695
2379 1696
18726 1699
2672 1700
21789 1702
2374 1703
7895 1707
43415 1708
37931 1709
25523 1713
43400 1714
29678 1715
3737 1718
44494 1720
19388 1721
23079 1724
38997 1725
3347 1726
151 1729
27335 1731
11512 1732
22658 1735
9075 1736
31185 1737
10821 1742
6557 1743
28398 1745
18921 1746
17711 1750
39692 1751
26583 1752
14524 1753
29052 1754
16515 1757
40519 1760
43612 1761
7110 1762
15990 1764
20285 1766
37862 1768
28225 1769
30858 1771
16406 1774
3157 1775
27624 1776
28355 1779
39961 1780
40043 1783
3286 1784
26538 1786
42262 1789
8864 1790
42359 1793
37029 1795
44960 1796
9836 1797
12513 1798
39127 1801
14665 1802
36290 1806
13103 1807
23222 1808
43541 1811
35432 1815
28147 1816
2383 1817
16989 1819
3772 1820
35836 1821
134 1824
44994 1825
29266 1830
194 1832
18570 1833
24575 1834
42219 1835
1665 1836
45234 1840
14945 1841
41981 1849
30205 1851
21828 1853
13864 1854
31927 1855
5062 1857
15448 1858
1235 1859
415 1860
20038 1861
19363 1862
23698 1871
36135 1872
6504 1873
19370 1874
45015 1875
42950 1876
11607 1877
31286 1879
21995 1881
4202 1882
16912 1890
503 1891
12085 1892
18742 1893
34107 1894
34025 1895
2293 1898
30101 1899
29381 1900
11229 1903
41506 1904
42631 1905
19932 1907
30530 1908
7811 1913
39142 1917
31491 1922
31276 1925
11103 1926
32386 1929
25862 1930
19538 1931
39778 1932
8858 1935
24046 1938
10826 1939
17420 1940
11274 1942
29313 1945
44154 1949
14216 1953
43263 1958
8709 1962
43638 1963
42202 1965
35902 1967
41770 1969
8214 1970
15532 1971
35700 1972
24604 1973
31967 1974
35743 1976
24053 1977
21105 1978
16600 1979
36547 1981
35567 1982
3468 1983
29984 1984
31875 1986
24 1987
24973 1988
10371 1989
7634 1992
10799 1993
23042 1994
23009 1995
13503 1996
3814 1997
23948 1998
