21321 3
8166 4
42184 8
16641 15
3281 16
36846 17
7838 18
30333 19
21379 23
33955 26
41090 27
12203 28
16381 30
42529 32
39969 33
15280 38
24664 39
19717 41
7405 43
11735 44
9770 46
39719 48
2495 51
29614 52
33155 54
22756 55
1721 56
5138 57
44021 60
42232 61
43293 62
18572 64
34608 68
6784 69
13473 74
43462 75
40169 78
34230 79
28078 80
7458 93
8161 94
954 95
34760 96
14597 98
22520 100
24448 101
10826 105
22251 106
23779 110
23820 111
32090 113
40113 114
8001 117
21438 124
43455 126
3730 127
34512 129
10279 130
27509 131
25826 135
42478 136
21342 142
38711 147
18238 149
32186 150
15841 151
1165 152
26339 162
14282 163
24668 164
9875 170
31768 171
17098 172
7673 173
12905 177
10280 178
27145 180
3749 181
9377 183
12457 184
31476 185
12583 188
28559 189
34624 192
20542 193
23714 197
30055 198
41044 200
40695 201
23995 210
17957 211
12700 212
33673 213
4467 214
659 222
17655 224
16095 230
4013 231
3299 234
6576 236
17482 238
18132 241
39701 242
29119 243
31133 245
38963 247
11413 248
14371 251
23042 252
5745 253
42357 256
35999 259
6492 260
4484 261
37016 263
7083 264
5886 267
19228 268
22846 270
10955 271
39535 273
17917 274
10846 275
23829 277
16532 279
40457 280
23235 282
36250 284
37614 285
14844 287
8124 288
23607 293
15075 294
43114 295
9945 297
34210 298
13904 301
32962 302
21410 305
38148 306
3230 307
36171 308
43659 310
3395 311
30177 317
2924 318
14800 320
18242 321
27613 323
11591 326
39974 328
3372 329
38227 330
31557 332
14953 338
35832 339
17612 340
43121 343
23008 345
11710 346
16897 349
21453 350
32350 351
33983 353
28684 354
34479 358
33299 359
31677 361
41302 363
27912 364
10470 366
36654 367
16623 373
37415 375
22546 376
11662 378
15656 380
18575 381
20628 383
5996 385
6895 386
43248 388
41282 389
44333 390
4964 396
33481 397
25516 399
26508 401
37564 402
23268 412
33802 413
15361 414
7349 415
10332 419
36051 420
36582 422
8748 424
38194 425
7999 429
12400 430
2807 431
23422 434
13319 438
5094 439
25585 441
11003 442
33048 445
14124 447
44014 448
40218 453
7634 455
1787 456
2486 460
2271 462
30659 463
187 465
29261 467
7791 468
17967 470
31379 472
37125 473
1506 481
26409 483
22701 484
8792 485
36784 490
1578 491
27864 492
1218 493
28308 495
14486 496
1668 501
30282 502
4700 503
27623 505
18455 506
14684 509
5816 510
19975 513
8362 514
34733 515
7025 519
15458 520
27998 521
27526 522
18980 525
30741 526
10746 528
40720 529
22732 533
40157 534
29732 537
8437 538
32404 539
9342 541
10665 544
25262 545
7264 548
22497 551
3769 552
39216 554
16519 555
31631 556
21099 559
20999 560
35009 561
21592 564
39203 565
37502 567
16792 568
43708 570
43030 571
23483 573
39462 574
26685 577
7537 578
36677 579
5348 583
3470 584
19622 588
34358 591
32548 592
25434 594
33277 595
18288 596
18067 599
8090 603
3383 604
40576 607
30541 609
4065 611
30894 612
14009 613
36432 615
34887 616
4949 619
4056 621
35258 622
21047 623
44154 625
16160 626
7935 628
25450 630
20668 631
11609 633
34599 635
30915 637
13371 638
38233 641
41117 644
2177 645
33161 646
8569 661
34042 662
38470 666
27114 667
43221 668
5049 669
43066 670
22331 671
35305 675
40047 676
33747 678
15562 679
7981 686
11833 687
21976 688
11708 690
26976 694
10655 695
29738 696
3015 703
20660 704
24260 706
1973 707
26964 711
36969 712
44427 714
11451 715
27021 718
12922 719
32430 722
13653 723
33994 725
15383 726
23061 730
31346 731
23517 734
12429 735
25607 737
31712 738
84 741
33034 742
8030 744
13114 745
34661 747
22996 749
17200 752
39276 753
36520 754
411 756
29017 758
14275 759
14091 761
39356 762
34743 768
13945 769
3745 771
23547 772
31999 773
34652 775
33328 776
194 779
15410 780
29676 782
35629 783
23715 790
38566 791
6184 794
29824 795
4947 796
30871 801
37822 802
33510 803
32789 804
41642 805
26050 806
5161 808
8096 809
30717 810
13608 813
1694 814
16810 823
44071 826
2330 827
42691 829
26261 830
20217 832
21346 835
33382 836
25692 837
20557 838
36551 840
50 843
21279 844
15069 845
3344 850
5430 854
39738 855
20612 856
39414 860
26812 861
20076 862
35940 863
23084 865
25955 866
18755 870
31177 871
1145 873
16200 874
12434 875
21642 876
41185 877
26715 879
30782 880
41863 881
5805 885
23725 886
37319 887
44247 889
12300 890
9722 892
34108 893
33661 896
38482 897
20303 900
11529 901
42688 903
19927 904
11024 905
22549 908
2134 909
39984 910
6863 913
39176 914
4131 919
1166 922
31525 923
14973 924
379 941
28568 942
34131 943
15028 944
1566 945
35688 947
26251 949
40781 950
42888 951
3403 953
19651 955
2711 956
32762 958
15400 959
29340 962
38215 967
9844 968
42015 970
10577 972
22131 974
41057 975
10166 976
20809 978
10727 979
43501 981
40783 983
9196 984
24478 994
41086 996
21200 997
14521 998
40588 1000
17440 1002
43805 1003
22011 1008
23955 1009
30067 1012
42812 1013
42605 1014
25494 1015
15802 1020
7229 1021
22997 1026
3468 1027
34817 1028
3014 1032
40634 1033
11707 1035
24679 1036
26734 1038
42367 1039
28182 1041
20456 1044
27761 1045
4682 1046
16549 1049
5435 1051
17453 1053
17933 1054
37031 1057
322 1058
43031 1060
3850 1062
40487 1063
14961 1070
30671 1071
37821 1073
41043 1075
41684 1076
30765 1084
2107 1085
8787 1088
18994 1089
42858 1092
43327 1093
2337 1095
829 1097
6860 1099
7542 1100
14320 1103
28273 1104
38409 1106
22461 1107
32022 1110
29301 1111
11829 1115
13054 1117
30157 1118
23319 1119
31907 1123
7623 1124
16203 1128
22995 1129
9940 1130
8153 1132
37787 1133
29236 1134
22166 1139
41025 1140
42070 1141
35767 1143
1235 1145
42731 1146
20506 1149
12714 1151
34971 1152
42743 1154
11534 1155
39628 1159
40841 1161
28605 1162
26376 1163
24333 1165
4172 1167
38146 1169
5036 1173
25357 1174
5063 1175
43442 1176
15334 1178
30742 1181
15009 1183
37666 1185
14487 1186
40883 1188
9069 1189
30589 1192
18656 1195
23036 1196
35855 1200
13637 1201
35243 1202
32490 1203
34922 1205
24418 1207
6740 1208
33076 1211
37794 1212
12291 1214
24780 1215
33018 1219
2379 1220
41956 1222
42526 1223
34469 1226
10521 1227
41201 1228
22049 1231
27756 1232
36569 1234
12444 1236
16966 1237
22464 1240
17391 1241
13919 1242
35964 1244
38735 1246
5372 1247
31615 1250
10581 1252
11078 1253
15963 1257
20030 1258
31750 1260
7647 1261
2574 1267
13435 1268
22883 1269
33323 1272
12763 1273
36900 1275
23219 1276
4991 1278
9034 1280
17005 1281
2794 1285
17831 1287
38627 1288
38933 1290
2793 1291
34640 1294
43835 1295
33712 1296
3952 1299
41456 1301
5599 1302
38932 1312
11551 1313
7670 1315
7167 1316
16566 1317
8311 1320
30456 1321
10029 1323
11557 1326
262 1327
18622 1328
37775 1331
20173 1332
794 1333
24577 1336
28732 1337
41363 1338
34988 1343
35984 1344
3633 1347
6125 1348
37668 1350
36447 1351
34143 1354
3881 1355
654 1359
41809 1360
24934 1361
15342 1364
4819 1365
26671 1369
32453 1371
17152 1373
16980 1374
31856 1375
10048 1376
29034 1380
23573 1381
29472 1382
19183 1385
7654 1386
10129 1389
35637 1390
40832 1392
30952 1393
42875 1397
17196 1398
29983 1405
40530 1406
19637 1409
7038 1411
5309 1413
18490 1414
30078 1415
271 1418
19362 1419
5446 1420
8663 1423
18686 1425
6061 1426
28769 1428
37375 1430
20810 1431
35228 1433
21987 1435
35685 1436
16031 1438
14557 1439
11813 1444
22421 1446
2594 1448
38029 1449
42959 1451
7277 1452
33805 1457
8194 1458
8858 1459
28226 1460
6553 1461
9000 1464
18428 1465
40749 1466
11379 1469
6085 1470
14112 1471
29470 1473
36916 1475
42621 1477
2194 1479
8261 1480
41366 1483
21007 1485
26253 1486
41910 1488
24628 1490
24362 1491
20919 1494
13103 1497
4620 1498
9638 1499
31146 1502
10030 1503
23367 1504
38755 1508
43428 1509
23394 1511
38137 1512
7796 1516
34279 1517
39741 1519
8156 1520
18143 1522
31009 1524
27302 1525
18628 1528
33561 1531
32678 1533
20355 1535
7247 1536
32429 1538
19535 1539
1604 1541
18550 1542
12108 1544
32239 1545
27686 1548
570 1550
35326 1551
14615 1553
39303 1554
23846 1556
32609 1557
7210 1559
10250 1561
10779 1562
24 1565
5444 1566
39400 1567
11215 1572
24822 1581
23168 1584
43595 1586
9809 1587
1665 1588
23160 1589
40658 1591
15528 1592
4923 1593
39908 1595
9926 1597
7283 1598
28512 1602
28460 1604
18486 1605
3016 1606
23746 1607
33262 1610
26295 1611
17293 1613
29593 1614
22749 1623
23713 1624
39250 1625
35034 1628
25976 1629
42484 1632
24897 1633
26184 1637
29754 1640
24829 1642
12651 1643
17909 1644
28116 1645
24942 1646
43326 1649
5013 1650
32473 1651
35249 1654
30323 1655
17809 1657
16323 1659
41430 1660
15022 1664
18277 1665
40081 1669
30652 1671
27250 1672
1765 1675
17620 1676
34079 1678
43717 1679
683 1681
2400 1682
18004 1683
22999 1687
10568 1688
1400 1691
27141 1693
12346 1695
11017 1697
3512 1698
21617 1701
27949 1702
38780 1704
36132 1705
33259 1707
27525 1709
18744 1710
9767 1711
17819 1713
5070 1714
42895 1718
5211 1719
42584 1721
4833 1723
29186 1724
11664 1726
2657 1727
39981 1728
41215 1732
23296 1735
9366 1736
23005 1743
27081 1744
16950 1745
25383 1746
22518 1750
4293 1751
4820 1752
2788 1754
43737 1755
32577 1757
34189 1758
7224 1762
36825 1763
21621 1765
21541 1766
24718 1767
32173 1770
4872 1771
7187 1773
36853 1774
8280 1776
33850 1778
34993 1779
15733 1788
24469 1790
43498 1791
24651 1794
28745 1795
8643 1797
39412 1798
14006 1801
22233 1802
5551 1803
24786 1805
14278 1806
36552 1809
31532 1810
4102 1811
28917 1812
25273 1814
2396 1815
30663 1819
19658 1821
20033 1822
26366 1823
41665 1824
30028 1826
6155 1827
34191 1831
43111 1832
12985 1833
37209 1834
36245 1836
34511 1837
35192 1839
13578 1842
9389 1843
25847 1845
16489 1846
11726 1850
19459 1852
40564 1853
33794 1855
9455 1857
11378 1858
15634 1861
12848 1862
29148 1865
8599 1866
26844 1867
212 1869
1842 1873
8602 1879
22761 1880
28556 1881
43115 1882
35951 1887
35770 1888
30853 1890
5047 1891
30838 1892
25706 1893
43019 1895
41542 1896
12542 1897
30603 1898
8184 1900
21176 1901
38928 1902
17712 1909
23311 1910
38358 1911
33787 1913
6202 1918
38533 1919
5443 1923
13818 1924
23003 1925
20241 1926
16275 1927
43790 1929
10009 1930
30112 1936
22084 1937
13394 1939
13623 1941
25870 1942
34302 1943
11112 1944
23345 1947
8018 1948
40295 1950
15531 1951
19863 1955
21304 1956
11266 1957
11272 1959
25896 1961
19776 1963
38960 1964
12190 1965
16981 1967
37643 1968
26962 1969
32750 1970
27461 1972
24420 1974
15946 1975
3155 1976
32125 1978
8056 1980
9413 1981
12122 1983
37610 1985
9406 1986
19759 1990
10077 1991
37946 1992
21657 1993
32323 1995
8837 1996
12553 1997
12726 1998
