1 2 0.45170899999999997
2 3 0.22011399999999998
3 4 0.128359
4 5 0.056707999999999995
5 6 0.011048
6 7 0.158429
7 8 0.111213
8 9 0.44944700000000004
9 10 3.407397
9 11 3.4046390000000004
8 12 3.188098
7 13 3.223808
6 14 0.095568
14 15 0.137765
15 16 2.869071
15 17 3.197386
14 18 0.035587
18 19 3.850774
18 20 0.126613
20 21 2.821489
20 22 2.847808
5 23 0.053898
23 24 0.057746
24 25 0.051106000000000006
25 26 3.16985
25 27 0.120626
27 28 3.050314
27 29 3.187272
24 30 0.133431
30 31 3.125936
30 32 0.076437
32 33 3.490894
32 34 3.9602720000000002
23 35 0.034298999999999996
35 36 0.09260600000000001
36 37 3.061331
36 38 3.347938
35 39 3.16966
4 40 0.129232
40 41 4.035872
40 42 3.356874
3 43 0.297718
43 44 0.189726
44 45 0.207106
45 46 0.126254
46 47 0.11994300000000001
47 48 0.344193
48 49 0.27589400000000003
49 50 0.103304
50 51 4.805603
50 52 0.091102
52 53 0.214567
53 54 0.250675
54 55 4.843699
54 56 0.199495
56 57 4.99869
56 58 5.148955
53 59 0.031684
59 60 0.06089
60 61 0.01684
61 62 0.358484
62 63 0.115489
63 64 0.059105
64 65 0.076914
65 66 0.259751
66 67 0.086612
67 68 0.296084
68 69 7.267778
68 70 0.09793899999999998
70 71 5.756101999999999
70 72 3.19537
72 73 2.956886
72 74 3.567148
67 75 5.400329999999999
66 76 0.313305
76 77 0.140343
77 78 6.022088
77 79 0.911235
79 80 5.026376
79 81 5.988062
76 82 6.558576
65 83 0.029155
83 84 0.073306
84 85 0.083023
85 86 0.319214
86 87 0.096322
87 88 0.063391
88 89 0.030490999999999997
89 90 0.0767
90 91 0.232929
91 92 6.540787000000001
91 93 6.442506000000001
90 94 6.843839
89 95 0.078108
95 96 0.338348
96 97 0.275167
97 98 0.34983800000000004
98 99 0.122544
99 100 0.102442
100 101 8.640916
100 102 0.340374
102 103 8.879221
102 104 0.559608
104 105 0.28110399999999997
105 106 0.26580699999999996
106 107 9.199263
106 108 10.859955000000001
105 109 4.6550139999999995
109 110 1.575596
110 111 5.322116
110 112 6.319879
109 113 0.765885
113 114 2.79759
114 115 4.831594
114 116 3.5035730000000003
113 117 1.4492379999999998
117 118 2.6769979999999998
117 119 6.436183
104 120 9.285374000000001
99 121 8.165416
98 122 0.169631
122 123 8.094393
122 124 7.670805
97 125 0.10449800000000001
125 126 7.696127
125 127 8.409424999999999
96 128 0.13682
128 129 7.400746
128 130 7.689712
95 131 0.054904
131 132 0.160039
132 133 6.732411000000001
132 134 0.312279
134 135 6.578666
134 136 6.598883
131 137 7.31437
88 138 0.042303
138 139 0.12202999999999999
139 140 0.08524799999999999
140 141 0.211033
141 142 0.12970900000000002
142 143 7.048862
142 144 0.028873
144 145 0.166107
145 146 7.657946
145 147 7.164818
144 148 7.346693999999999
141 149 0.17932499999999998
149 150 0.335214
150 151 7.130097
150 152 7.426219000000001
149 153 6.909965999999999
140 154 0.020139
154 155 0.128081
155 156 6.782578
155 157 6.981777
154 158 0.165917
158 159 0.381059
159 160 0.120834
160 161 0.08819099999999999
161 162 0.087488
162 163 8.174639
162 164 0.243542
164 165 1.8269460000000002
165 166 8.120895
165 167 0.536562
167 168 7.545185
167 169 7.0111300000000005
164 170 7.815671
161 171 7.875552
160 172 8.149162
159 173 7.460553
158 174 0.156632
174 175 6.983593000000001
174 176 7.506303
139 177 0.075681
177 178 0.050865
178 179 0.159705
179 180 7.198060000000001
179 181 6.829059
178 182 0.254411
182 183 7.169633
182 184 6.791681
177 185 7.168698
138 186 0.03641
186 187 0.04902599999999999
187 188 0.632082
188 189 0.22466
189 190 0.18163700000000002
190 191 0.211285
191 192 7.977581000000001
191 193 7.8555280000000005
190 194 7.705430000000001
189 195 0.059416000000000004
195 196 0.06795
196 197 0.205929
197 198 0.13128499999999999
198 199 0.383667
199 200 0.820951
200 201 0.695605
201 202 10.306931
201 203 0.062345
203 204 0.47354500000000005
204 205 11.317862
204 206 0.576956
206 207 0.18882300000000002
207 208 0.31618599999999997
208 209 0.307222
209 210 0.191198
210 211 0.49523500000000004
211 212 0.079176
212 213 0.579694
213 214 14.650286000000001
213 215 1.0785909999999999
215 216 0.644844
216 217 4.667607
217 218 73.140489
217 219 19.30243
216 220 14.787191
215 221 15.704318
212 222 14.704981
211 223 0.164956
223 224 13.323267
223 225 0.13984100000000002
225 226 12.871678000000001
225 227 13.086184000000001
210 228 0.132503
228 229 0.230802
229 230 12.623277999999999
229 231 11.982857
228 232 13.063956
209 233 0.36562700000000004
233 234 12.045765999999999
233 235 12.403252
208 236 12.948961
207 237 11.717564
206 238 0.255532
238 239 0.133553
239 240 0.29247
240 241 12.251635
240 242 0.392731
242 243 11.36132
242 244 11.232792
239 245 0.13836
245 246 0.125676
246 247 0.11678700000000002
247 248 0.102965
248 249 0.109474
249 250 0.33064
250 251 11.186625
250 252 12.019601
249 253 11.582578
248 254 0.415598
254 255 12.109833
254 256 11.482085
247 257 0.20313900000000001
257 258 11.231501000000002
257 259 11.438792000000001
246 260 0.115626
260 261 0.11981599999999999
261 262 0.092836
262 263 0.204976
263 264 0.191939
264 265 0.195136
265 266 0.125639
266 267 11.752991999999999
266 268 11.993882
265 269 12.764776
264 270 0.13972500000000002
270 271 0.22534099999999999
271 272 0.105897
272 273 12.336839
272 274 0.284892
274 275 12.300450999999999
274 276 13.097275
271 277 12.413685000000001
270 278 0.23863
278 279 12.694224000000002
278 280 12.148335000000001
263 281 0.150814
281 282 0.112175
282 283 11.806789
282 284 11.707797000000001
281 285 11.375231
262 286 0.07965
286 287 0.29216400000000003
287 288 0.241047
288 289 0.205325
289 290 12.636231
289 291 0.023969999999999998
291 292 0.07496799999999999
292 293 0.255957
293 294 0.23028800000000002
294 295 13.647792
294 296 13.282062999999999
293 297 0.145613
297 298 0.15999
298 299 0.484264
299 300 12.797963000000001
299 301 12.839208999999999
298 302 13.872568
297 303 13.223310999999999
292 304 0.167467
304 305 0.540331
305 306 13.223261
305 307 12.815031
304 308 0.213169
308 309 0.106343
309 310 0.143523
310 311 0.6379100000000001
311 312 13.338857
311 313 15.077503
310 314 13.784434000000001
309 315 0.174598
315 316 0.040326
316 317 0.362958
317 318 0.082384
318 319 0.129515
319 320 0.07506299999999999
320 321 0.166079
321 322 0.270664
322 323 0.158949
323 324 0.305075
324 325 0.23820999999999998
325 326 0.270206
326 327 0.070327
327 328 0.081663
328 329 0.359363
329 330 0.23071799999999998
330 331 15.33291
330 332 16.251322000000002
329 333 0.35180900000000004
333 334 15.702179
333 335 17.750697
328 336 0.167066
336 337 0.10994399999999999
337 338 0.452207
338 339 15.07069
338 340 15.038804
337 341 0.078805
341 342 0.151742
342 343 16.328588
342 344 0.08901300000000001
344 345 0.10210499999999999
345 346 0.168817
346 347 0.45915799999999996
347 348 15.18376
347 349 15.011566000000002
346 350 15.590257
345 351 0.045515
351 352 0.064688
352 353 0.107335
353 354 0.35823
354 355 0.36932699999999996
355 356 0.068368
356 357 0.51003
357 358 17.115523999999997
357 359 0.31268
359 360 0.380307
360 361 0.663318
361 362 0.337326
362 363 0.10819200000000001
363 364 0.042068999999999995
364 365 0.942987
365 366 0.366987
366 367 21.016986
366 368 20.271708999999998
365 369 0.519978
369 370 18.868253
369 371 18.104730999999997
364 372 0.201063
372 373 0.698374
373 374 16.705102999999998
373 375 18.207588
372 376 0.144394
376 377 17.395629
376 378 0.2457
378 379 17.663121
378 380 16.606981
363 381 0.084588
381 382 0.061673
382 383 0.072628
383 384 0.7845599999999999
384 385 0.398312
385 386 0.29410600000000003
386 387 20.406122
386 388 0.7708900000000001
388 389 20.621265
388 390 0.232553
390 391 21.529555000000002
390 392 19.255043999999998
385 393 19.120382
384 394 0.29609599999999997
394 395 0.241787
395 396 0.088495
396 397 18.718557999999998
396 398 19.598674
395 399 18.108933
394 400 0.739316
400 401 18.147653
400 402 20.072685
383 403 18.252955
382 404 0.38313200000000003
404 405 17.386171
404 406 17.250372
381 407 0.159439
407 408 0.38766
408 409 18.487246
408 410 17.729286
407 411 0.317817
411 412 0.41662
412 413 0.344257
413 414 18.523944
413 415 19.117876
412 416 0.29375
416 417 18.929329
416 418 21.454582
411 419 0.174369
419 420 18.359617
419 421 0.458018
421 422 19.508529
421 423 19.686909999999997
362 424 0.062764
424 425 0.675431
425 426 16.924221
425 427 17.620524
424 428 0.172212
428 429 0.14080099999999998
429 430 0.37381
430 431 0.610753
431 432 0.441891
432 433 16.024832
432 434 15.471724
431 435 17.762186
430 436 16.643611
429 437 0.16193
437 438 16.993335000000002
437 439 16.369353
428 440 17.051368
361 441 17.802957
360 442 0.868065
442 443 15.493742999999998
442 444 16.442368
359 445 16.475507
356 446 17.818496
355 447 0.209591
447 448 0.091259
448 449 16.374761
448 450 18.261782
447 451 16.502304000000002
354 452 17.075552
353 453 0.086351
453 454 0.279079
454 455 0.38466300000000003
455 456 15.355459
455 457 17.379316
454 458 15.902154
453 459 0.8243
459 460 0.385894
460 461 16.920249000000002
460 462 0.412457
462 463 0.09558499999999999
463 464 0.116054
464 465 0.079117
465 466 0.319466
466 467 0.65112
467 468 0.321909
468 469 0.16786800000000002
469 470 0.187698
470 471 0.430352
471 472 0.7491760000000001
472 473 22.918767000000003
472 474 0.298386
474 475 0.148295
475 476 0.281197
476 477 0.23023000000000002
477 478 21.002819
477 479 0.173848
479 480 0.456508
480 481 20.453117000000002
480 482 20.633505999999997
479 483 0.12034700000000001
483 484 0.15473699999999999
484 485 0.115208
485 486 0.8994230000000001
486 487 25.487648
486 488 22.699502
485 489 0.226457
489 490 0.589464
490 491 20.678358
490 492 21.835049
489 493 23.506041
484 494 0.160843
494 495 0.23707799999999998
495 496 0.27838
496 497 0.48263500000000004
497 498 24.953371
497 499 22.679258
496 500 0.681168
500 501 21.875234
500 502 23.902729
495 503 0.553223
503 504 0.445306
504 505 1.543725
505 506 26.773448
505 507 24.019197000000002
504 508 8.601369
508 509 9.476531000000001
509 510 8.717646
509 511 3.2408020000000004
508 512 25.935603
503 513 22.662917
494 514 0.343876
514 515 0.64252
515 516 24.646949000000003
515 517 21.997947
514 518 0.241675
518 519 0.20892
519 520 24.13939
519 521 22.070752
518 522 22.205646
483 523 0.32565099999999997
523 524 22.151868999999998
523 525 21.189899
476 526 21.348582
475 527 0.244884
527 528 0.142673
528 529 20.797912
528 530 0.6320830000000001
530 531 0.17306000000000002
531 532 0.23444199999999998
532 533 0.169542
533 534 0.22719099999999998
534 535 18.534655
534 536 0.044725
536 537 18.872429
536 538 0.12422399999999999
538 539 19.608852
538 540 22.493961000000002
533 541 0.356455
541 542 19.373567
541 543 0.422082
543 544 20.057539
543 545 19.03977
532 546 0.18955
546 547 0.210908
547 548 20.193682
547 549 19.891209
546 550 0.404752
550 551 0.222436
551 552 24.232444
551 553 19.736955000000002
550 554 19.825908000000002
531 555 19.182996
530 556 19.10676
527 557 22.107378
474 558 20.636172
471 559 0.27568699999999996
559 560 22.822265
559 561 0.6738
561 562 22.248146
561 563 23.961996
470 564 20.03009
469 565 0.335218
565 566 0.258482
566 567 18.91438
566 568 0.053516999999999995
568 569 18.703886
568 570 20.197578999999998
565 571 0.278899
571 572 2.27371
572 573 4.662359
573 574 4.908682000000001
574 575 3.093802
575 576 1.9580009999999999
576 577 1.9934319999999999
577 578 39.688385999999994
577 579 47.811819
576 580 39.735223
575 581 32.067117
574 582 34.687748
573 583 29.116175
572 584 3.319477
584 585 17.524448
584 586 18.880412
571 587 5.8659040000000005
587 588 14.677791000000001
587 589 13.822176
468 590 0.36264399999999997
590 591 20.182513
590 592 0.739364
592 593 32.487997
592 594 22.086205
467 595 0.16996999999999998
595 596 18.599665
595 597 19.138237
466 598 0.290058
598 599 18.175624000000003
598 600 0.538057
600 601 0.707055
601 602 21.533276
601 603 19.452529
600 604 18.295175999999998
465 605 19.000765
464 606 0.233881
606 607 0.303978
607 608 0.442485
608 609 17.099766
608 610 17.812924
607 611 17.014871
606 612 0.21006599999999997
612 613 16.883006
612 614 17.937509
463 615 0.691924
615 616 1.62204
616 617 0.24634399999999998
617 618 0.12290899999999999
618 619 0.45418200000000003
619 620 0.193147
620 621 0.9617529999999999
621 622 0.17107
622 623 0.089866
623 624 0.21229
624 625 0.20116399999999998
625 626 0.429912
626 627 20.332396
626 628 26.64027
625 629 0.23009800000000002
629 630 21.336427999999998
629 631 0.24012899999999998
631 632 21.098634
631 633 23.609994
624 634 21.085819
623 635 0.267951
635 636 0.16898200000000002
636 637 0.680808
637 638 24.174958999999998
637 639 22.361007
636 640 0.579014
640 641 20.627584
640 642 19.856285
635 643 0.198921
643 644 0.770346
644 645 0.556246
645 646 0.586488
646 647 0.401799
647 648 0.45885099999999995
648 649 0.278261
649 650 1.6449479999999999
650 651 0.6143339999999999
651 652 1.492795
652 653 29.332276
652 654 35.307384000000006
651 655 31.127263
650 656 0.170472
656 657 2.374259
657 658 31.60309
657 659 33.174146
656 660 28.045128000000002
649 661 0.261762
661 662 0.48156
662 663 27.20508
662 664 28.221804
661 665 28.841593
648 666 0.391866
666 667 28.055743
666 668 0.19799599999999998
668 669 1.101488
669 670 35.39237
669 671 27.210909
668 672 0.805473
672 673 23.983257
672 674 24.203893
647 675 0.46264
675 676 0.6882830000000001
676 677 22.412267
676 678 24.341724
675 679 0.24528000000000003
679 680 30.109423000000003
679 681 24.222874
646 682 0.552254
682 683 0.39514399999999994
683 684 24.771554000000002
683 685 0.334593
685 686 0.270994
686 687 0.380618
687 688 24.101995000000002
687 689 0.44023999999999996
689 690 25.084908
689 691 23.213648
686 692 23.639204
685 693 25.998064999999997
682 694 25.307014
645 695 0.541342
695 696 1.108005
696 697 29.154669
696 698 21.753342
695 699 21.945466
644 700 22.906087
643 701 20.533275
622 702 0.237215
702 703 0.251206
703 704 0.774335
704 705 0.588731
705 706 0.207085
706 707 0.471568
707 708 0.41190999999999994
708 709 3.2822459999999998
709 710 0.976719
710 711 0.8799990000000001
711 712 0.7759010000000001
712 713 2.209106
713 714 1.212239
714 715 0.37188899999999997
715 716 0.642604
716 717 2.501379
717 718 47.135703
717 719 47.204729
716 720 3.589487
720 721 42.967444
720 722 52.918191
715 723 37.214284
714 724 3.9963249999999997
724 725 48.471007
724 726 49.182659
713 727 1.5794639999999998
727 728 38.899379
727 729 41.398073000000004
712 730 2.399148
730 731 0.828309
731 732 36.998110000000004
731 733 51.939893999999995
730 734 3.4647240000000004
734 735 53.200627
734 736 44.057387
711 737 1.721708
737 738 1.288824
738 739 2.7822050000000003
739 740 36.996027
739 741 51.941978
738 742 36.239355
737 743 33.906514
710 744 0.137278
744 745 0.8115779999999999
745 746 3.212569
746 747 35.379586
746 748 38.248744
745 749 35.934928
744 750 32.568104
709 751 29.848667000000003
708 752 27.61168
707 753 0.310776
753 754 0.833716
754 755 0.40234600000000004
755 756 25.561477999999997
755 757 3.9049519999999998
757 758 26.965495
757 759 20.888443000000002
754 760 0.601767
760 761 25.272484000000002
760 762 0.8412869999999999
762 763 30.861632
762 764 1.000293
764 765 29.792647
764 766 34.298999
753 767 0.11759900000000001
767 768 0.29393800000000003
768 769 0.29825799999999997
769 770 0.614222
770 771 31.56073
770 772 0.501555
772 773 1.01111
773 774 29.495258000000003
773 775 2.607733
775 776 38.313114999999996
775 777 32.754205
772 778 1.164016
778 779 1.4396849999999999
779 780 0.860471
780 781 33.294653000000004
780 782 33.292268
779 783 0.668667
783 784 0.274727
784 785 31.223444999999998
784 786 0.300888
786 787 0.787379
787 788 30.627819000000002
787 789 0.378372
789 790 1.104485
790 791 0.5860350000000001
791 792 1.553059
792 793 1.1364809999999999
793 794 0.22867099999999999
794 795 38.923237
794 796 0.36659800000000003
796 797 0.76861
797 798 1.327446
798 799 5.874542
799 800 55.32329
799 801 1.809784
801 802 1.49865
802 803 43.14534
802 804 48.922521
801 805 50.105588
798 806 43.547461999999996
797 807 2.638937
807 808 49.061573
807 809 43.193633
796 810 1.366627
810 811 1.451312
811 812 39.271985
811 813 32.092696
810 814 1.18832
814 815 2.030111
815 816 2.75944
816 817 44.987148
816 818 3.569381
818 819 42.975671
818 820 37.65218
815 821 1.236686
821 822 48.916692
821 823 44.660256
814 824 0.176672
824 825 0.50149
825 826 39.31351
825 827 1.518542
827 828 34.603578
827 829 40.567424
824 830 40.886114
793 831 34.492735
792 832 0.7497560000000001
832 833 0.877999
833 834 1.7558239999999998
834 835 1.059882
835 836 1.341691
836 837 34.690096
836 838 33.173186
835 839 34.614933
834 840 49.967819000000006
833 841 0.296107
841 842 34.557368
841 843 0.761294
843 844 1.279288
844 845 35.340712
844 846 40.142125
843 847 41.137458
832 848 1.474715
848 849 1.100598
849 850 1.324862
850 851 0.9025439999999999
851 852 48.030184999999996
851 853 0.892819
853 854 1.106111
854 855 0.377469
855 856 0.101081
856 857 44.011043
856 858 42.778449
855 859 42.240297999999996
854 860 1.13631
860 861 44.409507999999995
860 862 45.255708
853 863 41.711776
850 864 1.8773000000000002
864 865 0.45561799999999997
865 866 43.153177
865 867 1.454658
867 868 0.749169
868 869 42.801128
868 870 40.684855
867 871 40.658579
864 872 51.46988
849 873 38.086534
848 874 43.619468
791 875 46.413491
790 876 32.294328
789 877 30.668098999999998
786 878 0.42256699999999997
878 879 29.233618
878 880 28.052556
783 881 0.9033589999999999
881 882 0.773987
882 883 39.446442
882 884 28.99042
881 885 29.236549
778 886 32.283615
769 887 27.860875
768 888 0.904943
888 889 24.26765
888 890 1.464567
890 891 0.424288
891 892 29.322781
891 893 0.173574
893 894 0.9788150000000001
894 895 0.588542
895 896 2.0711380000000004
896 897 2.594701
897 898 36.548915
897 899 0.5773389999999999
899 900 3.8609869999999997
900 901 38.108711
900 902 56.615729
899 903 33.620194
896 904 29.955944000000002
895 905 26.744831
894 906 0.550914
906 907 26.748749999999998
906 908 1.5077200000000002
908 909 30.470026
908 910 29.106970999999998
893 911 29.784591
890 912 30.582233
767 913 0.454068
913 914 0.094295
914 915 28.026349
914 916 0.171685
916 917 1.322497
917 918 26.5092
917 919 24.745973
916 920 1.621113
920 921 30.534999000000003
920 922 29.951027000000003
913 923 24.670219
706 924 0.9845710000000001
924 925 24.280678
924 926 25.254504999999998
705 927 0.522334
927 928 0.187273
928 929 22.33849
928 930 0.441322
930 931 23.549863
930 932 22.986103
927 933 24.42657
704 934 23.100876
703 935 23.282676
702 936 0.074636
936 937 23.041816
936 938 0.501987
938 939 22.501450000000002
938 940 23.708692
621 941 0.296427
941 942 21.204756
941 943 21.61816
620 944 21.109165
619 945 21.181639999999998
618 946 1.075786
946 947 19.735212
946 948 19.952965
617 949 0.624127
949 950 19.415322
949 951 18.515149
616 952 0.751767
952 953 21.251744
952 954 1.313647
954 955 20.368412
954 956 19.220937
615 957 16.658679000000003
462 958 0.371763
958 959 0.414523
959 960 17.743768
959 961 16.984698
958 962 16.537432
459 963 0.102843
963 964 17.154904000000002
963 965 16.659950000000002
352 966 16.198007
351 967 1.167851
967 968 14.515569000000001
967 969 14.572718000000002
344 970 0.289402
970 971 14.830489
970 972 15.364836
341 973 0.521894
973 974 0.48637400000000003
974 975 16.098703
974 976 30.764543
973 977 0.327261
977 978 0.32511
978 979 16.885441
978 980 17.476084
977 981 15.947247
336 982 0.138382
982 983 0.5935400000000001
983 984 14.852585
983 985 15.687206000000002
982 986 15.855015
327 987 0.089966
987 988 0.131737
988 989 14.854118
988 990 0.15820299999999998
990 991 0.196177
991 992 15.845458
991 993 15.127491000000001
990 994 15.074062999999999
987 995 0.30753
995 996 15.302138000000001
995 997 14.979133000000001
326 998 0.137083
998 999 15.449349000000002
998 1000 0.09120400000000001
1000 1001 15.541404
1000 1002 0.295555
1002 1003 0.33569899999999997
1003 1004 16.725845
1003 1005 16.098267999999997
1002 1006 15.76541
325 1007 0.239241
1007 1008 0.436133
1008 1009 14.296638
1008 1010 14.036224
1007 1011 0.328181
1011 1012 0.751452
1012 1013 0.049237
1013 1014 16.711743000000002
1013 1015 15.312632
1012 1016 14.915223
1011 1017 0.202774
1017 1018 14.134314
1017 1019 14.701175999999998
324 1020 0.153252
1020 1021 14.35262
1020 1022 0.23609299999999997
1022 1023 14.229847000000001
1022 1024 14.85844
323 1025 1.3469689999999999
1025 1026 13.193103
1025 1027 13.006356
322 1028 13.486981
321 1029 14.855351
320 1030 14.325493999999999
319 1031 0.17117300000000002
1031 1032 0.26514099999999996
1032 1033 13.611752
1032 1034 13.727549999999999
1031 1035 14.524026000000001
318 1036 0.11853899999999999
1036 1037 0.08834
1037 1038 0.25298
1038 1039 0.365965
1039 1040 16.149134
1039 1041 0.470393
1041 1042 15.729665
1041 1043 14.294109999999998
1038 1044 0.49161400000000005
1044 1045 14.754961
1044 1046 0.40064
1046 1047 0.43699200000000005
1047 1048 17.870893
1047 1049 16.399209
1046 1050 15.522995
1037 1051 0.171934
1051 1052 0.101482
1052 1053 14.808903
1052 1054 0.42144000000000004
1054 1055 14.803284
1054 1056 15.477987
1051 1057 0.190784
1057 1058 15.864368
1057 1059 0.35400000000000004
1059 1060 0.064067
1060 1061 15.366133000000001
1060 1062 14.230742
1059 1063 14.651337999999999
1036 1064 0.23708100000000001
1064 1065 0.322195
1065 1066 15.914206
1065 1067 14.109569
1064 1068 14.528114
317 1069 0.020384
1069 1070 0.437348
1070 1071 14.038969000000002
1070 1072 13.629802
1069 1073 0.38350799999999996
1073 1074 13.692721999999998
1073 1075 0.22435200000000002
1075 1076 13.279964999999999
1075 1077 13.977237
316 1078 0.14436500000000002
1078 1079 0.20824099999999998
1079 1080 13.044817
1079 1081 13.154643
1078 1082 0.114276
1082 1083 13.866659
1082 1084 14.216359
315 1085 0.22779200000000002
1085 1086 0.294987
1086 1087 13.196753999999999
1086 1088 14.060447000000002
1085 1089 0.325691
1089 1090 13.68893
1089 1091 13.404387000000002
308 1092 0.22897699999999999
1092 1093 0.076616
1093 1094 12.954937999999999
1093 1095 0.386679
1095 1096 13.833633
1095 1097 13.670191
1092 1098 0.24611899999999998
1098 1099 13.911676
1098 1100 13.757095
291 1101 0.146365
1101 1102 0.364395
1102 1103 12.944074
1102 1104 0.47469
1104 1105 12.167775
1104 1106 12.595876
1101 1107 12.975371999999998
288 1108 0.22242
1108 1109 0.177014
1109 1110 12.202520999999999
1109 1111 13.115592000000001
1108 1112 12.843969999999999
287 1113 0.113152
1113 1114 12.005731
1113 1115 0.41113299999999997
1115 1116 11.987409
1115 1117 11.218817
286 1118 0.228313
1118 1119 11.253708
1118 1120 0.46621199999999996
1120 1121 10.886331
1120 1122 11.707781
261 1123 11.337116
260 1124 11.152937
245 1125 0.270417
1125 1126 0.28268899999999997
1126 1127 11.088338
1126 1128 11.429688
1125 1129 0.08288
1129 1130 10.562635
1129 1131 11.803503
238 1132 11.384248
203 1133 0.291778
1133 1134 10.152751
1133 1135 1.069666
1135 1136 10.357052
1135 1137 11.105623000000001
200 1138 0.26610100000000003
1138 1139 9.099490000000001
1138 1140 9.091058
199 1141 0.061182999999999994
1141 1142 9.751477
1141 1143 9.294238
198 1144 0.22243100000000002
1144 1145 8.258068999999999
1144 1146 0.175824
1146 1147 8.262062
1146 1148 0.038246
1148 1149 9.806429
1148 1150 0.173489
1150 1151 0.132672
1151 1152 0.151885
1152 1153 0.124854
1153 1154 0.161765
1154 1155 0.093357
1155 1156 0.061939999999999995
1156 1157 0.043204
1157 1158 0.116991
1158 1159 0.328048
1159 1160 10.106158
1159 1161 9.661727
1158 1162 9.447902
1157 1163 0.118118
1163 1164 0.147693
1164 1165 0.083509
1165 1166 0.139548
1166 1167 0.138878
1167 1168 0.10862899999999999
1168 1169 0.194223
1169 1170 0.155677
1170 1171 0.217834
1171 1172 0.327262
1172 1173 0.504808
1173 1174 13.304948
1173 1175 12.492364
1172 1176 0.520962
1176 1177 10.798651
1176 1178 11.719375
1171 1179 11.496369
1170 1180 0.126411
1180 1181 0.159352
1181 1182 0.22369400000000003
1182 1183 11.894838
1182 1184 10.85173
1181 1185 0.33365
1185 1186 10.443563000000001
1185 1187 9.908412
1180 1188 11.19563
1169 1189 0.29244000000000003
1189 1190 10.877531
1189 1191 9.990226
1168 1192 0.274614
1192 1193 0.444851
1193 1194 0.15539
1194 1195 11.859011
1194 1196 11.42416
1193 1197 10.645483
1192 1198 10.286927
1167 1199 0.19278399999999998
1199 1200 11.281726
1199 1201 0.234288
1201 1202 10.109387
1201 1203 10.684415999999999
1166 1204 0.397863
1204 1205 9.754942
1204 1206 0.202631
1206 1207 9.687607
1206 1208 10.152978
1165 1209 9.678258000000001
1164 1210 10.035121
1163 1211 0.117436
1211 1212 0.30513799999999996
1212 1213 10.103401
1212 1214 9.591872
1211 1215 0.43134100000000003
1215 1216 10.635485
1215 1217 9.496788
1156 1218 0.082583
1218 1219 0.075541
1219 1220 0.143511
1220 1221 0.294537
1221 1222 0.164965
1222 1223 10.301444
1222 1224 0.018203
1224 1225 0.245452
1225 1226 0.285517
1226 1227 11.782779999999999
1226 1228 10.811332
1225 1229 0.244005
1229 1230 10.705516
1229 1231 10.757159
1224 1232 10.636353
1221 1233 0.145121
1233 1234 11.067029999999999
1233 1235 0.175682
1235 1236 9.819983
1235 1237 9.87529
1220 1238 10.068067
1219 1239 0.289555
1239 1240 0.49251599999999995
1240 1241 10.624044000000001
1240 1242 12.42858
1239 1243 0.137414
1243 1244 10.300679
1243 1245 9.758538999999999
1218 1246 0.236324
1246 1247 10.547716
1246 1248 9.365658
1155 1249 0.150132
1249 1250 0.227956
1250 1251 8.974511
1250 1252 9.499721
1249 1253 0.166312
1253 1254 8.944733000000001
1253 1255 9.458450000000001
1154 1256 0.24898099999999998
1256 1257 0.314103
1257 1258 9.735745
1257 1259 10.10484
1256 1260 0.029474
1260 1261 9.714643
1260 1262 9.259333999999999
1153 1263 0.295108
1263 1264 8.938686
1263 1265 8.758678
1152 1266 0.149942
1266 1267 0.292035
1267 1268 8.624549
1267 1269 9.143017
1266 1270 8.417665000000001
1151 1271 0.102933
1271 1272 0.119806
1272 1273 0.131695
1273 1274 0.120066
1274 1275 0.097509
1275 1276 9.489976
1275 1277 9.412351
1274 1278 0.41814
1278 1279 8.986835
1278 1280 8.991842
1273 1281 0.078421
1281 1282 9.48417
1281 1283 0.128543
1283 1284 0.270961
1284 1285 9.58537
1284 1286 0.222111
1286 1287 9.211399
1286 1288 9.049943
1283 1289 9.737994
1272 1290 0.259335
1290 1291 9.135723
1290 1292 9.552169000000001
1271 1293 0.213712
1293 1294 9.172201000000001
1293 1295 0.10026900000000001
1295 1296 9.015284
1295 1297 9.104556
1150 1298 0.040492
1298 1299 0.458716
1299 1300 8.175414
1299 1301 8.203866999999999
1298 1302 0.338381
1302 1303 8.468580000000001
1302 1304 8.392854
197 1305 0.152004
1305 1306 0.196674
1306 1307 8.369909999999999
1306 1308 8.078006
1305 1309 0.067162
1309 1310 0.080534
1310 1311 0.10769600000000001
1311 1312 8.6232
1311 1313 8.724407000000001
1310 1314 0.082214
1314 1315 0.263971
1315 1316 8.272722
1315 1317 8.588711
1314 1318 0.16745900000000002
1318 1319 0.23956799999999998
1319 1320 0.313883
1320 1321 10.170441
1320 1322 0.077297
1322 1323 0.098734
1323 1324 0.186748
1324 1325 0.33180699999999996
1325 1326 0.276448
1326 1327 9.760112
1326 1328 9.935161
1325 1329 0.20234300000000002
1329 1330 10.68643
1329 1331 9.518988
1324 1332 0.42594
1332 1333 0.156475
1333 1334 0.168265
1334 1335 11.310903
1334 1336 0.157834
1336 1337 9.991205
1336 1338 9.922169
1333 1339 0.446089
1339 1340 10.273477
1339 1341 10.151911
1332 1342 0.256425
1342 1343 0.058634
1343 1344 0.132903
1344 1345 0.35878099999999996
1345 1346 11.546467
1345 1347 0.493256
1347 1348 11.109179
1347 1349 2.4257109999999997
1349 1350 6.588139
1349 1351 8.034673
1344 1352 2.789376
1352 1353 7.825805
1352 1354 7.871562999999999
1343 1355 0.18071199999999998
1355 1356 0.251236
1356 1357 0.048311
1357 1358 0.43690100000000004
1358 1359 11.552761
1358 1360 14.004494000000001
1357 1361 0.133786
1361 1362 0.263711
1362 1363 10.661555
1362 1364 11.477456
1361 1365 0.144588
1365 1366 10.994702
1365 1367 0.131041
1367 1368 0.37013599999999997
1368 1369 11.817689000000001
1368 1370 0.363953
1370 1371 0.327737
1371 1372 10.882606000000001
1371 1373 0.18207900000000002
1373 1374 10.130762
1373 1375 10.368128
1370 1376 10.758844
1367 1377 0.044497999999999996
1377 1378 0.16077000000000002
1378 1379 0.040393
1379 1380 0.21196299999999998
1380 1381 0.032738
1381 1382 3.436781
1382 1383 2.1809760000000002
1383 1384 6.910032000000001
1383 1385 4.731962
1382 1386 7.6610759999999996
1381 1387 11.573869
1380 1388 11.936136
1379 1389 0.186552
1389 1390 0.068421
1390 1391 0.42269500000000004
1391 1392 13.917452999999998
1391 1393 0.211787
1393 1394 13.319829
1393 1395 0.520017
1395 1396 0.21463200000000002
1396 1397 12.085946
1396 1398 0.773522
1398 1399 0.37365
1399 1400 0.10263
1400 1401 0.240867
1401 1402 0.036510999999999995
1402 1403 0.27814099999999997
1403 1404 14.330779
1403 1405 15.181052000000001
1402 1406 0.125715
1406 1407 0.42555
1407 1408 14.719994999999999
1407 1409 13.947515
1406 1410 0.313605
1410 1411 13.344546
1410 1412 14.489601999999998
1401 1413 0.844372
1413 1414 14.203678
1413 1415 15.053693
1400 1416 0.36744899999999997
1416 1417 0.551616
1417 1418 13.197684
1417 1419 12.921140000000001
1416 1420 13.934326
1399 1421 0.169124
1421 1422 13.324308000000002
1421 1423 0.18041400000000002
1423 1424 13.048646
1423 1425 13.231551999999999
1398 1426 13.985420000000001
1395 1427 12.059364
1390 1428 0.47439600000000004
1428 1429 0.105988
1429 1430 0.416982
1430 1431 0.260467
1431 1432 12.839225
1431 1433 12.161449000000001
1430 1434 0.221404
1434 1435 11.420002
1434 1436 11.632622
1429 1437 0.357682
1437 1438 4.388395
1438 1439 7.336768
1438 1440 7.020522999999999
1437 1441 12.29661
1428 1442 0.568234
1442 1443 0.142787
1443 1444 10.728214
1443 1445 0.156295
1445 1446 11.349958
1445 1447 10.337327
1442 1448 0.149137
1448 1449 0.527152
1449 1450 10.260134
1449 1451 9.65324
1448 1452 0.263544
1452 1453 9.588291
1452 1454 10.252294000000001
1389 1455 0.308563
1455 1456 0.261604
1456 1457 12.370388
1456 1458 11.765582
1455 1459 0.5499590000000001
1459 1460 11.611277000000001
1459 1461 10.982835
1378 1462 11.719538
1377 1463 0.14513600000000001
1463 1464 12.628906
1463 1465 11.351131
1356 1466 0.381745
1466 1467 10.327050999999999
1466 1468 10.245432000000001
1355 1469 10.777464
1342 1470 0.320467
1470 1471 10.301553
1470 1472 0.7642859999999999
1472 1473 10.662434
1472 1474 9.689541
1323 1475 1.379381
1475 1476 8.933235
1475 1477 8.484157
1322 1478 0.306171
1478 1479 0.17849
1479 1480 9.135757
1479 1481 9.125584
1478 1482 9.200638999999999
1319 1483 0.21428200000000003
1483 1484 0.875322
1484 1485 7.973178
1484 1486 8.132373
1483 1487 8.944939999999999
1318 1488 0.11447600000000001
1488 1489 0.09662699999999999
1489 1490 0.121129
1490 1491 0.19862399999999997
1491 1492 8.023866
1491 1493 8.906774
1490 1494 8.233324999999999
1489 1495 8.729575
1488 1496 8.749811000000001
1309 1497 0.185391
1497 1498 9.314112
1497 1499 8.313134
196 1500 0.026501999999999998
1500 1501 0.111717
1501 1502 0.10782000000000001
1502 1503 0.071345
1503 1504 8.161518
1503 1505 8.423911
1502 1506 0.274997
1506 1507 8.544714
1506 1508 8.316719
1501 1509 7.702883000000001
1500 1510 0.13142099999999998
1510 1511 8.345851
1510 1512 0.118045
1512 1513 8.135850999999999
1512 1514 7.9697000000000005
195 1515 0.08878
1515 1516 7.752543000000001
1515 1517 0.33426799999999995
1517 1518 0.041338
1518 1519 8.060125999999999
1518 1520 7.977194999999999
1517 1521 7.671285999999999
188 1522 0.08157299999999999
1522 1523 7.783271999999999
1522 1524 7.9819260000000005
187 1525 0.012405000000000001
1525 1526 0.038187
1526 1527 0.155327
1527 1528 6.501431
1527 1529 0.28181
1529 1530 7.174838
1529 1531 7.050154999999999
1526 1532 0.189224
1532 1533 6.628531
1532 1534 6.549017999999999
1525 1535 0.12698399999999999
1535 1536 0.12293199999999999
1536 1537 0.25175000000000003
1537 1538 0.20538800000000001
1538 1539 6.31037
1538 1540 6.030203
1537 1541 0.056817
1541 1542 0.048576
1542 1543 6.179327
1542 1544 0.32537299999999997
1544 1545 0.23076400000000002
1545 1546 0.09718399999999999
1546 1547 0.13489
1547 1548 5.735806
1547 1549 0.274169
1549 1550 5.670496
1549 1551 5.656833
1546 1552 0.14885
1552 1553 0.21056899999999998
1553 1554 0.302027
1554 1555 4.956189
1554 1556 0.10921299999999999
1556 1557 0.34108499999999997
1557 1558 4.953183
1557 1559 0.36684
1559 1560 5.0649880000000005
1559 1561 4.898678
1556 1562 5.429138
1553 1563 5.4683019999999996
1552 1564 0.00813
1564 1565 5.655709
1564 1566 0.102497
1566 1567 5.811100000000001
1566 1568 5.328282
1545 1569 6.399055
1544 1570 5.961328
1541 1571 0.058688000000000004
1571 1572 0.6326309999999999
1572 1573 5.7082939999999995
1572 1574 6.3136600000000005
1571 1575 6.146686
1536 1576 6.653688000000001
1535 1577 0.0359
1577 1578 0.04408
1578 1579 6.5749059999999995
1578 1580 0.077787
1580 1581 7.203548
1580 1582 6.889452
1577 1583 6.723978999999999
186 1584 0.06389399999999999
1584 1585 0.106488
1585 1586 0.139937
1586 1587 6.823076
1586 1588 6.614523999999999
1585 1589 0.19493
1589 1590 0.16481600000000002
1590 1591 0.20695000000000002
1591 1592 7.221187
1591 1593 7.1361040000000004
1590 1594 7.204045000000001
1589 1595 7.58058
1584 1596 0.213416
1596 1597 6.99887
1596 1598 6.831062
87 1599 0.143184
1599 1600 0.266378
1600 1601 6.414739
1600 1602 6.82771
1599 1603 0.172567
1603 1604 6.516532
1603 1605 6.402157999999999
86 1606 0.07718900000000001
1606 1607 0.15837500000000002
1607 1608 0.465489
1608 1609 6.290832
1608 1610 6.886716
1607 1611 6.156482
1606 1612 6.888984
85 1613 0.13311499999999998
1613 1614 0.025379
1614 1615 6.137154000000001
1614 1616 0.158281
1616 1617 7.217452000000001
1616 1618 0.158169
1618 1619 7.217901
1618 1620 5.9596469999999995
1613 1621 0.016778
1621 1622 0.056037000000000003
1622 1623 0.147859
1623 1624 0.012619000000000002
1624 1625 0.463624
1625 1626 6.462937
1625 1627 6.585033999999999
1624 1628 6.157973
1623 1629 6.350873999999999
1622 1630 0.25332699999999997
1630 1631 6.157589
1630 1632 5.927944
1621 1633 0.108631
1633 1634 6.1155349999999995
1633 1635 0.345103
1635 1636 6.089742
1635 1637 6.699961999999999
84 1638 0.5538259999999999
1638 1639 6.18801
1638 1640 5.770438
83 1641 0.29995
1641 1642 6.261207000000001
1641 1643 0.06952599999999999
1643 1644 0.196135
1644 1645 6.595558
1644 1646 5.489974999999999
1643 1647 5.753898
64 1648 0.23198799999999997
1648 1649 6.21496
1648 1650 5.680053
63 1651 0.093521
1651 1652 5.655804
1651 1653 5.546156
62 1654 0.21488200000000002
1654 1655 4.911772
1654 1656 6.040298
61 1657 0.181477
1657 1658 0.114952
1658 1659 5.815129
1658 1660 5.574991
1657 1661 0.134708
1661 1662 0.19983800000000002
1662 1663 4.580248
1662 1664 4.653622
1661 1665 4.902578
60 1666 0.074878
1666 1667 5.461448
1666 1668 0.13942500000000002
1668 1669 0.294684
1669 1670 5.776869
1669 1671 5.865126
1668 1672 0.036966
1672 1673 0.252509
1673 1674 6.057518
1673 1675 5.458397000000001
1672 1676 5.349749
59 1677 0.111622
1677 1678 0.087756
1678 1679 4.966576
1678 1680 4.874779
1677 1681 5.139348
52 1682 0.156432
1682 1683 4.741882
1682 1684 4.794886
49 1685 0.30592
1685 1686 0.334147
1686 1687 5.473491
1686 1688 4.551433
1685 1689 5.203735
48 1690 0.22061899999999998
1690 1691 6.583022
1690 1692 1.158233
1692 1693 1.146552
1693 1694 2.52962
1694 1695 2.881922
1694 1696 0.845479
1693 1697 4.111935
1692 1698 4.996276
47 1699 0.15931299999999998
1699 1700 0.110657
1700 1701 5.913349999999999
1700 1702 5.602565
1699 1703 0.21226
1703 1704 5.838572999999999
1703 1705 0.204222
1705 1706 0.19175699999999998
1706 1707 0.184359
1707 1708 0.147483
1708 1709 5.464961
1708 1710 5.114377
1707 1711 0.206583
1711 1712 5.234115
1711 1713 8.793004
1706 1714 0.193072
1714 1715 0.079935
1715 1716 0.262566
1716 1717 4.2291549999999996
1716 1718 4.944336
1715 1719 0.18753999999999998
1719 1720 4.8947400000000005
1719 1721 0.057111
1721 1722 5.0849720000000005
1721 1723 4.634345
1714 1724 0.163149
1724 1725 4.738015
1724 1726 0.12023400000000001
1726 1727 4.464019
1726 1728 4.468627
1705 1729 0.083191
1729 1730 0.36491700000000005
1730 1731 0.33592
1731 1732 5.059064
1731 1733 5.520275
1730 1734 5.5781030000000005
1729 1735 0.166955
1735 1736 5.507528
1735 1737 5.257862
46 1738 0.130329
1738 1739 0.098474
1739 1740 0.121878
1740 1741 4.7356
1740 1742 0.391165
1742 1743 4.1034250000000005
1742 1744 4.231742000000001
1739 1745 4.269221
1738 1746 0.029242
1746 1747 0.05361
1747 1748 0.087174
1748 1749 0.046854
1749 1750 0.082915
1750 1751 4.388083
1750 1752 0.108429
1752 1753 4.332175
1752 1754 4.480448
1749 1755 0.11305799999999999
1755 1756 3.9887409999999996
1755 1757 0.172354
1757 1758 0.044878
1758 1759 0.138927
1759 1760 0.083864
1760 1761 4.344202
1760 1762 4.169517
1759 1763 0.23049
1763 1764 0.078755
1764 1765 4.82299
1764 1766 4.592417
1763 1767 4.932893
1758 1768 0.05531200000000001
1768 1769 4.710085
1768 1770 4.282673
1757 1771 4.3856850000000005
1748 1772 0.19713299999999997
1772 1773 3.839604
1772 1774 3.904618
1747 1775 3.5243089999999997
1775 1776 0.445474
1775 1777 0.47385400000000005
1746 1778 0.446019
1778 1779 0.286819
1779 1780 4.389915
1779 1781 3.945252
1778 1782 4.149482
45 1783 0.089664
1783 1784 0.226933
1784 1785 0.253546
1785 1786 0.105966
1786 1787 4.339785
1786 1788 0.303473
1788 1789 3.9348639999999997
1788 1790 0.26041
1790 1791 3.8439010000000002
1790 1792 3.607265
1785 1793 6.919706000000001
1784 1794 1.168764
1794 1795 4.31369
1794 1796 4.739245
1783 1797 5.40812
44 1798 0.17668
1798 1799 0.264163
1799 1800 0.045186
1800 1801 0.170809
1801 1802 0.042388
1802 1803 0.0973
1803 1804 0.14453
1804 1805 0.173234
1805 1806 0.452949
1806 1807 2.622644
1806 1808 2.149962
1805 1809 2.464823
1804 1810 2.450348
1803 1811 0.053626
1811 1812 0.035722
1812 1813 0.291098
1813 1814 2.2419350000000002
1813 1815 2.088022
1812 1816 2.791056
1811 1817 0.044035
1817 1818 2.457084
1817 1819 0.08203099999999999
1819 1820 0.163586
1820 1821 0.131353
1821 1822 0.168323
1822 1823 0.19872499999999998
1823 1824 0.163873
1824 1825 1.6924249999999998
1824 1826 0.06327200000000001
1826 1827 1.6282510000000001
1826 1828 2.426949
1823 1829 1.212297
1822 1830 0.11726900000000001
1830 1831 5.411537
1830 1832 1.864561
1821 1833 2.97181
1820 1834 0.366066
1834 1835 2.9577329999999997
1834 1836 2.994945
1819 1837 0.237572
1837 1838 2.080733
1837 1839 0.21044200000000002
1839 1840 2.590454
1839 1841 0.112622
1841 1842 0.15717599999999998
1842 1843 0.302931
1843 1844 3.414581
1843 1845 0.12689
1845 1846 0.209001
1846 1847 3.130225
1846 1848 5.145555
1845 1849 3.4036299999999997
1842 1850 0.02582
1850 1851 0.30661099999999997
1851 1852 0.379509
1852 1853 4.3459900000000005
1852 1854 7.739543
1851 1855 3.080218
1850 1856 1.647951
1856 1857 5.466876
1856 1858 1.513781
1858 1859 5.824353
1858 1860 33.863824
1841 1861 2.039793
1802 1862 0.086553
1862 1863 0.030149000000000002
1863 1864 2.686033
1863 1865 0.063965
1865 1866 2.593689
1865 1867 2.737552
1862 1868 0.042644
1868 1869 0.250586
1869 1870 3.241425
1869 1871 0.10733400000000001
1871 1872 2.93876
1871 1873 3.4705090000000003
1868 1874 0.158767
1874 1875 0.247118
1875 1876 2.492495
1875 1877 0.229949
1877 1878 2.6292340000000003
1877 1879 0.24894499999999997
1879 1880 0.17267000000000002
1880 1881 0.118078
1881 1882 0.051605
1882 1883 0.406469
1883 1884 1.331273
1883 1885 0.41991600000000007
1885 1886 0.187531
1886 1887 0.046611
1887 1888 0.631189
1887 1889 4.531835
1886 1890 3.5033469999999998
1885 1891 1.23164
1882 1892 2.454103
1881 1893 1.5070480000000002
1880 1894 1.7696300000000003
1879 1895 0.074248
1895 1896 0.073181
1896 1897 0.465176
1897 1898 2.382614
1897 1899 2.112895
1896 1900 2.8154339999999998
1895 1901 0.119506
1901 1902 1.6739110000000001
1901 1903 1.944683
1874 1904 2.82905
1801 1905 0.067775
1905 1906 2.931279
1905 1907 2.456154
1800 1908 0.336841
1908 1909 3.854084
1908 1910 3.07359
1799 1911 0.416486
1911 1912 0.23079099999999997
1912 1913 4.816065
1912 1914 5.02529
1911 1915 3.841588
1798 1916 0.236825
1916 1917 0.140832
1917 1918 0.428972
1918 1919 3.4018550000000003
1918 1920 3.12218
1917 1921 0.069176
1921 1922 0.11373100000000001
1922 1923 0.215429
1923 1924 3.266298
1923 1925 0.138635
1925 1926 3.001679
1925 1927 3.12176
1922 1928 3.3056799999999997
1921 1929 2.904664
1916 1930 4.105252
43 1931 0.119439
1931 1932 0.031797
1932 1933 0.109311
1933 1934 0.034373
1934 1935 0.204143
1935 1936 4.439814
1935 1937 3.186994
1934 1938 0.034603
1938 1939 0.066416
1939 1940 0.029538999999999996
1940 1941 3.417538
1940 1942 3.336772
1939 1943 0.07513
1943 1944 0.126705
1944 1945 0.263666
1945 1946 3.34771
1945 1947 2.889876
1944 1948 3.2287540000000003
1943 1949 0.046443
1949 1950 3.430028
1949 1951 3.3242830000000003
1938 1952 0.029661999999999997
1952 1953 3.5347589999999998
1952 1954 4.150724
1933 1955 0.074991
1955 1956 3.7367160000000004
1955 1957 0.113937
1957 1958 0.083172
1958 1959 0.312436
1959 1960 3.3751320000000002
1959 1961 3.610454
1958 1962 3.704548
1957 1963 3.45277
1932 1964 0.193854
1964 1965 0.10413099999999999
1965 1966 0.122772
1966 1967 3.834977
1966 1968 4.263034
1965 1969 0.115628
1969 1970 4.372966
1969 1971 3.9028140000000002
1964 1972 0.150252
1972 1973 3.78078
1972 1974 0.223309
1974 1975 0.078293
1975 1976 3.9420339999999996
1975 1977 4.215167999999999
1974 1978 4.297537
1931 1979 0.20677099999999998
1979 1980 0.22044299999999997
1980 1981 4.4680919999999995
1980 1982 0.32934599999999997
1982 1983 4.962438000000001
1982 1984 5.616899999999999
1979 1985 4.429024
2 1986 4.145738000000001
1 1987 0.167811
1987 1988 4.255304
1987 1989 0.334092
1989 1990 0.9200409999999999
1990 1991 1.5692279999999998
1991 1992 7.716748
1991 1993 13.447735999999999
1990 1994 10.102648
1989 1995 0.166045
1995 1996 8.971914
1995 1997 6.185663
1 1998 5.405067
