21165 12
4024 13
11345 15
4339 16
14285 22
31598 23
14687 29
35973 30
34428 32
3444 33
17023 34
39334 38
22647 40
15286 41
13138 47
7370 48
29303 50
43322 51
44093 55
17920 58
19916 59
13397 62
34649 63
36409 65
105 67
26545 70
33259 75
40544 76
35034 78
18004 79
1665 81
20116 82
42739 84
15026 85
13390 86
15578 88
22934 91
21452 92
7520 93
34456 99
36703 103
34002 106
27016 107
43767 108
18598 109
7478 111
26198 112
14451 115
35680 117
22435 118
33726 119
22910 121
23148 122
30203 126
31463 127
40957 129
14529 130
35648 131
33728 137
39886 139
34734 140
11643 141
3266 145
32546 146
38673 148
11967 149
44108 150
32838 153
39696 154
6337 155
26159 159
17915 160
10145 162
16657 163
35496 172
41966 173
37609 178
37081 179
25963 187
22384 188
26811 190
23071 191
21716 192
39267 193
6792 194
40388 203
19871 212
1555 213
9701 216
8671 217
3571 218
41422 221
5469 226
6239 227
6717 230
19500 231
34865 232
42413 234
10687 235
21136 240
11846 241
33289 243
5979 244
11448 247
13310 249
7400 250
16273 251
41675 256
21847 257
29896 262
7325 264
10068 265
14509 267
7927 268
29615 270
13216 271
20058 273
19956 274
6340 278
41567 280
25035 281
31275 282
19736 283
27717 285
19615 288
7753 289
35353 290
28174 293
6316 294
6789 295
15693 296
5937 299
11825 300
32889 301
8999 305
44174 306
38981 312
34885 314
39673 318
19759 319
14900 324
38057 325
20575 326
27400 328
16429 329
15555 332
4042 333
9413 336
30912 340
7357 341
23907 346
19102 347
32346 352
17070 353
43609 354
35749 361
33128 364
20377 365
2053 366
41387 367
6821 369
7235 370
12033 371
27643 378
35096 379
6154 381
11701 383
13741 385
29487 386
8081 389
35296 393
38876 395
10101 396
4548 397
33275 398
36365 401
36216 403
35292 404
23016 405
22562 407
43319 409
4896 410
26730 413
27788 414
28814 415
31575 418
17769 420
31505 423
15732 425
3945 426
35389 428
36726 430
39711 431
21114 432
21800 433
17505 437
13507 439
23592 440
15474 442
4262 443
25649 445
36721 446
39631 448
15582 450
34643 451
32535 452
19414 455
3622 457
17900 458
14405 461
12360 462
29833 463
16140 466
40302 467
24320 468
44310 470
31799 471
34851 473
31848 474
41154 477
21970 479
1501 481
41553 482
29095 487
9560 489
14211 490
32028 493
20619 497
8568 498
7732 500
36199 501
1074 503
19716 504
28410 506
13247 507
8931 509
438 510
35718 511
36800 513
29885 514
7314 515
29141 518
2550 519
16502 520
42568 522
22862 523
23961 527
7745 528
3664 530
40180 531
20614 532
14004 533
22325 534
16241 535
30707 542
15847 543
950 544
32938 547
3206 548
36985 549
7330 552
25796 555
26109 557
32179 558
32080 560
13805 562
25328 563
31839 564
42404 568
11702 571
18240 572
33053 575
417 577
39987 579
6883 580
10871 581
4130 582
35066 584
22903 586
37813 587
41552 591
14220 592
33778 594
11202 596
14346 597
3368 598
2016 600
26257 602
41512 603
34319 604
14380 607
41667 608
7862 609
33372 610
39507 612
43360 613
26239 615
38119 616
2666 619
38706 620
12707 621
19600 623
26288 626
42102 627
19357 628
38271 632
17775 633
15520 636
34569 637
5473 638
42130 642
21571 645
18188 646
11934 648
6023 649
4907 651
5342 652
36831 655
19728 656
22860 658
27629 659
31040 664
5737 666
17656 668
20548 669
3669 670
21539 671
6862 673
29605 674
2543 675
44244 679
34989 680
4944 681
12465 683
28192 685
11442 686
10459 689
38508 690
16167 693
36189 694
30750 695
15374 697
24705 698
5707 700
14491 702
13808 704
16582 705
25480 706
26201 710
34636 711
23526 713
28713 715
8430 716
21434 718
37064 719
36975 724
32501 725
23534 726
35124 728
34307 730
40919 731
15617 735
14792 736
22736 737
18220 738
26499 743
9939 744
34644 747
25769 750
40314 751
32477 752
10271 755
36602 756
4632 759
30098 761
37095 762
2452 768
43273 769
9463 770
44277 771
3760 774
12589 776
33941 778
16606 779
5942 781
41509 782
8113 786
21383 792
28835 795
25391 796
8623 797
4995 798
35077 800
41540 801
8460 806
35119 808
29758 816
23339 821
38653 822
14568 824
35378 828
41039 829
11070 832
17020 834
29245 835
10862 840
37410 842
4701 843
16705 845
38410 846
18479 849
8298 850
2535 852
40575 853
21952 856
4095 858
9173 860
38851 861
43018 863
23928 864
5991 866
10723 869
32551 870
43182 871
12267 881
42150 883
1653 884
15255 886
31081 887
35552 890
28529 891
17342 893
12423 894
24859 898
16120 899
5595 905
12213 906
15163 907
39771 910
36938 914
19322 915
15673 916
42863 917
20451 920
6736 933
41363 939
11451 940
20362 943
9526 946
19320 948
32284 949
7181 950
36337 951
7159 953
38159 954
41676 955
24066 956
42637 959
25844 960
30361 962
18979 963
31432 964
37694 970
41196 974
15537 975
38625 979
38149 981
24962 982
43927 983
5127 984
11541 994
17793 995
33959 998
13181 999
22706 1003
32793 1004
23849 1005
23640 1007
8418 1010
43916 1015
11524 1016
25854 1017
8202 1020
21356 1021
18971 1023
7593 1024
40622 1025
10441 1026
18396 1031
25069 1036
9397 1037
35090 1039
33305 1042
2099 1043
8580 1045
22398 1046
40381 1048
16745 1049
28478 1051
24435 1052
9881 1053
17927 1056
36994 1057
27491 1058
21028 1060
27466 1061
9149 1062
12601 1064
19422 1069
40883 1070
5307 1071
39831 1074
14388 1076
11153 1077
22906 1078
30571 1080
8270 1081
39425 1082
39028 1085
2199 1091
16968 1092
36640 1094
21465 1096
20891 1097
18153 1101
11426 1102
14869 1108
37276 1109
40223 1113
42865 1114
32097 1115
39013 1118
25586 1119
15514 1121
30157 1125
34816 1126
1104 1127
1670 1128
32973 1130
25577 1131
101 1137
7333 1139
36899 1140
11000 1144
38217 1145
11207 1146
20820 1147
34711 1153
38066 1156
8938 1157
18789 1158
13050 1159
21876 1160
10227 1161
19130 1167
17661 1168
43477 1175
34775 1176
42166 1178
2227 1179
20151 1182
19211 1183
8285 1185
24183 1186
5750 1188
37863 1190
9310 1191
4307 1193
18672 1194
35493 1195
27688 1202
730 1203
35777 1205
42289 1206
42296 1207
32591 1208
2711 1210
17706 1211
17184 1213
13283 1214
34925 1215
28375 1219
33639 1220
39090 1222
17504 1223
22593 1225
21245 1226
27570 1227
23001 1228
25023 1229
25289 1230
13415 1240
30877 1241
32474 1242
9520 1243
1443 1244
32617 1246
13814 1247
1223 1249
6215 1250
28645 1254
31032 1256
30739 1257
44004 1258
25680 1262
42473 1263
23236 1264
6814 1266
40664 1267
32079 1269
5142 1270
15821 1273
37111 1275
17046 1276
31901 1278
27824 1280
40317 1281
12716 1283
31704 1284
18978 1285
3611 1286
28569 1289
33909 1292
3346 1293
24326 1295
29298 1296
41527 1297
34819 1298
2052 1299
42525 1302
41221 1304
32289 1305
24271 1308
40573 1309
3227 1310
1128 1312
12075 1313
5023 1316
15249 1317
4692 1319
1944 1320
13803 1324
1087 1326
11803 1327
8290 1329
36628 1330
28387 1332
31150 1333
32171 1335
42398 1336
24091 1339
18818 1342
32921 1344
31392 1345
21689 1347
36045 1348
9896 1351
29161 1352
2178 1353
29196 1354
22209 1355
36378 1356
8526 1357
27981 1361
6067 1362
15056 1363
21252 1365
9795 1366
36572 1368
40683 1370
22142 1371
11441 1372
35635 1376
33858 1378
23508 1379
13879 1380
41535 1382
23564 1384
16099 1385
1292 1387
20565 1389
24516 1390
43742 1391
14458 1397
9595 1398
35098 1399
34416 1400
29936 1408
22668 1409
31420 1410
6670 1414
27355 1416
43277 1417
23604 1418
26781 1420
37673 1421
41004 1425
9580 1426
43920 1427
899 1431
26596 1432
37293 1434
22173 1436
21529 1440
16096 1441
21255 1443
42199 1444
23772 1445
11303 1448
38334 1449
20544 1451
31622 1454
23358 1457
4768 1459
5599 1460
32413 1461
26375 1464
1783 1465
19740 1467
5188 1469
42412 1470
23535 1473
24144 1474
41211 1475
35342 1477
2292 1479
40690 1480
24358 1483
4687 1485
8612 1486
4512 1487
38945 1488
2215 1490
35391 1492
12327 1493
10211 1494
40017 1496
2006 1497
14007 1499
18323 1500
14898 1506
38566 1507
30795 1508
7025 1511
29732 1512
37012 1514
3211 1518
43232 1519
13580 1523
23933 1524
29258 1527
5940 1528
28596 1529
18926 1536
5815 1537
42764 1540
11572 1542
8481 1543
43648 1547
25306 1548
15415 1549
15060 1550
9715 1552
22513 1554
14962 1555
22967 1559
25672 1560
35329 1562
12409 1563
9963 1564
3666 1567
4200 1568
4558 1569
38888 1576
11785 1577
38766 1581
14542 1583
29860 1585
25220 1587
30736 1588
43185 1592
35275 1593
36026 1594
14248 1597
15388 1598
18159 1599
25725 1602
1634 1603
7300 1606
25265 1607
27437 1609
24471 1611
30042 1612
19393 1614
37372 1615
13005 1617
665 1618
24760 1622
39071 1623
17992 1625
15636 1626
24352 1627
35547 1629
27884 1632
39438 1633
23463 1635
27246 1636
18162 1637
30210 1639
4092 1640
33010 1643
26937 1644
21736 1646
43117 1648
30628 1649
24627 1650
42616 1655
14502 1656
3947 1657
40614 1659
13516 1662
8542 1663
29665 1664
7068 1667
3486 1669
6311 1670
14664 1673
26443 1675
37091 1676
22095 1677
3932 1679
7660 1680
15749 1683
30435 1686
17281 1687
15897 1690
26113 1691
14919 1692
29991 1693
23197 1697
23406 1698
21698 1702
23478 1703
5601 1704
2024 1706
10853 1711
15935 1712
37948 1714
17159 1715
42377 1721
29265 1722
7864 1723
41076 1728
16053 1729
25125 1731
19540 1732
28475 1738
36836 1739
4313 1740
40130 1743
2950 1744
630 1745
304 1749
29374 1750
27992 1751
16763 1752
22402 1755
28110 1756
20698 1759
21029 1761
16449 1762
17429 1763
16604 1766
21584 1768
3796 1769
19866 1772
29163 1773
20569 1775
14846 1777
38379 1778
8230 1781
41256 1782
13074 1786
38828 1788
1067 1789
30138 1792
10530 1793
39197 1794
28286 1795
26385 1797
7413 1798
13273 1801
38555 1802
7354 1803
27150 1805
40898 1806
33804 1807
37249 1810
4108 1811
40527 1813
4475 1815
23829 1816
35622 1818
3372 1819
7345 1821
38400 1822
298 1824
12222 1825
39983 1828
33389 1829
26924 1830
18919 1833
22992 1834
12887 1839
21317 1840
36251 1841
26959 1845
39037 1846
20449 1847
16494 1848
8410 1850
33477 1851
5741 1853
41277 1854
32042 1857
19629 1859
40497 1860
22082 1862
26832 1863
9730 1865
30394 1866
24674 1867
29378 1870
11927 1871
38767 1875
1811 1876
37254 1880
35638 1881
19808 1883
23960 1884
37532 1886
18418 1888
19267 1889
43138 1890
20305 1891
41562 1895
545 1896
1370 1903
36531 1904
32341 1905
33326 1908
21911 1910
42056 1911
16609 1915
2007 1916
1062 1919
17294 1920
25613 1921
39648 1923
28627 1924
42074 1926
7480 1932
2788 1933
26644 1935
6199 1938
6605 1939
43419 1941
17888 1945
22867 1946
30225 1949
17421 1951
32203 1953
87 1954
27142 1955
41044 1956
6315 1957
34261 1962
7 1963
21408 1964
3668 1966
22868 1967
7681 1970
9802 1971
1606 1972
24219 1974
39337 1975
3897 1979
36247 1980
12159 1982
2903 1983
6978 1984
21669 1987
10760 1988
42028 1991
4367 1992
8175 1994
19453 1995
23459 1996
20185 1997
2077 1998
