13171 9
11068 10
5160 12
33693 13
18938 15
43541 23
35432 26
28147 27
2383 28
16989 30
3772 31
16544 38
39576 39
4139 43
23658 49
34657 50
9533 52
42631 53
23028 56
40815 57
4691 60
27909 61
7121 66
10755 67
31283 68
35836 70
44894 73
11773 74
6665 75
15252 78
917 79
20140 80
24182 88
24870 89
29460 91
5610 92
8951 93
24724 95
38822 98
5145 99
35608 100
23051 101
7676 108
27664 110
26426 111
34374 112
37499 113
31927 114
26573 118
37183 119
13692 121
5111 123
35807 125
39661 126
10789 127
43561 132
39080 134
44572 135
32462 137
8122 138
14085 139
899 142
16181 143
3929 147
9867 148
29312 151
37025 152
27727 154
23160 155
43667 160
30329 162
27820 163
794 165
19857 166
30938 172
25250 175
32295 176
14693 177
3997 178
18521 183
18579 185
5757 186
40101 189
39302 190
30851 191
28945 194
7645 195
8163 196
31680 199
45470 200
13003 203
41046 206
24575 207
25753 208
30486 210
36838 211
23410 218
6804 219
29582 220
31111 223
38105 224
40471 226
39717 227
43597 229
34335 230
12906 236
3011 237
6504 239
44994 241
11158 244
17272 247
15342 248
16437 249
24807 250
42950 252
21748 254
31298 256
24927 257
20656 264
44164 267
19272 268
20239 272
32256 273
36393 275
32952 278
40311 279
43296 280
2377 281
16912 287
503 288
12085 289
33999 297
22841 300
28702 301
5745 302
39635 303
19894 304
6863 306
12661 307
40258 312
34107 313
15152 314
43793 315
14553 318
12851 319
28243 320
41424 325
12181 326
262 328
34667 330
40850 331
15558 332
28987 336
23009 340
7064 341
26940 342
36846 344
2748 346
34025 347
1235 350
24469 351
9519 352
28097 353
26382 358
40750 359
25666 360
29645 362
25016 363
29056 371
12700 372
41782 373
41880 376
32531 377
7634 387
10799 388
23042 389
26204 392
36635 393
45234 396
14945 397
15834 402
10470 403
25079 404
9602 407
683 408
12099 411
5752 412
18923 414
18213 416
34067 417
28471 423
3383 424
15623 431
13635 434
13664 437
15327 438
16102 440
21480 441
27198 442
24144 445
2486 446
18828 447
2567 451
10062 455
13904 456
28890 458
20425 459
1480 460
42287 464
15530 466
39993 467
17220 479
9666 483
33694 484
13311 486
8380 487
21270 490
40056 494
3775 495
33110 501
19284 502
9406 503
17916 504
45055 507
36452 508
32919 509
20353 512
31206 513
17440 514
44217 519
38881 520
21616 521
18570 522
36790 524
42899 525
15089 527
30007 528
20762 530
42629 531
41277 533
33092 534
3853 537
22390 538
31796 539
40277 540
14180 541
11334 545
39867 546
1506 547
3190 548
25981 549
23456 550
4082 551
3474 553
19210 554
32422 557
3076 558
8813 559
9736 561
8541 562
14789 564
20248 565
31228 567
31287 568
43160 571
10719 572
24149 573
30211 575
21579 576
31425 581
36091 582
18832 589
37053 590
8707 591
1665 593
4891 594
30443 598
4131 599
34325 601
5036 602
31057 609
21521 610
6643 611
5389 612
29607 622
30216 623
20959 625
19932 627
30530 628
38951 630
22522 632
42187 633
14499 637
17019 638
29680 639
29886 640
43071 641
32426 642
9460 645
36094 646
9239 648
6582 649
40122 651
31352 652
42878 657
16731 658
23598 659
271 661
13753 662
7347 665
26428 668
29282 671
25734 672
23713 673
25275 674
44348 677
10450 678
24842 681
19363 684
19515 689
20031 690
10371 691
45015 697
6318 698
29673 699
5233 700
42169 702
26498 706
27422 707
37293 708
20287 711
18611 713
24005 714
22062 715
36510 716
31642 719
9145 720
1416 722
38912 723
11536 725
3645 726
33211 727
829 729
16935 731
22741 732
31286 734
21995 735
39866 737
45026 739
27564 741
20418 742
44647 744
15305 746
31956 754
6347 755
7811 760
22112 761
3719 762
31499 763
23172 764
13052 765
2619 766
20228 767
21258 771
24442 772
35583 773
42824 775
29101 776
659 777
38756 779
27537 781
27054 782
41843 786
33164 787
41403 792
2616 796
44997 797
12616 798
5551 799
41554 800
5663 801
19717 802
16313 805
8484 806
8124 807
570 811
43943 814
16382 815
42904 816
43454 818
13469 820
8482 821
40484 825
30084 826
4079 829
20442 830
3030 831
18646 833
10908 834
9739 836
11596 838
23351 839
24189 842
11592 843
7072 844
30681 847
13049 848
40844 849
27855 851
30180 852
25340 855
14914 856
37087 858
27247 859
5882 863
26326 866
14700 867
2154 870
36685 871
6540 872
35898 873
11658 874
2251 877
13542 878
36416 879
2980 883
4819 887
2931 889
10029 890
44935 891
5211 894
25060 895
29266 896
31679 899
11378 900
4202 902
415 903
7529 905
24537 906
26180 909
27278 910
26319 914
11579 915
35010 916
32388 917
32323 919
8644 920
25469 923
13503 925
32182 926
7053 929
6682 930
9069 931
10290 934
33526 935
4246 937
21613 938
2177 943
21337 945
1814 946
3038 948
4066 949
3723 951
17331 952
19364 955
3503 956
7030 959
4178 960
24867 962
17444 964
7502 965
15677 967
39786 968
4068 975
8706 976
7460 977
22105 979
13447 980
10291 983
5996 985
8328 986
16444 987
27419 990
6528 991
33492 993
20136 994
21783 996
19543 997
18569 1002
11202 1004
14861 1006
43520 1007
22125 1009
20836 1012
40661 1014
34041 1015
32992 1016
18997 1018
25276 1019
1369 1022
26182 1023
25098 1025
25829 1027
19477 1028
40519 1037
7110 1039
43612 1040
18726 1046
2672 1047
28290 1049
2379 1050
21789 1052
2374 1053
11512 1056
27335 1058
151 1059
31185 1060
28398 1063
6557 1065
18921 1066
10821 1069
29052 1070
22658 1072
9075 1073
17711 1077
39692 1078
26583 1079
14524 1080
15990 1083
20285 1084
28225 1086
37862 1087
12513 1089
16406 1092
3157 1093
27624 1094
25523 1100
43400 1101
29678 1102
3737 1104
44494 1107
19388 1108
3347 1109
23079 1111
38997 1112
7895 1115
43415 1116
37931 1117
42262 1120
8864 1121
26538 1123
40043 1128
3286 1129
28355 1131
39961 1132
16515 1134
30858 1135
44960 1137
42359 1139
37029 1141
9836 1142
23238 1146
16645 1147
14190 1148
13019 1149
14743 1153
134 1154
41525 1155
22608 1156
33856 1158
14901 1160
6912 1161
34471 1163
35253 1164
27582 1168
2107 1169
33932 1171
31525 1172
17259 1176
10242 1177
6785 1179
31264 1181
8643 1184
26124 1185
19434 1186
34628 1189
31638 1190
28046 1192
42219 1193
3814 1197
41182 1198
7817 1202
23548 1203
28390 1204
42727 1206
11607 1207
30262 1210
16568 1211
11229 1213
41506 1214
14201 1215
44950 1217
17960 1219
4937 1220
24058 1223
19606 1224
2337 1226
13399 1227
41676 1231
34083 1233
41258 1234
39654 1235
24326 1239
10831 1240
12761 1241
36791 1243
39727 1244
41953 1248
16611 1249
42395 1250
5062 1252
15448 1253
2714 1256
28741 1257
16265 1259
4665 1262
44111 1263
44169 1267
29026 1268
15872 1270
1990 1271
19370 1273
43232 1274
17628 1276
15644 1277
5268 1281
43637 1282
15312 1283
31169 1287
14918 1289
40104 1290
23222 1293
406 1295
39719 1296
27225 1297
20038 1298
34458 1300
28589 1302
26606 1303
6144 1306
41456 1308
40638 1309
36290 1312
13103 1313
954 1315
40616 1316
2642 1318
1934 1321
19766 1322
10652 1323
24213 1326
8366 1328
34857 1332
19179 1333
43099 1338
27913 1339
39996 1341
19510 1342
7025 1344
40495 1345
1734 1351
27656 1352
19646 1359
5372 1360
37393 1361
27163 1362
19956 1363
30101 1369
29381 1370
36381 1371
38886 1378
15848 1381
45067 1382
6492 1383
3137 1384
40342 1388
29443 1389
18684 1390
19456 1407
6465 1408
31977 1410
25131 1419
24488 1421
17814 1427
28280 1428
16899 1429
1721 1432
8198 1433
37899 1435
20303 1436
33919 1437
40917 1444
36135 1459
43928 1461
38220 1479
16356 1491
18288 1493
30205 1496
19938 1497
39529 1498
1165 1499
26216 1500
23698 1501
31683 1502
44507 1503
11907 1504
4904 1505
31291 1506
45063 1507
11693 1509
9134 1510
31875 1511
12714 1512
11332 1515
20674 1516
7408 1518
22246 1519
34873 1520
19818 1521
8156 1522
43787 1524
26506 1525
21233 1528
4407 1529
16745 1530
4908 1531
25704 1532
7188 1533
18992 1534
16847 1535
26683 1537
41672 1538
12402 1539
17131 1540
18742 1542
5047 1545
17677 1548
5321 1549
33017 1551
654 1552
17195 1553
29806 1554
41474 1556
40814 1557
25767 1558
10028 1559
44503 1560
12270 1561
9807 1562
12846 1563
35216 1564
32372 1565
41981 1566
14735 1567
1872 1569
11539 1570
25521 1574
43907 1576
2581 1577
42503 1580
15040 1582
42057 1584
194 1585
21828 1586
34861 1587
12501 1588
29180 1593
41905 1595
22280 1596
43080 1599
27959 1600
24 1601
39433 1603
34102 1604
23188 1605
32094 1607
3299 1608
13864 1609
595 1611
45164 1612
22624 1615
20751 1616
9470 1617
17655 1619
2728 1621
19545 1622
32618 1623
19774 1625
16846 1627
17156 1628
31706 1629
19209 1633
4923 1634
17065 1635
2530 1636
22838 1637
9715 1639
4172 1640
29314 1641
25140 1644
3432 1645
19645 1647
26963 1648
16943 1649
45112 1651
84 1653
9547 1654
11103 1661
31276 1663
31491 1664
19538 1666
39142 1668
25862 1669
39778 1670
32386 1671
44154 1675
21105 1676
16600 1678
29984 1680
36547 1683
35567 1684
29313 1686
11274 1688
3468 1689
41770 1691
8214 1692
8709 1699
43638 1700
24604 1701
35902 1702
43263 1706
15532 1707
35700 1708
42202 1709
14216 1712
35743 1714
24053 1715
31967 1716
8858 1718
24046 1721
10826 1722
17420 1723
28500 1726
20763 1727
43712 1728
12886 1730
12255 1731
27393 1732
40337 1734
23039 1736
10393 1737
14665 1739
29530 1740
39127 1742
3977 1743
36224 1748
17564 1749
2794 1750
41689 1752
7288 1753
15948 1754
41749 1762
18006 1763
11110 1765
27772 1766
27480 1770
39216 1771
23356 1772
10195 1775
16402 1776
6155 1777
42893 1779
35213 1780
8576 1781
16925 1782
1218 1783
37221 1785
17812 1786
16737 1788
8636 1789
6020 1791
44943 1793
7458 1794
27825 1798
4138 1800
32958 1801
33408 1802
37538 1803
32205 1813
15507 1814
34037 1817
32431 1818
25769 1819
4516 1822
13632 1824
4263 1825
19422 1827
22452 1828
31297 1831
28114 1832
31745 1836
39583 1837
3016 1838
5621 1839
3015 1842
3769 1844
36608 1845
11591 1847
43474 1849
7975 1850
34004 1854
18172 1857
22912 1858
27332 1860
35418 1861
11740 1863
16228 1864
37182 1866
12699 1867
11251 1870
34947 1873
30662 1875
31470 1876
6109 1882
15607 1884
9933 1885
21981 1887
30976 1889
44523 1890
39494 1892
11301 1893
12789 1894
26597 1895
31257 1901
44110 1903
3014 1905
12829 1906
19330 1908
27992 1909
28078 1911
12246 1913
36763 1914
21971 1917
7217 1918
3281 1919
8729 1922
17330 1925
156 1927
5246 1928
39506 1929
30823 1930
12004 1931
38776 1934
9644 1936
26286 1937
17979 1939
35032 1941
37213 1942
4752 1946
18962 1947
2293 1950
15157 1951
29983 1956
27173 1957
31372 1958
24973 1959
11283 1961
6173 1964
38056 1965
8184 1966
35100 1968
23796 1969
7950 1971
26085 1974
36725 1975
16487 1976
3749 1979
27217 1980
42622 1984
26348 1985
3392 1986
35508 1987
28966 1989
26656 1990
42134 1991
10762 1993
43492 1995
7038 1996
38241 1997
23948 1998
