1 2 278.826477
2 3 42.610040999999995
3 4 32.661202
4 5 4.029615000000001
5 6 3.478883
6 7 2.976841
7 8 0.46878400000000003
8 9 0.42720400000000003
9 10 0.083773
10 11 0.060647999999999994
11 12 0.023166
12 13 0.018814
13 14 0.013596999999999998
14 15 0.010253
15 16 0.002919
16 17 0.0008960000000000001
17 18 0.000341
18 19 0.000288
19 20 0.000564
20 21 0.000783
21 22 0.002018
22 23 0.004281
23 24 0.00558
24 25 0.007251
25 26 0.007805
26 27 0.031539
27 28 0.041179
28 29 0.042828
29 30 0.170841
30 31 0.253535
31 32 1.356448
32 33 998.643552
32 34 1.373971
34 35 3.741405
35 36 4.019174
36 37 56.24378
37 38 75.594058
38 39 924.4059419999999
38 40 1
37 41 943.75622
36 42 995.9808260000001
35 43 996.2585949999999
34 44 998.626029
31 45 999.746465
30 46 999.8291589999999
29 47 999.957172
28 48 999.9588210000001
27 49 999.9684609999999
26 50 999.9921949999999
25 51 999.9927489999999
24 52 999.99442
23 53 999.995719
22 54 999.997982
21 55 999.999217
20 56 999.999513
19 57 18.886845
57 58 981.113491
57 59 981.111943
18 60 0.000107
60 61 5.3e-05
61 62 2.3e-05
62 63 5.999999999999999e-06
63 64 2.9999999999999997e-06
64 65 1
65 66 1e-06
66 67 1
67 68 1e-06
68 69 1
69 70 1
70 71 1
71 72 1
72 73 1
73 74 1
74 75 1
75 76 1
76 77 1
77 78 1
78 79 1
79 80 1
80 81 1
81 82 1000.0
81 83 1
83 84 1000.0
83 85 1
85 86 1000.0
85 87 1000.0
80 88 1000.0
79 89 1
89 90 1000.0
89 91 1
91 92 1000.0
91 93 1
93 94 1000.0
93 95 1
95 96 1000.0
95 97 1
97 98 1000.0
97 99 1
99 100 1000.0
99 101 1
101 102 1000.0
101 103 1
103 104 1000.0
103 105 1
105 106 1000.0
105 107 1
107 108 1000.0
107 109 1
109 110 1000.0
109 111 1
111 112 1000.0
111 113 1
113 114 1000.0
113 115 1
115 116 1000.0
115 117 1
117 118 1000.0
117 119 1
119 120 1000.0
119 121 1
121 122 1000.0
121 123 1
123 124 1000.0
123 125 1
125 126 1000.0
125 127 1
127 128 1000.0
127 129 1
129 130 1000.0
129 131 1
131 132 1000.0
131 133 1
133 134 1000.0
133 135 1
135 136 1000.0
135 137 1
137 138 1000.0
137 139 1
139 140 1000.0
139 141 1
141 142 1000.0
141 143 1
143 144 1000.0
143 145 1
145 146 1000.0
145 147 1
147 148 1000.0
147 149 1
149 150 1000.0
149 151 1
151 152 1000.0
151 153 1
153 154 1000.0
153 155 1
155 156 1000.0
155 157 1
157 158 1000.0
157 159 1
159 160 1000.0
159 161 1
161 162 1000.0
161 163 1
163 164 1000.0
163 165 1
165 166 1000.0
165 167 1
167 168 1000.0
167 169 1
169 170 1000.0
169 171 1
171 172 1000.0
171 173 1
173 174 1000.0
173 175 1
175 176 1000.0
175 177 1
177 178 1000.0
177 179 1
179 180 1000.0
179 181 1
181 182 1000.0
181 183 1
183 184 1000.0
183 185 1
185 186 1000.0
185 187 1
187 188 1000.0
187 189 1
189 190 1000.0
189 191 1
191 192 1000.0
191 193 1
193 194 1000.0
193 195 1
195 196 1000.0
195 197 1000.0
78 198 1
198 199 1
199 200 1
200 201 151.25394400000002
201 202 848.7460560000001
201 203 848.7460560000001
200 204 56.923609
204 205 943.076391
204 206 943.076391
199 207 1
207 208 1
208 209 701.0440209999999
209 210 298.955979
209 211 298.955979
208 212 377.800379
212 213 622.199621
212 214 622.199621
207 215 1
215 216 1000.0
215 217 1
217 218 1000.0
217 219 1
219 220 1000.0
219 221 1
221 222 1000.0
221 223 1
223 224 1000.0
223 225 1
225 226 1000.0
225 227 1
227 228 1000.0
227 229 1
229 230 1000.0
229 231 1
231 232 1000.0
231 233 1
233 234 1000.0
233 235 1
235 236 1000.0
235 237 1
237 238 1000.0
237 239 1
239 240 1000.0
239 241 1
241 242 1000.0
241 243 1
243 244 1000.0
243 245 1
245 246 1000.0
245 247 1
247 248 1000.0
247 249 1
249 250 1000.0
249 251 1
251 252 1000.0
251 253 1
253 254 1000.0
253 255 1
255 256 1000.0
255 257 1
257 258 1000.0
257 259 1
259 260 1000.0
259 261 1
261 262 1000.0
261 263 1
263 264 1000.0
263 265 1
265 266 1000.0
265 267 1
267 268 1000.0
267 269 1
269 270 1000.0
269 271 1
271 272 1000.0
271 273 1
273 274 1000.0
273 275 1
275 276 1000.0
275 277 1
277 278 1000.0
277 279 1
279 280 1000.0
279 281 1
281 282 1000.0
281 283 1000.0
198 284 1
284 285 1000.0
284 286 1
286 287 1000.0
286 288 1
288 289 1000.0
288 290 1
290 291 1000.0
290 292 1
292 293 1000.0
292 294 1
294 295 1000.0
294 296 1
296 297 1000.0
296 298 1
298 299 1000.0
298 300 1
300 301 1000.0
300 302 1
302 303 1000.0
302 304 1
304 305 1000.0
304 306 1
306 307 1000.0
306 308 1
308 309 1000.0
308 310 1
310 311 1000.0
310 312 1
312 313 1000.0
312 314 1
314 315 1000.0
314 316 1
316 317 1000.0
316 318 1
318 319 1000.0
318 320 1
320 321 1000.0
320 322 1
322 323 1000.0
322 324 1
324 325 1000.0
324 326 1
326 327 1000.0
326 328 1
328 329 1000.0
328 330 1
330 331 1000.0
330 332 1
332 333 1000.0
332 334 1
334 335 1000.0
334 336 1
336 337 1000.0
336 338 1
338 339 1000.0
338 340 1
340 341 1000.0
340 342 1
342 343 1000.0
342 344 1
344 345 1000.0
344 346 1
346 347 1000.0
346 348 1
348 349 1000.0
348 350 1
350 351 1000.0
350 352 1
352 353 1000.0
352 354 1
354 355 1000.0
354 356 1
356 357 1000.0
356 358 1
358 359 1000.0
358 360 1
360 361 1000.0
360 362 1
362 363 1000.0
362 364 1
364 365 1000.0
364 366 1000.0
77 367 1
367 368 1000.0
367 369 1
369 370 1000.0
369 371 1
371 372 1000.0
371 373 1
373 374 1000.0
373 375 1
375 376 1000.0
375 377 1
377 378 1000.0
377 379 1
379 380 1000.0
379 381 1
381 382 1000.0
381 383 1000.0
76 384 1000.0
75 385 1000.0
74 386 1000.0
73 387 1000.0
72 388 1000.0
71 389 1000.0
70 390 1000.0
69 391 0.000166
391 392 999.999834
391 393 0.000319
393 394 0.00045
394 395 0.00065
395 396 999.99935
395 397 0.007462
397 398 999.9925380000001
397 399 0.010623
399 400 0.028769
400 401 0.093822
401 402 195.204566
402 403 804.494654
402 404 804.9085699999999
401 405 0.157062
405 406 0.184087
406 407 999.8159129999999
406 408 0.605063
408 409 0.7958500000000001
409 410 1.09634
410 411 2.600334
411 412 997.3996659999999
411 413 4.981641
413 414 5.082151
414 415 26.710569
415 416 124.914766
416 417 101.093067
416 418 875.085234
415 419 973.289431
414 420 994.9178489999999
413 421 995.018359
410 422 998.9036600000001
409 423 951.7271729999999
423 424 46.499062
423 425 48.454893
408 426 965.5005279999999
426 427 32.560483
426 428 35.228335
405 429 999.8429379999999
400 430 999.971231
399 431 999.989377
394 432 999.9995500000001
393 433 999.9996810000001
68 434 1000.0
67 435 999.9999989999999
66 436 4e-06
436 437 999.999996
436 438 4e-06
438 439 1.9999999999999998e-05
439 440 2.6e-05
440 441 6.1e-05
441 442 9.4e-05
442 443 0.00085
443 444 0.00147
444 445 0.001974
445 446 0.002205
446 447 999.997795
446 448 0.005278
448 449 0.005866
449 450 0.034157
450 451 0.06630899999999999
451 452 0.100051
452 453 0.421439
453 454 0.529272
454 455 999.470728
454 456 1.051871
456 457 2.9391540000000003
457 458 3.3846979999999998
458 459 4.325364
459 460 4.64485
460 461 6.010823
461 462 25.758968
462 463 1
462 464 974.2410319999999
461 465 993.9891769999999
460 466 995.35515
459 467 995.6746360000001
458 468 996.615302
457 469 997.060846
456 470 998.9481290000001
453 471 999.578561
452 472 999.8999489999999
451 473 999.9336910000001
450 474 999.9658430000001
449 475 999.9941339999999
448 476 999.9947219999999
445 477 999.9980259999999
444 478 999.9985300000001
443 479 999.99915
442 480 999.9999069999999
441 481 999.9999389999999
440 482 999.999974
439 483 999.9999799999999
438 484 3.9e-05
484 485 0.0005949999999999999
485 486 0.00204
486 487 0.0026780000000000003
487 488 0.012393
488 489 0.012857
489 490 0.012938000000000002
490 491 0.017195000000000002
491 492 0.044330999999999995
492 493 0.064899
493 494 0.264285
494 495 0.385683
495 496 4.124166
496 497 6.854715000000001
497 498 993.145285
497 499 15.619721
499 500 27.299879
500 501 232.61070899999999
501 502 307.511196
502 503 1
502 504 664.3100450000001
501 505 763.4550049999999
500 506 972.700121
499 507 984.380279
496 508 995.8758330000001
495 509 999.614317
494 510 999.7357149999999
493 511 999.935101
492 512 999.9556690000001
491 513 999.982805
490 514 999.9870619999999
489 515 999.9871430000001
488 516 999.9876069999999
487 517 999.9973219999999
486 518 999.997969
485 519 999.999388
484 520 1.6e-05
520 521 0.00019
521 522 0.005524
522 523 0.022064
523 524 0.048067
524 525 0.182964
525 526 0.37633300000000003
526 527 0.933094
527 528 999.066906
527 529 1.147942
529 530 3.2946419999999996
530 531 19.234654000000003
531 532 29.299269
532 533 47.327977
533 534 48.861045
534 535 951.138961
534 536 313.286195
533 537 952.6720109999999
532 538 970.700727
531 539 980.765347
530 540 996.705358
529 541 998.8520570000001
526 542 999.7061410000001
525 543 45.775456
543 544 93.469049
544 545 905.9324379999999
544 546 814.119869
543 547 954.258621
524 548 0.390532
548 549 1.7040449999999998
549 550 5.167016
550 551 241.39772599999998
551 552 754.6730809999999
551 553 743.295793
550 554 9.547031
554 555 992.6783710000001
554 556 11.707682
556 557 12.619006999999998
557 558 114.035937
558 559 885.9640649999999
558 560 620.846256
557 561 987.4634520000001
556 562 988.1273970000001
549 563 998.296218
548 564 113.09768799999999
564 565 886.984281
564 566 886.1064660000001
523 567 996.974161
567 568 3.004298
567 569 3.003232
522 570 999.994485
521 571 0.00164
571 572 0.002484
572 573 0.013051
573 574 0.027631999999999997
574 575 0.044675
575 576 0.104497
576 577 0.330153
577 578 0.368914
578 579 0.511146
579 580 999.488854
579 581 1.684148
581 582 998.315852
581 583 2.2187419999999998
583 584 6.860938
584 585 7.538848
585 586 992.4611519999999
585 587 12.309501000000001
587 588 206.35767600000003
588 589 793.642324
588 590 166.215266
587 591 987.690499
584 592 993.139062
583 593 997.781258
578 594 999.631086
577 595 999.669847
576 596 999.895503
575 597 999.955325
574 598 138.310476
598 599 861.607873
598 600 861.71591
573 601 999.986949
572 602 999.997516
571 603 999.998434
520 604 0.00011599999999999999
604 605 0.004583
605 606 0.023287000000000002
606 607 0.033774
607 608 999.9662259999999
607 609 0.233941
609 610 999.766059
609 611 0.414755
611 612 0.828479
612 613 1.226783
613 614 2.9965889999999997
614 615 8.624011
615 616 15.034942000000001
616 617 80.466554
617 618 321.749658
618 619 147.955751
618 620 622.678453
617 621 915.313686
616 622 984.965056
615 623 814.018436
623 624 182.17198100000002
623 625 172.54312099999999
614 626 997.003411
613 627 998.773254
612 628 999.171448
611 629 999.585246
606 630 4.264931000000001
630 631 995.683659
630 632 995.7399049999999
605 633 999.995488
604 634 0.000127
634 635 0.000148
635 636 0.000242
636 637 0.017945
637 638 0.024713
638 639 0.055535
639 640 0.21599800000000002
640 641 0.231883
641 642 999.768117
641 643 0.916466
643 644 1.647309
644 645 2.151812
645 646 9.091775
646 647 101.62744399999998
647 648 900.785943
647 649 877.7751820000001
646 650 20.480295
650 651 62.939538999999996
651 652 937.0604609999999
651 653 179.677841
653 654 215.76655599999998
653 655 820.3221530000001
650 656 979.5198149999999
645 657 997.848188
644 658 998.352766
643 659 118.284593
659 660 883.1077600000001
659 661 878.489822
640 662 999.784002
639 663 999.9444649999999
638 664 999.975287
637 665 999.982416
636 666 0.000242
666 667 0.001607
667 668 0.013203
668 669 0.063149
669 670 0.06389800000000001
670 671 0.188194
671 672 0.208069
672 673 1.522573
673 674 3.3593820000000005
674 675 8.202827
675 676 8.720366
676 677 26.017456
677 678 973.9825440000001
677 679 93.171735
679 680 905.9293070000001
679 681 548.8411679999999
676 682 991.279634
675 683 991.7971769999999
674 684 64.089436
684 685 940.67921
684 686 924.423139
673 687 861.7810900000001
687 688 133.550722
687 689 139.841953
672 690 44.356788
690 691 956.351898
690 692 954.523185
671 693 999.807371
670 694 999.935378
669 695 9.95668
695 696 990.061268
695 697 989.899074
668 698 999.987681
667 699 0.033293
699 700 0.057583999999999996
700 701 0.139221
701 702 0.409245
702 703 1.439198
703 704 2.140736
704 705 8.927623
705 706 23.037404
706 707 74.700194
707 708 319.456366
708 709 215.73816799999997
708 710 673.291667
707 711 925.299806
706 712 976.9625960000001
705 713 991.0723770000001
704 714 997.859264
703 715 87.110362
715 716 914.120581
715 717 908.780299
702 718 999.5907550000001
701 719 999.861288
700 720 1.0207249999999999
720 721 1.336031
721 722 2.999121
722 723 22.882127999999998
723 724 109.100821
724 725 894.3724080000001
724 726 815.715355
723 727 44.132437
727 728 62.758232
728 729 716.774152
728 730 937.241796
727 731 962.368206
722 732 996.944421
721 733 998.7267519999999
720 734 998.8926940000001
699 735 999.9671040000001
666 736 0.001043
736 737 0.004638
737 738 0.22753299999999999
738 739 0.324113
739 740 3.136209
740 741 5.860755
741 742 7.644125
742 743 14.881752
743 744 63.89452300000001
744 745 752.996136
744 746 936.1054770000001
743 747 985.118248
742 748 992.355875
741 749 994.1392450000001
740 750 996.863791
739 751 999.6758870000001
738 752 999.774715
737 753 0.112131
753 754 0.20898000000000003
754 755 0.282671
755 756 0.41163900000000003
756 757 15.084905000000001
757 758 16.493884
758 759 59.642444
759 760 186.75044599999998
760 761 465.979354
760 762 810.1584109999999
759 763 940.116167
758 764 983.506126
757 765 984.915331
756 766 1.7654750000000001
766 767 24.934779000000002
767 768 150.217568
768 769 848.741225
768 770 794.529629
767 771 29.519804999999998
771 772 910.32111
771 773 972.086322
766 774 4.4874480000000005
774 775 3.197134
775 776 50.106941000000006
776 777 945.551332
776 778 68.58647
778 779 933.584364
778 780 767.138959
775 781 996.80287
774 782 997.1186700000001
755 783 4.488051
783 784 9.39869
784 785 40.612925
785 786 44.381827
786 787 956.363405
786 788 222.15393899999998
788 789 777.832606
788 790 367.346346
785 791 957.89661
784 792 990.6013099999999
783 793 995.967744
754 794 999.792938
753 795 20.528138000000002
795 796 456.717461
796 797 501.997068
796 798 543.043074
795 799 278.49679799999996
799 800 439.481069
800 801 391.1827
800 802 90.520487
799 803 721.6238950000001
736 804 0.013737999999999998
804 805 0.024322
805 806 999.975684
805 807 0.060855
807 808 0.19483899999999998
808 809 0.5558139999999999
809 810 0.686956
810 811 4.91278
811 812 6.540268
812 813 8.788218
813 814 28.067139
814 815 181.63260000000002
815 816 818.3674
815 817 478.57917199999997
814 818 971.9328620000001
813 819 140.242387
819 820 890.8202449999999
819 821 811.1185389999999
812 822 993.459732
811 823 995.0872199999999
810 824 999.313044
809 825 999.4988729999999
808 826 5.84124
826 827 10.578195
827 828 34.483172
828 829 136.950812
829 830 739.900335
829 831 862.922414
828 832 971.660237
827 833 16.585212
833 834 983.5326950000001
833 835 95.475719
835 836 780.891563
835 837 904.524262
826 838 993.6664349999999
807 839 0.111515
839 840 0.9589300000000001
840 841 47.551601
841 842 104.327844
842 843 798.3604760000001
842 844 893.3721569999999
841 845 952.627367
840 846 4.262086
846 847 11.357308000000002
847 848 18.736431
848 849 981.26362
848 850 35.59877
850 851 176.746071
851 852 476.604416
851 853 823.2501980000001
850 854 314.49631500000004
854 855 545.441773
854 856 754.367611
847 857 988.642657
846 858 995.804386
839 859 4.506894
859 860 52.036255
860 861 938.8562370000001
860 862 948.1950449999999
859 863 13.699065
863 864 17.740571
864 865 982.2594049999999
864 866 76.386101
866 867 923.2603409999999
866 868 794.484511
863 869 986.300938
804 870 66.215006
870 871 933.7874770000001
870 872 933.756481
635 873 0.000489
873 874 0.0008569999999999999
874 875 0.000571
875 876 0.001881
876 877 0.002131
877 878 0.00236
878 879 0.031737
879 880 0.059323999999999995
880 881 0.087181
881 882 0.18956599999999998
882 883 1.826165
883 884 5.624942
884 885 30.047536
885 886 98.11872000000001
886 887 83.857879
887 888 222.417139
888 889 101.437127
888 890 846.511728
887 891 778.290108
886 892 911.132312
885 893 952.022685
884 894 56.112273
894 895 161.798977
895 896 848.05817
895 897 722.382176
894 898 165.040277
898 899 689.570795
898 900 834.9598780000001
883 901 2.028424
901 902 30.62005
902 903 71.68529099999999
903 904 120.99371000000001
904 905 580.014836
904 906 879.0062069999999
903 907 930.219833
902 908 733.87531
908 909 268.218369
908 910 197.00422500000002
901 911 7.359037
911 912 44.984009
912 913 939.33662
912 914 959.9676199999999
911 915 29.89429
915 916 38.544176
916 917 962.131484
916 918 842.62572
915 919 968.754384
882 920 1.9982509999999998
920 921 883.444144
921 922 117.14938800000002
921 923 112.77185700000001
920 924 7.417361
924 925 50.832885000000005
925 926 947.9806950000001
925 927 64.033461
927 928 936.5597490000001
927 929 784.152565
924 930 992.582639
881 931 999.912825
880 932 12.353636
932 933 987.695817
932 934 13.747659
934 935 986.252329
934 936 961.2091389999999
879 937 999.9712940000001
878 938 0.26870900000000003
938 939 0.282196
939 940 0.42814
940 941 0.471428
941 942 999.528572
941 943 2.0572719999999998
943 944 997.942728
943 945 8.874577
945 946 43.410951
946 947 63.231567
947 948 936.766847
947 949 165.81295
949 950 280.550208
949 951 834.187811
946 952 956.5890489999999
945 953 991.1254230000001
940 954 999.577549
939 955 184.591993
955 956 814.5448910000001
955 957 815.683974
938 958 999.736094
877 959 0.00806
959 960 0.010421
960 961 0.096414
961 962 0.469735
962 963 1.5769539999999997
963 964 3.437696
964 965 249.09772700000002
965 966 741.064032
965 967 753.86454
964 968 5.756804
968 969 15.74766
969 970 20.210312
970 971 28.250389
971 972 56.565332999999995
972 973 288.390939
972 974 943.4349080000001
971 975 971.749128
970 976 979.789688
969 977 984.2523399999999
968 978 994.243341
963 979 998.42324
962 980 622.330162
980 981 377.803909
980 982 376.685717
961 983 0.357565
983 984 11.832149
984 985 43.939221
985 986 57.92573600000001
986 987 69.084033
987 988 930.9159470000001
987 989 535.490557
986 990 942.074337
985 991 956.1941499999999
984 992 987.927873
983 993 1.100136
993 994 2.6461419999999998
994 995 3.0397980000000002
995 996 11.871958000000001
996 997 57.767880000000005
997 998 62.221547
998 999 668.007598
998 1000 937.787974
997 1001 942.2130340000001
996 1002 988.1280419999999
995 1003 996.960204
994 1004 997.899872
993 1005 0.338132
1005 1006 5.600011
1006 1007 25.938138
1007 1008 59.336435
1008 1009 240.63980100000003
1009 1010 759.360199
1009 1011 500.96542800000003
1008 1012 947.448713
1007 1013 48.270471
1013 1014 346.44676200000004
1014 1015 393.379896
1014 1016 653.553223
1013 1017 954.529586
1006 1018 18.296054
1018 1019 88.477011
1019 1020 308.40400200000005
1020 1021 418.790647
1020 1022 698.374194
1019 1023 897.965802
1018 1024 984.510717
1005 1025 35.201904
1025 1026 959.815267
1025 1027 43.411241000000004
1027 1028 959.2942009999999
1027 1029 879.1267510000001
960 1030 0.029153000000000002
1030 1031 0.39352600000000004
1031 1032 1.085976
1032 1033 1.500224
1033 1034 3.081492
1034 1035 4.2956199999999995
1035 1036 19.985474
1036 1037 979.99518
1036 1038 59.666028000000004
1038 1039 940.319103
1038 1040 139.0579
1040 1041 860.954371
1040 1042 391.02961600000003
1035 1043 995.7043799999999
1034 1044 996.9185080000001
1033 1045 998.509319
1032 1046 998.8970240000001
1031 1047 1.742496
1047 1048 998.340511
1047 1049 143.94634100000002
1049 1050 856.0494970000001
1049 1051 850.8561289999999
1030 1052 0.11189500000000001
1052 1053 0.181363
1053 1054 2.390363
1054 1055 339.174086
1055 1056 655.577972
1055 1057 661.3829039999999
1054 1058 2.700252
1058 1059 5.204307
1059 1060 39.101622000000006
1060 1061 240.57359599999998
1061 1062 656.773004
1061 1063 783.854742
1060 1064 299.89113399999997
1064 1065 524.931414
1064 1066 699.326452
1059 1067 27.896015000000002
1067 1068 373.81944200000004
1068 1069 641.00506
1068 1070 574.804195
1067 1071 130.045908
1071 1072 869.954125
1071 1073 774.104331
1058 1074 37.847967
1074 1075 965.612104
1074 1076 271.89989099999997
1076 1077 728.10011
1076 1078 634.683797
1053 1079 4.853256
1079 1080 17.38321
1080 1081 63.269999
1081 1082 115.293368
1082 1083 884.7065680000001
1082 1084 644.6731159999999
1081 1085 936.7300009999999
1080 1086 982.661785
1079 1087 995.222255
1052 1088 0.762857
1088 1089 16.226777000000002
1089 1090 983.773223
1089 1091 39.14527
1091 1092 960.85473
1091 1093 150.498359
1093 1094 698.671091
1093 1095 849.2093130000001
1088 1096 692.183937
1096 1097 306.273412
1096 1098 307.962281
959 1099 0.21213500000000002
1099 1100 161.97376599999998
1100 1101 837.5961350000001
1100 1102 838.046613
1099 1103 0.448241
1103 1104 999.551768
1103 1105 2.959966
1105 1106 13.432476
1106 1107 42.574332999999996
1107 1108 106.83343400000001
1108 1109 138.928337
1109 1110 293.751988
1109 1111 859.6827420000001
1108 1112 893.165632
1107 1113 957.424504
1106 1114 798.222712
1114 1115 170.08827399999998
1114 1116 206.61060299999997
1105 1117 997.0295480000001
876 1118 0.001182
1118 1119 0.018494
1119 1120 0.032068
1120 1121 0.13200499999999998
1121 1122 1.2718470000000002
1122 1123 5.393104
1123 1124 17.089951
1124 1125 524.910483
1125 1126 483.165011
1125 1127 432.822652
1124 1128 64.008252
1128 1129 196.263058
1129 1130 609.215628
1129 1131 737.226397
1128 1132 935.9946150000001
1123 1133 994.8642420000001
1122 1134 9.190404000000001
1134 1135 217.15647900000002
1135 1136 779.93223
1135 1137 760.5834920000001
1134 1138 19.093705
1138 1139 45.998955
1139 1140 60.924143
1140 1141 939.075166
1140 1142 690.037437
1139 1143 954.001032
1138 1144 982.6070809999999
1121 1145 0.745193
1145 1146 1.863664
1146 1147 998.136046
1146 1148 2.782069
1148 1149 997.2180760000001
1148 1150 3.6591699999999996
1150 1151 996.340763
1150 1152 26.275391999999997
1152 1153 122.637204
1153 1154 194.279172
1154 1155 237.97085400000003
1154 1156 805.720828
1153 1157 877.362812
1152 1158 973.7246089999999
1145 1159 76.104193
1159 1160 922.1700979999999
1159 1161 924.195131
1120 1162 999.96793
1119 1163 118.68590999999999
1163 1164 881.3240139999999
1163 1165 881.276267
1118 1166 0.010306000000000001
1166 1167 0.016818
1167 1168 0.10317200000000001
1168 1169 0.675095
1169 1170 1.1385040000000002
1170 1171 6.440288
1171 1172 20.494878999999997
1172 1173 58.09196599999999
1173 1174 864.851822
1173 1175 941.9128710000001
1172 1176 246.97669599999998
1176 1177 705.790031
1176 1178 762.9562209999999
1171 1179 10.531956000000001
1179 1180 79.330319
1180 1181 857.414767
1180 1182 920.669655
1179 1183 56.938734999999994
1183 1184 374.910128
1184 1185 512.4822499999999
1184 1186 645.75157
1183 1187 912.703643
1170 1188 12.660463
1188 1189 92.85412
1189 1190 164.569465
1190 1191 628.568025
1190 1192 849.119104
1189 1193 879.770185
1188 1194 53.037228000000006
1194 1195 91.605688
1195 1196 881.018774
1195 1197 778.676322
1194 1198 948.827418
1169 1199 3.5492679999999996
1199 1200 32.479545
1200 1201 143.762699
1201 1202 857.124932
1201 1203 772.57312
1200 1204 965.837894
1199 1205 17.568078
1205 1206 983.319616
1205 1207 18.992708999999998
1207 1208 136.483646
1208 1209 722.340414
1208 1210 863.6087200000001
1207 1211 153.76788299999998
1211 1212 871.8215230000001
1211 1213 782.28702
1168 1214 0.154747
1214 1215 1.039537
1215 1216 2.1794979999999997
1216 1217 10.43441
1217 1218 51.460556000000004
1218 1219 541.3557
1219 1220 458.461024
1219 1221 300.435183
1218 1222 950.646663
1217 1223 85.814552
1223 1224 109.604259
1224 1225 701.787209
1224 1226 903.193445
1223 1227 890.713317
1216 1228 5.018000000000001
1228 1229 10.571972
1229 1230 37.270524
1230 1231 287.231247
1231 1232 742.8126050000001
1231 1233 592.627543
1230 1234 57.40346400000001
1234 1235 727.213243
1234 1236 946.4855950000001
1229 1237 991.5351440000001
1228 1238 574.646209
1238 1239 429.252839
1238 1240 403.174223
1215 1241 998.960463
1214 1242 999.8770939999999
1167 1243 0.023353
1243 1244 0.802631
1244 1245 1.2993
1245 1246 3.709948
1246 1247 9.049299
1247 1248 19.933725
1248 1249 980.0671299999999
1248 1250 58.308153
1250 1251 941.319141
1250 1252 268.296483
1252 1253 731.88987
1252 1254 305.504583
1247 1255 990.9489920000001
1246 1256 996.375444
1245 1257 10.366692
1257 1258 290.423681
1258 1259 709.84732
1258 1260 682.036175
1257 1261 18.783745
1261 1262 89.738317
1262 1263 909.881612
1262 1264 238.23653400000003
1264 1265 419.26685399999997
1264 1266 761.960991
1261 1267 983.250217
1244 1268 42.424743
1268 1269 957.661951
1268 1270 133.41405500000002
1270 1271 778.432558
1270 1272 866.5859429999999
1243 1273 0.075425
1273 1274 0.393253
1274 1275 45.473901
1275 1276 689.080415
1276 1277 310.929557
1276 1278 217.96696899999998
1275 1279 954.6969320000001
1274 1280 0.539273
1280 1281 2.077645
1281 1282 10.34979
1282 1283 11.521392
1283 1284 34.208525
1284 1285 68.554063
1285 1286 74.424025
1286 1287 197.801597
1286 1288 925.575971
1285 1289 931.445937
1284 1290 965.791475
1283 1291 988.478608
1282 1292 989.6502099999999
1281 1293 997.9718359999999
1280 1294 999.3717849999999
1273 1295 999.953922
1166 1296 0.029664
1296 1297 1.055115
1297 1298 1.123822
1298 1299 2.043611
1299 1300 3.470873
1300 1301 11.19032
1301 1302 988.8077360000001
1301 1303 161.824548
1303 1304 827.2964330000001
1303 1305 742.6790289999999
1300 1306 426.371257
1306 1307 582.4170439999999
1306 1308 557.9943000000001
1299 1309 91.742465
1309 1310 900.6306759999999
1309 1311 911.605984
1298 1312 998.8761589999999
1297 1313 649.340104
1313 1314 350.709913
1313 1315 348.537508
1296 1316 0.164875
1316 1317 184.994043
1317 1318 814.997875
1317 1319 814.4740840000001
1316 1320 0.302566
1320 1321 0.87334
1321 1322 2.1159589999999997
1322 1323 7.450906
1323 1324 37.519376
1324 1325 48.314080999999995
1325 1326 951.685919
1325 1327 58.852669999999996
1327 1328 941.147327
1327 1329 565.322051
1324 1330 962.4809000000001
1323 1331 992.548543
1322 1332 998.226059
1321 1333 23.071838
1333 1334 58.72843399999999
1334 1335 941.613386
1334 1336 890.5364470000001
1333 1337 976.3929600000001
1320 1338 1.418358
1338 1339 2.160457
1339 1340 997.557491
1339 1341 3.8357330000000003
1341 1342 78.41335600000001
1342 1343 929.2683529999999
1342 1344 906.514888
1341 1345 17.408133
1345 1346 23.156603
1346 1347 70.657564
1347 1348 660.928304
1347 1349 929.341943
1346 1350 976.843382
1345 1351 982.5920249999999
1338 1352 998.5893880000001
875 1353 0.001759
1353 1354 0.016199
1354 1355 0.074618
1355 1356 0.137886
1356 1357 0.700288
1357 1358 18.823427000000002
1358 1359 122.21762899999999
1359 1360 878.9398630000001
1359 1361 838.830071
1358 1362 31.090535000000003
1362 1363 36.549839
1363 1364 816.800914
1363 1365 962.580936
1362 1366 968.9582550000001
1357 1367 1.9438819999999999
1367 1368 30.353781
1368 1369 970.656295
1368 1370 40.635495
1370 1371 892.589201
1370 1372 392.306782
1372 1373 488.11442999999997
1372 1374 641.08087
1367 1375 2.421716
1375 1376 3.754854
1376 1377 996.2469609999999
1376 1378 18.698059
1378 1379 94.462367
1379 1380 840.74119
1379 1381 927.3104719999999
1378 1382 162.268293
1382 1383 405.48364599999996
1383 1384 200.85576500000002
1383 1385 411.85145900000003
1382 1386 839.138603
1375 1387 997.574519
1356 1388 1.7125709999999998
1388 1389 21.754387
1389 1390 978.565308
1389 1391 974.6479860000001
1388 1392 1.812328
1392 1393 13.948379
1393 1394 49.678128
1394 1395 102.057931
1395 1396 749.189228
1395 1397 856.9424590000001
1394 1398 942.1387689999999
1393 1399 986.0516240000001
1392 1400 998.1880820000001
1355 1401 1.2777530000000001
1401 1402 8.862937
1402 1403 991.137063
1402 1404 11.023186
1404 1405 55.007087
1405 1406 956.713152
1405 1407 911.010695
1404 1408 115.633425
1408 1409 884.420476
1408 1410 815.384719
1401 1411 998.749202
1354 1412 999.9848269999999
1353 1413 0.024982999999999998
1413 1414 0.051528000000000004
1414 1415 999.948256
1414 1416 0.093749
1416 1417 2.054067
1417 1418 2.072775
1418 1419 4.060709
1419 1420 12.814999999999998
1420 1421 987.1849470000001
1420 1422 36.397397999999995
1422 1423 963.602629
1422 1424 115.65361899999999
1424 1425 140.9332
1425 1426 75.636053
1425 1427 859.0668000000001
1424 1428 884.3463780000001
1419 1429 995.939291
1418 1430 997.9272249999999
1417 1431 997.945932
1416 1432 46.577712999999996
1432 1433 953.536615
1432 1434 953.120678
1413 1435 999.977616
874 1436 0.001918
1436 1437 0.017366
1437 1438 0.0066370000000000005
1438 1439 2.98028
1439 1440 55.664488
1440 1441 938.347501
1440 1442 944.384013
1439 1443 5.740842
1443 1444 12.628115000000001
1444 1445 91.869311
1445 1446 908.162532
1445 1447 835.572094
1444 1448 33.050216
1448 1449 929.774089
1448 1450 978.775056
1443 1451 994.2259809999999
1438 1452 0.170578
1452 1453 0.27141499999999996
1453 1454 12.070686
1454 1455 988.1514770000001
1454 1456 27.487476
1456 1457 35.954565
1457 1458 187.817456
1458 1459 812.182558
1458 1460 527.145303
1457 1461 964.045408
1456 1462 972.512525
1453 1463 3.5977380000000005
1463 1464 996.4176630000001
1463 1465 13.756048000000002
1465 1466 28.272246000000003
1466 1467 59.59351
1467 1468 143.532535
1468 1469 433.537908
1468 1470 856.468068
1467 1471 940.405284
1466 1472 971.7366719999999
1465 1473 956.6310550000001
1473 1474 35.547284000000005
1473 1475 23.642836
1452 1476 999.8464439999999
1437 1477 0.040441000000000005
1477 1478 0.12828
1478 1479 0.329734
1479 1480 2.328777
1480 1481 12.367743
1481 1482 982.080287
1481 1483 23.148517
1483 1484 55.601299999999995
1484 1485 875.136711
1484 1486 914.997501
1483 1487 980.0727860000001
1480 1488 4.541982
1488 1489 6.540165000000001
1489 1490 993.459743
1489 1491 23.149597999999997
1491 1492 52.770267000000004
1492 1493 83.371029
1493 1494 461.94719299999997
1493 1495 916.628096
1492 1496 947.229731
1491 1497 976.850448
1488 1498 995.459874
1479 1499 999.684464
1478 1500 0.517649
1500 1501 999.555359
1500 1502 4.902879
1502 1503 10.424609
1503 1504 989.790878
1503 1505 43.456776000000005
1505 1506 208.69783900000002
1506 1507 813.813366
1506 1508 679.123728
1505 1509 66.961396
1509 1510 755.390489
1509 1511 933.7270229999999
1502 1512 994.666147
1477 1513 999.964139
1436 1514 0.003603
1514 1515 0.079497
1515 1516 0.11372800000000001
1516 1517 0.205936
1517 1518 1.885691
1518 1519 2.192794
1519 1520 3.6410240000000003
1520 1521 11.747228
1521 1522 145.599385
1522 1523 876.550654
1522 1524 808.756119
1521 1525 44.561291
1525 1526 166.996244
1526 1527 519.69195
1526 1528 833.003756
1525 1529 955.438709
1520 1530 996.358989
1519 1531 997.814274
1518 1532 998.10012
1517 1533 999.7940639999999
1516 1534 248.390273
1534 1535 295.282781
1535 1536 621.286919
1536 1537 191.174406
1536 1538 1
1535 1539 207.921574
1534 1540 751.283642
1515 1541 999.9242
1514 1542 0.024689
1542 1543 0.037866000000000004
1543 1544 0.333449
1544 1545 1.494568
1545 1546 6.155831
1546 1547 24.488768999999998
1547 1548 977.703016
1547 1549 55.408535
1549 1550 66.307774
1550 1551 933.692226
1550 1552 665.907539
1549 1553 944.657623
1546 1554 989.222608
1545 1555 3.073239
1555 1556 997.361931
1555 1557 4.840251
1557 1558 13.967474
1558 1559 53.557854000000006
1559 1560 94.404463
1560 1561 598.289415
1560 1562 905.6127849999999
1559 1563 946.407649
1558 1564 986.032526
1557 1565 995.159887
1544 1566 0.987393
1566 1567 2.994107
1567 1568 3.8736560000000004
1568 1569 5.706982
1569 1570 31.038069
1570 1571 31.186113
1571 1572 88.986532
1572 1573 415.06837
1572 1574 910.9962559999999
1571 1575 968.813808
1570 1576 968.961934
1569 1577 994.293036
1568 1578 996.1262919999999
1567 1579 997.005893
1566 1580 999.0981059999999
1543 1581 0.7625230000000001
1581 1582 2.591603
1582 1583 5.670906
1583 1584 15.03512
1584 1585 984.9648800000001
1584 1586 28.169689999999996
1586 1587 117.298628
1587 1588 179.910913
1588 1589 114.087385
1588 1590 820.089136
1587 1591 882.7011739999999
1586 1592 971.83031
1583 1593 994.329424
1582 1594 997.4077360000001
1581 1595 999.240117
1542 1596 999.978441
873 1597 0.0016719999999999999
1597 1598 0.005411
1598 1599 0.041518
1599 1600 0.061755000000000004
1600 1601 0.13500800000000002
1601 1602 0.758613
1602 1603 2.2081839999999997
1603 1604 3.768879
1604 1605 9.915475
1605 1606 990.084525
1605 1607 23.300045
1607 1608 30.48903
1608 1609 70.526916
1609 1610 929.473084
1609 1611 464.44163
1608 1612 969.5109699999999
1607 1613 976.6999549999999
1604 1614 996.5006109999999
1603 1615 997.2528349999999
1602 1616 999.244332
1601 1617 0.868358
1617 1618 3.047322
1618 1619 6.365527999999999
1619 1620 36.460029
1620 1621 806.9882399999999
1621 1622 167.360907
1621 1623 94.44094
1620 1624 963.540017
1619 1625 994.646472
1618 1626 24.009005
1626 1627 975.9908790000001
1626 1628 782.01111
1628 1629 210.51186099999998
1628 1630 158.456066
1617 1631 2.909974
1631 1632 5.526868
1632 1633 994.473131
1632 1634 35.021166
1634 1635 53.102362
1635 1636 131.70307699999998
1636 1637 490.663498
1636 1638 866.2783620000001
1635 1639 946.899906
1634 1640 964.974299
1631 1641 997.0929070000001
1600 1642 999.938245
1599 1643 999.9584820000001
1598 1644 999.9954909999999
1597 1645 0.035341000000000004
1645 1646 0.099574
1646 1647 0.140862
1647 1648 1.007212
1648 1649 6.2166939999999995
1649 1650 7.83782
1650 1651 21.186574
1651 1652 97.023042
1652 1653 193.10641099999998
1653 1654 301.365283
1653 1655 806.811633
1652 1656 902.9769180000001
1651 1657 978.81348
1650 1658 992.162087
1649 1659 993.7832759999999
1648 1660 998.992789
1647 1661 999.859134
1646 1662 999.9004259999999
1645 1663 999.965295
634 1664 0.000797
1664 1665 0.010535
1665 1666 0.080912
1666 1667 110.91311800000001
1667 1668 889.0968839999999
1667 1669 888.9117640000001
1666 1670 0.100837
1670 1671 999.899986
1670 1672 0.210281
1672 1673 0.609508
1673 1674 999.389967
1673 1675 1.424866
1675 1676 1.714034
1676 1677 5.08797
1677 1678 22.963773
1678 1679 33.689584
1679 1680 75.438571
1680 1681 76.583371
1681 1682 1
1681 1683 923.41663
1680 1684 924.561428
1679 1685 966.310421
1678 1686 977.036208
1677 1687 994.9120300000001
1676 1688 998.285966
1675 1689 998.5753960000001
1672 1690 999.789719
1665 1691 444.062295
1691 1692 555.916257
1691 1693 555.938869
1664 1694 0.003431
1694 1695 0.005214
1695 1696 999.9951769999999
1695 1697 0.059292000000000004
1697 1698 0.148417
1698 1699 0.185456
1699 1700 0.428437
1700 1701 999.571563
1700 1702 0.55543
1702 1703 2.177919
1703 1704 5.825425
1704 1705 8.471633
1705 1706 18.643417
1706 1707 39.997885
1707 1708 180.326322
1708 1709 125.61737699999999
1708 1710 819.520975
1707 1711 960.0029380000001
1706 1712 981.3549370000001
1705 1713 991.5283670000001
1704 1714 994.1745750000001
1703 1715 997.82208
1702 1716 999.44457
1699 1717 999.814544
1698 1718 999.851583
1697 1719 999.940708
1694 1720 0.025281
1720 1721 0.068867
1721 1722 0.182208
1722 1723 1.9937710000000002
1723 1724 997.718499
1723 1725 2.470646
1725 1726 4.297051000000001
1726 1727 25.753932000000002
1727 1728 27.861376999999997
1728 1729 83.190804
1729 1730 88.825093
1730 1731 142.76611400000002
1730 1732 911.174853
1729 1733 916.809197
1728 1734 972.138718
1727 1735 974.3461
1726 1736 995.502549
1725 1737 997.7347399999999
1722 1738 0.398642
1738 1739 3.0902
1739 1740 8.685011
1740 1741 8.976785
1741 1742 10.785955
1742 1743 55.786933000000005
1743 1744 62.252215
1744 1745 937.747779
1744 1746 392.959021
1743 1747 944.213064
1742 1748 989.214075
1741 1749 991.023156
1740 1750 991.314989
1739 1751 996.9098
1738 1752 999.601596
1721 1753 999.936052
1720 1754 0.096286
1754 1755 1.340838
1755 1756 2.733021
1756 1757 4.219597
1757 1758 995.780311
1757 1759 37.273939
1759 1760 72.896821
1760 1761 113.463008
1761 1762 886.537013
1761 1763 464.00449000000003
1760 1764 927.103092
1759 1765 962.726107
1756 1766 997.266979
1755 1767 42.49165
1767 1768 954.764705
1767 1769 957.6387739999999
1754 1770 3.1601749999999997
1770 1771 34.5185
1771 1772 965.5529120000001
1771 1773 958.953086
1770 1774 996.5793630000001
65 1775 1000.0
64 1776 1
1776 1777 1
1777 1778 1
1778 1779 1
1779 1780 1
1780 1781 1
1781 1782 1
1782 1783 1
1783 1784 1
1784 1785 1
1785 1786 1
1786 1787 1
1787 1788 1
1788 1789 1
1789 1790 1
1790 1791 1e-06
1791 1792 1e-06
1792 1793 4.9999999999999996e-06
1793 1794 3.1e-05
1794 1795 5.5e-05
1795 1796 7.9e-05
1796 1797 8.6e-05
1797 1798 0.000124
1798 1799 0.000221
1799 1800 0.000472
1800 1801 0.000651
1801 1802 999.9993489999999
1801 1803 0.002158
1803 1804 0.002945
1804 1805 0.003625
1805 1806 999.996375
1805 1807 0.0075970000000000005
1807 1808 0.041493999999999996
1808 1809 0.052145000000000004
1809 1810 0.110694
1810 1811 0.118976
1811 1812 0.35882800000000004
1812 1813 1.178844
1813 1814 2.613819
1814 1815 5.8607119999999995
1815 1816 9.917304
1816 1817 30.119309
1817 1818 33.140397
1818 1819 1
1818 1820 966.859603
1817 1821 969.880691
1816 1822 990.0826959999999
1815 1823 994.1392880000001
1814 1824 997.3861810000001
1813 1825 998.821156
1812 1826 999.641172
1811 1827 999.8810239999999
1810 1828 652.390034
1828 1829 347.16037700000004
1828 1830 347.838168
1809 1831 999.9478549999999
1808 1832 999.9585059999999
1807 1833 999.9924030000001
1804 1834 999.997055
1803 1835 999.997842
1800 1836 999.999528
1799 1837 999.999779
1798 1838 999.9998760000001
1797 1839 999.999914
1796 1840 999.9999210000001
1795 1841 999.999945
1794 1842 999.999969
1793 1843 999.9999949999999
1792 1844 999.9999989999999
1791 1845 999.9999989999999
1790 1846 1000.0
1789 1847 1000.0
1788 1848 1000.0
1787 1849 1000.0
1786 1850 1000.0
1785 1851 1000.0
1784 1852 1000.0
1783 1853 0.00041799999999999997
1853 1854 75.90964100000001
1854 1855 924.090359
1854 1856 924.089524
1853 1857 0.000576
1857 1858 0.00199
1858 1859 0.0076359999999999996
1859 1860 0.008667
1860 1861 0.030693
1861 1862 0.031613
1862 1863 0.045967
1863 1864 0.155013
1864 1865 0.179104
1865 1866 0.313232
1866 1867 1.6381199999999998
1867 1868 1.952892
1868 1869 15.384146000000001
1869 1870 18.308627
1870 1871 55.574146
1871 1872 73.663063
1872 1873 926.3369369999999
1872 1874 156.889243
1871 1875 944.425854
1870 1876 981.691373
1869 1877 984.6158539999999
1868 1878 998.0471079999999
1867 1879 998.36188
1866 1880 999.6867679999999
1865 1881 999.820896
1864 1882 999.844987
1863 1883 999.954033
1862 1884 999.968387
1861 1885 999.969307
1860 1886 999.991333
1859 1887 999.9923640000001
1858 1888 999.99801
1857 1889 999.999424
1782 1890 1000.0
1781 1891 1000.0
1780 1892 1000.0
1779 1893 1000.0
1778 1894 1000.0
1777 1895 1000.0
1776 1896 2.9999999999999997e-06
1896 1897 2.9999999999999997e-06
1897 1898 4e-06
1898 1899 8e-06
1899 1900 2.9999999999999997e-05
1900 1901 3.9999999999999996e-05
1901 1902 6.6e-05
1902 1903 8.3e-05
1903 1904 0.000286
1904 1905 0.00031800000000000003
1905 1906 0.000977
1906 1907 0.001511
1907 1908 0.004291
1908 1909 0.018616
1909 1910 0.022397
1910 1911 0.076827
1911 1912 0.091583
1912 1913 0.11896899999999999
1913 1914 0.521348
1914 1915 0.647073
1915 1916 0.9408839999999999
1916 1917 2.434494
1917 1918 12.249322999999999
1918 1919 14.029675999999998
1919 1920 53.225933000000005
1920 1921 92.227465
1921 1922 1
1921 1923 907.772535
1920 1924 946.774067
1919 1925 985.970324
1918 1926 987.750677
1917 1927 997.5655059999999
1916 1928 999.0591159999999
1915 1929 999.352927
1914 1930 999.478652
1913 1931 999.881031
1912 1932 999.908417
1911 1933 999.923173
1910 1934 999.9776029999999
1909 1935 999.9813839999999
1908 1936 999.995709
1907 1937 999.9984890000001
1906 1938 999.999023
1905 1939 999.999682
1904 1940 999.9997139999999
1903 1941 999.9999170000001
1902 1942 999.999934
1901 1943 999.9999600000001
1900 1944 999.99997
1899 1945 999.999992
1898 1946 999.999996
1897 1947 999.9999969999999
1896 1948 142.419905
1948 1949 857.5800949999999
1948 1950 857.580089
63 1951 999.9999969999999
62 1952 999.999994
61 1953 999.9999770000001
60 1954 999.999947
17 1955 0.0061719999999999995
1955 1956 0.039134
1956 1957 0.442093
1957 1958 0.691189
1958 1959 0.97106
1959 1960 1.496546
1960 1961 3.111003
1961 1962 6.6674739999999995
1962 1963 29.558553
1963 1964 970.4414469999999
1963 1965 46.955661
1965 1966 953.044339
1965 1967 132.067586
1967 1968 213.97806799999998
1967 1969 867.840075
1962 1970 993.332526
1961 1971 996.8889969999999
1960 1972 998.503456
1959 1973 999.028934
1958 1974 999.309267
1957 1975 999.5570280000001
1956 1976 999.960916
1955 1977 999.993716
16 1978 999.999253
15 1979 999.9970810000001
14 1980 487.207978
1980 1981 512.798655
1980 1982 512.764792
13 1983 999.986399
12 1984 790.434104
1984 1985 209.46746900000002
1984 1986 209.626721
11 1987 999.9768339999999
10 1988 999.939352
9 1989 999.9162269999999
8 1990 999.572796
7 1991 999.531216
6 1992 997.023159
5 1993 996.521117
4 1994 995.9703850000001
3 1995 967.3387979999999
2 1996 957.389959
1 1997 721.173523
1 1998 1
