1 2 0.21764499999999998
2 3 0.23335899999999998
3 4 0.228167
4 5 2.200422
5 6 7.45803
5 7 0.8433329999999999
7 8 4.978827
8 9 1.757533
8 10 1.808193
7 11 7.607655
4 12 0.035203
12 13 1
13 14 0.134379
14 15 1
15 16 0.019233
16 17 0.127095
17 18 0.085131
18 19 0.40312200000000004
19 20 9.189746999999999
19 21 9.224303
18 22 0.303964
22 23 1
23 24 0.183769
24 25 0.057784999999999996
25 26 0.180823
26 27 0.091278
27 28 0.980553
28 29 7.920035
28 30 7.699976
30 31 0.47348599999999996
30 32 0.48447100000000004
27 33 8.897351
26 34 9.213704
25 35 1
35 36 1
36 37 0.566279
37 38 9.19548
37 39 8.899251
36 40 0.168263
40 41 0.033049
41 42 0.422249
42 43 0.11123000000000001
43 44 8.570387
43 45 8.406728
42 46 8.723256
41 47 0.08390399999999999
47 48 0.455794
48 49 1
49 50 0.105272
50 51 0.472117
51 52 2.970346
52 53 3.8390109999999997
53 54 1
54 55 1.488703
54 56 0.49960200000000005
56 57 0.527901
57 58 0.402775
57 59 0.395522
56 60 0.962253
53 61 0.424685
61 62 0.328716
62 63 0.12607000000000002
63 64 0.578619
63 65 0.592217
62 66 0.725447
61 67 0.687844
67 68 0.008567
68 69 0.290789
68 70 0.294629
67 71 0.284141
52 72 4.057544
72 73 1.623284
72 74 1.410245
51 75 8.992709999999999
50 76 9.077575
49 77 10.66722
48 78 1
78 79 0.41768700000000003
79 80 1
80 81 0.412491
81 82 1
82 83 0.485702
83 84 8.580625999999999
83 85 9.035127
82 86 0.101855
86 87 0.19472899999999999
87 88 9.214731
87 89 9.518638
86 90 0.579601
90 91 0.193725
91 92 8.200471
91 93 0.6838989999999999
93 94 0.967965
94 95 6.564273
94 96 6.155259
93 97 6.908564999999999
90 98 1
98 99 1.326584
99 100 8.196809
99 101 8.939966
98 102 0.044851
102 103 0.460847
103 104 0.642702
104 105 1
105 106 0.430641
106 107 1
107 108 0.138901
108 109 0.23286
109 110 0.533942
110 111 1
111 112 1
112 113 0.951607
113 114 1
114 115 9.49691
114 116 0.11772
116 117 1.271505
117 118 1
118 119 0.844917
119 120 0.12298100000000001
120 121 5.779459
120 122 0.154548
122 123 5.751284
122 124 5.5845329999999995
119 125 1
125 126 0.219945
126 127 1
127 128 0.39231099999999997
128 129 0.030098
129 130 0.064269
130 131 1
131 132 5.981555
131 133 0.018268
133 134 0.106911
134 135 0.026383
135 136 0.019602
136 137 0.087278
137 138 0.031582
138 139 0.035665
139 140 0.053720000000000004
140 141 5.732404
140 142 0.072966
142 143 0.645909
143 144 0.18534
144 145 4.7953280000000005
144 146 4.518136999999999
143 147 1
147 148 5.645708
147 149 0.620975
149 150 0.254558
150 151 0.572225
151 152 3.906224
151 153 0.4578
153 154 3.473178
153 155 3.6582749999999997
150 156 1
156 157 1
157 158 0.150918
158 159 4.738403
158 160 0.22281800000000002
160 161 0.18276
161 162 0.7868339999999999
162 163 3.518026
162 164 3.4005479999999997
161 165 4.1626080000000005
160 166 0.288221
166 167 1
167 168 0.188038
168 169 0.20086299999999999
169 170 4.327793
169 171 0.019408
171 172 4.24006
171 173 0.502097
173 174 1
174 175 0.406749
175 176 0.487368
176 177 1
177 178 1
178 179 0.227144
179 180 0.022865
180 181 0.089105
181 182 0.047244
182 183 0.116941
183 184 0.059056
184 185 0.41280199999999995
185 186 0.12052
186 187 1
187 188 0.8302550000000001
188 189 1
189 190 0.134222
190 191 0.21056999999999998
191 192 2.319152
191 193 0.17066099999999998
193 194 1
194 195 0.25168
195 196 0.030214
196 197 0.04435
197 198 0.283081
198 199 0.054119
199 200 0.149263
200 201 0.306512
201 202 0.055019
202 203 0.145149
203 204 0.9853419999999999
203 205 0.122798
205 206 0.7527360000000001
205 207 0.236016
207 208 0.147102
208 209 0.796724
208 210 0.374112
207 211 0.518146
202 212 1.031474
201 213 1.022909
200 214 1.823058
199 215 1.896583
198 216 1.586574
197 217 1.9547780000000001
196 218 1.8646570000000002
195 219 1.90951
194 220 2.1336999999999997
193 221 0.769636
221 222 1.351772
221 223 1.309218
190 224 2.4399420000000003
189 225 2.773778
188 226 0.139508
226 227 0.540681
227 228 1.590381
227 229 1.656026
226 230 0.430581
230 231 1.80542
230 232 2.079625
187 233 3.213745
186 234 0.17091800000000001
234 235 2.601158
234 236 2.614383
185 237 0.271474
237 238 0.259854
238 239 2.370734
238 240 2.472268
237 241 2.747065
184 242 3.486172
183 243 3.359686
182 244 3.4843680000000004
181 245 3.4555130000000003
180 246 3.8085229999999997
179 247 3.6383270000000003
178 248 3.840395
177 249 0.262523
249 250 3.2973339999999998
249 251 3.195481
176 252 1
252 253 0.285309
253 254 3.091335
253 255 0.42117200000000005
255 256 0.268343
256 257 2.4591760000000003
256 258 2.437045
255 259 2.6853559999999996
259 260 0.080763
259 261 0.078896
252 262 3.5492679999999996
175 263 0.178723
263 264 3.670673
263 265 3.514
174 266 4.170205
173 267 0.05517299999999999
267 268 3.661554
267 269 3.6295580000000003
168 270 4.824382
167 271 6.4864489999999995
166 272 0.350923
272 273 3.9469039999999995
272 274 4.036066
157 275 6.839792
156 276 1.1573719999999998
276 277 3.447555
276 278 3.5242379999999995
149 279 0.132894
279 280 4.713685
279 281 4.54656
142 282 5.422931999999999
139 283 5.788506
138 284 5.760473
137 285 5.819164000000001
136 286 5.853451
135 287 6.10837
134 288 5.916416
133 289 6.119721999999999
130 290 0.319075
290 291 5.4404710000000005
290 292 5.469587
129 293 0.024739
293 294 6.032928
293 295 5.675427
128 296 1.253632
296 297 4.725097
296 298 5.120566
127 299 6.247522
126 300 0.069737
300 301 0.283007
301 302 5.403489
301 303 5.613009
300 304 5.784050000000001
125 305 0.135524
305 306 5.918063
305 307 5.790293
118 308 7.1178729999999995
117 309 1
309 310 0.60349
310 311 6.036048
310 312 5.938407
309 313 0.338843
313 314 0.5015569999999999
314 315 6.2702610000000005
314 316 0.47984200000000005
316 317 0.16822600000000001
317 318 4.683316
317 319 0.532225
319 320 4.348932
319 321 4.698434
316 322 1.2864389999999999
322 323 3.103439
322 324 3.442596
313 325 0.30802999999999997
325 326 5.737766
325 327 6.023809
116 328 7.417572999999999
113 329 0.051937000000000004
329 330 6.46012
329 331 1.7091189999999998
331 332 5.343097
331 333 4.928324
112 334 8.8242
111 335 0.9733800000000001
335 336 6.258126
335 337 6.514626
110 338 1
338 339 0.21033100000000002
339 340 0.285989
340 341 7.195285
340 342 6.9079619999999995
339 343 0.305956
343 344 0.21121600000000001
344 345 0.245227
345 346 6.317425
345 347 6.1360079999999995
344 348 6.726566
343 349 7.370693
338 350 8.014323
109 351 8.165227
108 352 8.271818
107 353 8.80753
106 354 0.131022
354 355 1.116091
355 356 5.4765500000000005
356 357 0.9221210000000001
356 358 0.8873519999999999
355 359 3.105143
359 360 3.469286
359 361 3.396068
354 362 8.603174
105 363 0.142357
363 364 7.8112319999999995
363 365 9.006224
104 366 1.119613
366 367 1.3882349999999999
367 368 1.004642
368 369 0.483019
369 370 0.217568
370 371 1.6379629999999998
371 372 1.865786
371 373 1.75316
370 374 3.2316480000000003
369 375 3.396458
368 376 0.004896
376 377 1.497925
377 378 2.728195
378 379 1
378 380 1
377 381 2.540565
376 382 3.7661729999999998
367 383 2.742449
383 384 0.084769
384 385 2.456785
384 386 2.811975
386 387 1
386 388 1
383 389 2.454932
366 390 0.137192
390 391 1
391 392 6.420252
392 393 0.027196
392 394 0.026023
391 395 1.868064
395 396 0.461858
396 397 0.41442500000000004
397 398 3.6841909999999998
397 399 3.606921
396 400 1.338577
400 401 2.683049
400 402 0.7736500000000001
402 403 1.8588110000000002
402 404 0.733434
404 405 1.199652
405 406 0.026317
405 407 0.026903000000000003
404 408 0.276677
408 409 0.9164800000000001
408 410 0.7333339999999999
410 411 0.10638600000000001
410 412 0.10649299999999999
395 413 1
413 414 0.521635
414 415 0.22199
415 416 0.25660299999999997
416 417 3.627901
416 418 0.150705
418 419 3.3880689999999998
418 420 3.583724
415 421 1.670997
421 422 2.296819
421 423 0.151292
423 424 2.045683
423 425 2.105462
414 426 3.8995870000000004
413 427 4.559838
390 428 1.898685
428 429 4.911584
428 430 1.544093
430 431 1.4951320000000001
431 432 1.7703050000000002
431 433 1.8486410000000002
430 434 2.975331
103 435 1
435 436 0.523284
436 437 7.751265999999999
436 438 7.788915
435 439 8.97645
102 440 8.685844
81 441 0.00633
441 442 0.424958
442 443 9.513385000000001
442 444 8.262027
441 445 9.340875
80 446 0.45889700000000005
446 447 8.85971
446 448 8.968922
79 449 0.076145
449 450 0.176039
450 451 0.19403499999999999
451 452 0.17794200000000002
452 453 9.108486000000001
452 454 0.151759
454 455 9.059151
454 456 9.833877000000001
451 457 0.17949
457 458 9.462165
457 459 9.430863
450 460 0.858361
460 461 8.814329
460 462 8.162786
449 463 10.520272
78 464 10.38449
47 465 0.151451
465 466 8.356148
465 467 9.419264
40 468 0.013219999999999999
468 469 1.215955
469 470 7.9837430000000005
469 471 8.407955000000001
468 472 9.720713
35 473 0.312792
473 474 9.894799
473 475 1.999826
475 476 7.363849999999999
475 477 7.1651549999999995
24 478 1
478 479 0.12759500000000001
479 480 9.40404
479 481 9.808307
478 482 0.120795
482 483 0.552794
483 484 0.31056399999999995
484 485 8.172065
484 486 8.485731000000001
483 487 7.911894
482 488 9.464316
23 489 0.415349
489 490 9.597935
489 491 9.507973
22 492 0.016482
492 493 0.333942
493 494 8.962443
493 495 10.249904
492 496 0.126654
496 497 0.172
497 498 9.146419999999999
497 499 9.107971
496 500 0.251595
500 501 0.12501299999999999
501 502 1
502 503 0.14762799999999998
503 504 0.506923
504 505 7.436267000000001
504 506 7.7845949999999995
503 507 9.072640999999999
502 508 9.085562
501 509 0.042617
509 510 7.98557
509 511 0.159933
511 512 0.523577
512 513 7.472421999999999
512 514 7.588781
511 515 8.523788999999999
500 516 0.235884
516 517 8.318873
516 518 8.817902
17 519 0.07166
519 520 9.781967
519 521 0.409624
521 522 9.536769
521 523 8.930501
16 524 0.383354
524 525 9.186893999999999
524 526 9.493255000000001
15 527 0.770793
527 528 10.601565
527 529 11.75075
14 530 1.0613519999999999
530 531 5.490308
531 532 2.564799
532 533 2.448964
532 534 2.234378
531 535 4.406994
530 536 9.975497
13 537 1
537 538 1.129586
538 539 8.690638
538 540 8.552576
537 541 10.765039
12 542 0.6298480000000001
542 543 5.756261
543 544 5.2939300000000005
543 545 5.29681
542 546 0.364016
546 547 8.778654
546 548 9.156417999999999
3 549 1
549 550 0.528494
550 551 7.667897
551 552 1.801689
552 553 0.087399
553 554 0.646267
554 555 0.370376
555 556 0.060039999999999996
556 557 0.038697
557 558 0.094334
558 559 0.160332
559 560 0.309053
559 561 0.329584
558 562 0.036822
562 563 0.233444
563 564 0.213279
563 565 0.212479
562 566 0.431804
557 567 0.142785
567 568 0.169249
568 569 0.262616
568 570 0.163142
570 571 0.082203
570 572 0.077457
567 573 0.184388
573 574 0.23895600000000003
573 575 0.24002199999999999
556 576 0.027188
576 577 0.096006
577 578 0.47849800000000003
577 579 0.47945799999999994
576 580 0.055981
580 581 0.048622
581 582 0.139655
582 583 0.354061
582 584 0.33779600000000004
581 585 0.498982
580 586 0.5434640000000001
555 587 0.255674
587 588 0.099568
588 589 0.327072
588 590 0.125296
590 591 0.191895
590 592 0.180643
587 593 0.182275
593 594 0.234618
593 595 0.084701
595 596 0.132223
595 597 0.133876
554 598 0.373158
598 599 0.201627
599 600 0.069036
600 601 0.531797
600 602 0.21993300000000002
602 603 0.272377
603 604 0.055006
603 605 0.051433
602 606 0.113466
606 607 0.211466
606 608 0.214292
599 609 0.07441700000000001
609 610 0.524466
609 611 0.53993
598 612 0.476506
612 613 0.311453
612 614 0.327184
553 615 0.845469
615 616 0.48452599999999996
616 617 0.038058
617 618 0.619707
617 619 0.657568
616 620 0.41431
620 621 0.266979
620 622 0.265219
615 623 0.190996
623 624 1
624 625 0.15757
625 626 0.708244
625 627 0.187663
627 628 0.505708
627 629 0.212759
629 630 0.269432
629 631 0.262766
624 632 0.848495
623 633 0.23703000000000002
633 634 0.035651999999999996
634 635 0.332284
635 636 0.244191
635 637 0.088406
637 638 0.146274
637 639 0.066605
639 640 0.07825700000000001
639 641 0.081403
634 642 0.228875
642 643 0.341689
642 644 0.35016800000000003
633 645 0.19888000000000003
645 646 0.394891
645 647 0.137307
647 648 0.267885
647 649 0.264313
552 650 1
650 651 1.806325
651 652 1.367227
651 653 0.658026
653 654 0.5677770000000001
654 655 0.463111
654 656 0.22874599999999998
656 657 0.215146
656 658 0.210613
653 659 0.072451
659 660 0.307237
660 661 0.032482000000000004
661 662 0.034908
662 663 0.030992
663 664 0.402898
663 665 0.07608
665 666 0.317959
665 667 0.320679
662 668 0.058637
668 669 0.398188
668 670 0.13401000000000002
670 671 0.230264
670 672 0.248715
661 673 0.129187
673 674 0.319345
673 675 0.319292
660 676 0.534373
659 677 0.835724
650 678 2.946517
551 679 3.937567
679 680 0.8041579999999999
680 681 0.9105679999999999
680 682 0.207047
682 683 0.681805
682 684 0.701909
679 685 0.827542
685 686 0.684905
685 687 0.273052
687 688 0.403388
687 689 0.39490899999999995
550 690 25.057645
549 691 0.842792
691 692 10.89267
691 693 1
693 694 3.110162
694 695 8.093009
694 696 8.13903
693 697 0.331236
697 698 1
698 699 0.273772
699 700 1.497422
700 701 9.547194000000001
700 702 10.729548999999999
699 703 1
703 704 0.122676
704 705 0.430454
705 706 10.289784000000001
705 707 0.194516
707 708 9.794629
707 709 9.683817
704 710 11.266282
703 711 0.060545
711 712 1
712 713 0.38653
713 714 0.21502600000000002
714 715 11.510750999999999
714 716 1
716 717 0.056373999999999994
717 718 1
718 719 0.281866
719 720 1
720 721 0.074714
721 722 0.033138
722 723 0.182271
723 724 1.649901
724 725 10.502165
724 726 10.306776
723 727 0.11300500000000001
727 728 0.25791
728 729 10.937655
728 730 12.266177
727 731 0.354117
731 732 11.526352
731 733 10.879183000000001
722 734 0.211591
734 735 0.027622999999999998
735 736 0.296412
736 737 11.368186
736 738 11.250228
735 739 0.312105
739 740 1.66141
740 741 2.066831
741 742 6.469485
741 743 6.090387
740 744 8.577128
739 745 0.408206
745 746 9.647981
745 747 10.309443
734 748 0.176389
748 749 0.48740700000000003
749 750 10.666863
749 751 10.195297
748 752 4.1028
752 753 7.086605
752 754 7.708498
721 755 0.093934
755 756 2.5232270000000003
756 757 0.192549
757 758 2.580886
758 759 3.095471
759 760 4.2008980000000005
759 761 4.686808
758 762 2.705487
762 763 4.033319
762 764 4.322189
757 765 9.340349
756 766 0.798194
766 767 10.485681
766 768 3.686502
768 769 0.8309789999999999
769 770 4.167595
769 771 4.1346929999999995
768 772 4.996589
755 773 0.11338999999999999
773 774 0.042598000000000004
774 775 0.063157
775 776 1
776 777 0.100286
777 778 0.064872
778 779 0.041138999999999995
779 780 0.342878
780 781 12.950595000000002
780 782 12.967445999999999
779 783 0.022538
783 784 3.1242550000000002
784 785 9.01017
784 786 9.403880000000001
783 787 0.088551
787 788 0.300234
788 789 0.0426
789 790 0.034032
790 791 1.637255
791 792 1.101238
792 793 11.166548
792 794 0.611366
794 795 1.09521
795 796 9.112771
795 797 8.928741
794 798 9.6818
791 799 11.041376
790 800 0.21490900000000002
800 801 0.041167
801 802 0.43929
802 803 11.772294
802 804 11.00578
801 805 11.588384
800 806 0.44216999999999995
806 807 12.731957
806 808 12.547447
789 809 0.179071
809 810 0.09221
810 811 0.369907
811 812 0.222915
812 813 14.262959
812 814 14.582170999999999
811 815 15.104387
810 816 0.487135
816 817 12.744062
816 818 12.9611
809 819 0.074545
819 820 0.149642
820 821 0.079475
821 822 0.212438
822 823 11.830553
822 824 12.011916
821 825 0.26654
825 826 11.247402
825 827 11.583892
820 828 0.791999
828 829 12.569818
828 830 13.933641999999999
819 831 0.086016
831 832 0.34336700000000003
832 833 12.063830000000001
832 834 11.885079
831 835 0.12407900000000001
835 836 0.156425
836 837 11.419236000000001
836 838 0.209289
838 839 11.866015
838 840 12.615092
835 841 0.23505
841 842 11.861402
841 843 12.779364
788 844 0.050122999999999994
844 845 0.182448
845 846 0.071508
846 847 0.233352
847 848 0.158632
848 849 12.133661
848 850 11.229830999999999
847 851 10.990916
846 852 0.134517
852 853 0.11096700000000001
853 854 0.296571
854 855 0.121174
855 856 12.325023
855 857 12.954381000000001
854 858 1.52864
858 859 11.807089
858 860 10.811325
853 861 0.288847
861 862 12.478656
861 863 12.747527999999999
852 864 0.15875799999999998
864 865 0.343362
865 866 0.190727
866 867 12.695055
866 868 12.531129
865 869 12.981172999999998
864 870 1.907803
870 871 0.16888999999999998
871 872 11.148707
871 873 2.342512
873 874 8.59737
873 875 8.752284000000001
870 876 11.246476
845 877 0.011821
877 878 0.731556
878 879 13.599252
878 880 1.820539
880 881 11.879385000000001
880 882 2.809279
882 883 8.172172
882 884 7.8469869999999995
877 885 0.323637
885 886 0.071934
886 887 1
887 888 0.21864699999999998
888 889 0.159297
889 890 1
890 891 0.15543600000000002
891 892 1
892 893 0.337289
893 894 1
894 895 0.711376
895 896 0.19569399999999998
896 897 1
897 898 0.128674
898 899 0.260304
899 900 0.166853
900 901 14.04576
900 902 13.628534
899 903 0.315848
903 904 14.513565
903 905 0.654078
905 906 13.915084
905 907 12.481936000000001
898 908 13.147201
897 909 13.035630000000001
896 910 1
910 911 0.347202
911 912 0.046161
912 913 0.303863
913 914 14.951723999999999
913 915 13.254769
912 916 0.328861
916 917 0.027
917 918 0.462003
918 919 15.930584
918 920 15.309437
917 921 14.146831
916 922 0.251664
922 923 15.92457
922 924 0.17441900000000002
924 925 15.498053
924 926 16.380606
911 927 0.155665
927 928 13.775288999999999
927 929 15.229501
910 930 13.979832
895 931 0.007307
931 932 0.037362
932 933 0.103129
933 934 0.085969
934 935 1
935 936 0.211714
936 937 2.542446
937 938 12.194879
937 939 11.807249
936 940 14.062131
935 941 0.134907
941 942 0.198749
942 943 0.062943
943 944 2.335626
944 945 2.293763
945 946 8.57292
945 947 10.692647
944 948 13.166589
943 949 3.8361
949 950 12.362058
949 951 12.651246999999998
942 952 1
952 953 0.21865700000000002
953 954 0.11659800000000001
954 955 1
955 956 0.437656
956 957 0.331347
957 958 1
958 959 0.154949
959 960 1.857442
960 961 2.147035
961 962 10.102775999999999
961 963 13.792913
960 964 12.169091
959 965 0.018141
965 966 0.11985399999999999
966 967 3.54859
967 968 12.129315
967 969 12.564671999999998
966 970 1
970 971 0.09542199999999999
971 972 0.142939
972 973 1
973 974 0.517816
974 975 1
975 976 0.22517399999999999
976 977 0.120185
977 978 0.09183000000000001
978 979 0.045786999999999994
979 980 0.1847
980 981 1.01615
981 982 16.076022000000002
981 983 1.4865110000000001
983 984 14.035761999999998
983 985 14.43683
980 986 1
986 987 0.323734
987 988 0.097621
988 989 15.170885
988 990 1.194203
990 991 17.961495
990 992 16.152395
987 993 1
993 994 0.005716000000000001
994 995 0.43709200000000004
995 996 0.07988300000000001
996 997 2.737173
997 998 14.56316
997 999 20.561906
996 1000 0.52254
1000 1001 18.377948
1000 1002 16.959998000000002
995 1003 0.25296799999999997
1003 1004 1
1004 1005 0.39765800000000007
1005 1006 17.02321
1005 1007 0.716754
1007 1008 18.158421
1007 1009 0.473387
1009 1010 0.139172
1010 1011 0.660412
1011 1012 18.330647
1011 1013 20.998783
1010 1014 0.24432500000000001
1014 1015 20.042053000000003
1014 1016 18.5423
1009 1017 0.36674300000000004
1017 1018 1
1018 1019 0.29320999999999997
1019 1020 0.42618500000000004
1020 1021 1.130451
1021 1022 18.759765
1021 1023 20.037467
1020 1024 1
1024 1025 0.541747
1025 1026 0.55949
1026 1027 0.270855
1027 1028 23.748828
1027 1029 20.210725
1026 1030 0.9532010000000001
1030 1031 22.190896
1030 1032 19.533426000000002
1025 1033 20.049877
1024 1034 19.758535
1019 1035 20.182947000000002
1018 1036 17.900055000000002
1017 1037 0.519655
1037 1038 0.698149
1038 1039 19.626987
1038 1040 25.184083
1037 1041 0.28641700000000003
1041 1042 20.324417
1041 1043 18.951794
1004 1044 15.72685
1003 1045 0.094221
1045 1046 0.545585
1046 1047 0.898478
1047 1048 16.392544
1047 1049 4.629646
1049 1050 5.427312
1050 1051 7.6032589999999995
1050 1052 7.511163999999999
1049 1053 13.838255
1046 1054 0.473616
1054 1055 2.108485
1055 1056 15.834703
1055 1057 15.990736
1054 1058 1.2383
1058 1059 1.002755
1059 1060 17.031055000000002
1059 1061 16.390978
1058 1062 15.734871
1045 1063 1
1063 1064 0.8966750000000001
1064 1065 3.397153
1065 1066 14.766521
1065 1067 14.131829000000002
1064 1068 17.358569
1063 1069 0.30494099999999996
1069 1070 0.146852
1070 1071 17.600742999999998
1070 1072 1.1633630000000001
1072 1073 4.555929
1073 1074 7.728414
1074 1075 4.302511
1074 1076 4.319096
1073 1077 12.388669
1072 1078 17.597399
1069 1079 1
1079 1080 0.014359
1080 1081 2.935998
1081 1082 3.86017
1082 1083 11.222445
1082 1084 10.757332
1081 1085 14.766758999999999
1080 1086 0.38269200000000003
1086 1087 1
1087 1088 2.065249
1088 1089 15.624308000000001
1088 1090 1.539077
1090 1091 15.425529
1090 1092 15.335514
1087 1093 0.217649
1093 1094 0.17993099999999998
1094 1095 1
1095 1096 0.300794
1096 1097 0.156972
1097 1098 14.379351000000002
1098 1099 5.52702
1098 1100 5.276599
1097 1101 7.66695
1101 1102 13.064846999999999
1101 1103 13.119293
1096 1104 20.099814
1095 1105 0.8490350000000001
1105 1106 17.634097
1105 1107 17.544189
1094 1108 0.026528
1108 1109 1
1109 1110 18.822836000000002
1109 1111 4.155079
1111 1112 0.6127859999999999
1112 1113 5.382219
1113 1114 9.069069
1113 1115 9.291761
1112 1116 11.594896
1111 1117 3.4207090000000004
1117 1118 16.046436
1117 1119 20.515565
1108 1120 1
1120 1121 0.33793999999999996
1121 1122 0.946926
1122 1123 1
1123 1124 1.323884
1124 1125 1
1125 1126 1.2736239999999999
1126 1127 1
1127 1128 19.808775
1127 1129 0.650432
1129 1130 1.832322
1130 1131 10.584520999999999
1131 1132 8.514954
1131 1133 8.462161
1130 1134 19.537885
1129 1135 0.460426
1135 1136 9.340899
1136 1137 11.096674
1136 1138 10.244464
1135 1139 0.278816
1139 1140 6.038391
1140 1141 15.970498999999998
1140 1142 15.695281
1139 1143 1.439178
1143 1144 1
1144 1145 1.2167839999999999
1145 1146 2.330589
1146 1147 14.440474
1147 1148 10.466541999999999
1147 1149 10.395617999999999
1146 1150 25.713862999999996
1145 1151 1.885545
1151 1152 23.529149999999998
1151 1153 23.94291
1144 1154 3.460485
1154 1155 20.09002
1154 1156 20.729565
1143 1157 1.672904
1157 1158 10.587855
1158 1159 12.516037999999998
1158 1160 12.390827
1157 1161 0.320077
1161 1162 1.043771
1162 1163 5.938581
1163 1164 8.435672
1164 1165 12.604746
1164 1166 7.618777000000001
1163 1167 15.486628
1162 1168 2.222701
1168 1169 0.510679
1169 1170 2.426692
1170 1171 22.092909
1170 1172 17.396181
1169 1173 22.054415
1168 1174 18.637847
1161 1175 1.3933900000000001
1175 1176 5.410057
1176 1177 15.847235000000001
1176 1178 16.403962999999997
1175 1179 20.215276
1126 1180 1
1180 1181 1.013281
1181 1182 0.107993
1182 1183 1.044232
1183 1184 20.223337
1183 1185 23.416898
1182 1186 21.201644
1181 1187 1
1187 1188 0.765309
1188 1189 20.978197
1188 1190 0.936581
1190 1191 1
1191 1192 1.8684619999999998
1192 1193 0.43367199999999995
1193 1194 24.723129
1193 1195 23.972986
1192 1196 25.697249
1191 1197 22.610007
1190 1198 0.440544
1198 1199 1
1199 1200 0.799587
1200 1201 0.19533100000000003
1201 1202 27.505223
1201 1203 28.801323
1200 1204 25.775931000000003
1199 1205 23.705109999999998
1198 1206 0.43305899999999997
1206 1207 0.612605
1207 1208 0.701629
1208 1209 27.096343
1208 1210 23.356026
1207 1211 0.5367109999999999
1211 1212 0.34205199999999997
1212 1213 26.338047999999997
1212 1214 4.316554999999999
1214 1215 21.243258
1214 1216 19.842426
1211 1217 23.764599
1206 1218 25.690102
1187 1219 19.696122
1180 1220 0.381896
1220 1221 18.009836
1220 1222 20.04232
1125 1223 1
1223 1224 18.564677
1223 1225 1.9010280000000002
1225 1226 1.375263
1226 1227 20.286557
1226 1228 2.961345
1228 1229 1.650654
1229 1230 12.985604
1229 1231 12.666338999999999
1228 1232 14.022576
1225 1233 18.320969
1124 1234 1
1234 1235 0.676435
1235 1236 1
1236 1237 0.604139
1237 1238 0.161367
1238 1239 19.61814
1238 1240 0.37402
1240 1241 0.36892800000000003
1241 1242 2.336894
1242 1243 21.951993
1242 1244 22.060779
1241 1245 24.805203000000002
1240 1246 0.591556
1246 1247 0.298521
1247 1248 21.417405000000002
1247 1249 0.455931
1249 1250 22.960103
1249 1251 22.436384
1246 1252 26.709339
1237 1253 18.823127
1236 1254 22.10774
1235 1255 3.822713
1255 1256 1.7226910000000002
1256 1257 12.102411
1256 1258 12.804454000000002
1255 1259 15.121375
1234 1260 18.562507
1123 1261 1.246146
1261 1262 16.839399999999998
1261 1263 16.476193
1122 1264 0.229621
1264 1265 0.060134999999999994
1265 1266 3.4887710000000003
1266 1267 7.372745
1267 1268 11.322032
1267 1269 11.189942
1266 1270 4.46866
1270 1271 15.21041
1270 1272 14.273358
1265 1273 0.388227
1273 1274 4.2152
1274 1275 15.882643
1274 1276 16.262114
1273 1277 20.957764
1264 1278 1
1278 1279 0.16080999999999998
1279 1280 0.20871800000000001
1280 1281 0.152943
1281 1282 18.714179
1281 1283 4.250164
1283 1284 18.192905
1283 1285 18.315876
1280 1286 0.377093
1286 1287 0.7037530000000001
1287 1288 23.531024000000002
1287 1289 0.49771499999999996
1289 1290 22.998098
1289 1291 21.440433
1286 1292 20.551311
1279 1293 20.858674
1278 1294 21.803046000000002
1121 1295 0.086576
1295 1296 0.293408
1296 1297 2.679894
1297 1298 15.121602000000001
1297 1299 8.321719
1299 1300 10.080086000000001
1299 1301 9.61124
1296 1302 16.729985
1295 1303 17.597928
1120 1304 1.6643890000000001
1304 1305 15.821399999999999
1304 1306 5.892278
1306 1307 11.354614
1306 1308 11.2638
1093 1309 1.9016950000000001
1309 1310 17.743606
1310 1311 0.6141340000000001
1310 1312 0.6099209999999999
1309 1313 6.178693
1313 1314 10.66657
1313 1315 13.016240000000002
1086 1316 0.042457999999999996
1316 1317 0.149283
1317 1318 5.987641
1318 1319 12.566852
1318 1320 1.017501
1320 1321 9.759287
1321 1322 2.2073679999999998
1321 1323 2.2098750000000003
1320 1324 3.652102
1324 1325 8.643444
1324 1326 8.70621
1317 1327 18.103828
1316 1328 0.16178
1328 1329 2.131236
1329 1330 8.474012
1330 1331 8.691464999999999
1330 1332 8.711409
1329 1333 17.523859
1328 1334 18.558374
1079 1335 1.066834
1335 1336 17.579975
1335 1337 2.749988
1337 1338 16.862917
1337 1339 16.346237
994 1340 7.414225000000001
1340 1341 8.791105
1340 1342 8.931087
993 1343 8.006926
1343 1344 9.276456
1343 1345 9.403693
986 1346 16.966086999999998
979 1347 3.8365249999999995
1347 1348 13.880171999999998
1347 1349 8.844681999999999
1349 1350 4.8857159999999995
1349 1351 5.013166
978 1352 3.262645
1352 1353 8.255421
1353 1354 5.342084
1353 1355 5.248656
1352 1356 14.017064000000001
977 1357 13.03118
1357 1358 3.0953600000000003
1357 1359 3.237795
976 1360 0.10264600000000002
1360 1361 0.216499
1361 1362 16.098188999999998
1361 1363 14.609634
1360 1364 0.422138
1364 1365 16.815403
1364 1366 16.766289
975 1367 1.218712
1367 1368 16.107174
1367 1369 14.600648999999999
974 1370 1.821862
1370 1371 0.768967
1371 1372 15.341154000000001
1371 1373 0.624785
1373 1374 12.549634000000001
1373 1375 12.516891
1370 1376 1.044023
1376 1377 2.924519
1377 1378 11.278998
1377 1379 10.168581
1376 1380 2.9548479999999997
1380 1381 0.8444119999999999
1381 1382 9.138501
1381 1383 9.16911
1380 1384 2.291891
1384 1385 7.572825
1384 1386 3.337234
1386 1387 4.551679
1386 1388 5.134323999999999
973 1389 8.447375
1389 1390 7.224667999999999
1389 1391 6.825359000000001
972 1392 3.314268
1392 1393 8.980134
1393 1394 3.3517810000000003
1393 1395 3.460353
1392 1396 12.946423000000001
971 1397 16.287598
970 1398 16.400308
965 1399 0.855827
1399 1400 15.989747000000001
1399 1401 5.271561999999999
1401 1402 9.056218000000001
1401 1403 8.932074
958 1404 5.108674
1404 1405 5.227764
1405 1406 5.367094
1405 1407 5.170426
1404 1408 10.711565
957 1409 0.024017
1409 1410 0.023664
1410 1411 0.09824300000000001
1411 1412 0.217783
1412 1413 0.024632
1413 1414 0.354408
1414 1415 0.20578
1415 1416 16.029291
1415 1417 14.997851
1414 1418 16.265748
1413 1419 0.22474
1419 1420 0.32048699999999997
1420 1421 20.503167
1420 1422 15.313757
1419 1423 0.8367589999999999
1423 1424 19.437677
1423 1425 1.291434
1425 1426 17.269584
1425 1427 17.482944
1412 1428 0.170089
1428 1429 0.301516
1429 1430 0.477537
1430 1431 15.151803999999998
1430 1432 19.707163
1429 1433 16.739068
1428 1434 19.487859
1411 1435 0.391549
1435 1436 0.293084
1436 1437 16.004452999999998
1436 1438 0.094536
1438 1439 17.171437
1438 1440 16.144156000000002
1435 1441 0.030202
1441 1442 15.859073000000002
1441 1443 16.924322
1410 1444 15.190258
1409 1445 0.08021
1445 1446 0.605816
1446 1447 0.323069
1447 1448 16.700325
1447 1449 16.934588
1446 1450 16.015409
1445 1451 0.007324
1451 1452 0.418672
1452 1453 19.05666
1452 1454 13.992834000000002
1451 1455 14.988459
956 1456 0.086438
1456 1457 0.029697
1457 1458 0.837148
1458 1459 0.142203
1459 1460 16.849644
1459 1461 0.287131
1461 1462 16.352129
1461 1463 18.506838000000002
1458 1464 18.069698000000002
1457 1465 16.207279999999997
1456 1466 1.691028
1466 1467 0.764521
1467 1468 13.745719000000001
1467 1469 12.81096
1466 1470 12.646868
955 1471 9.486082999999999
1471 1472 5.502130999999999
1472 1473 0.186563
1472 1474 0.185976
1471 1475 5.540977
1475 1476 0.319025
1475 1477 0.319612
954 1478 1.131155
1478 1479 0.380151
1479 1480 0.765581
1480 1481 12.469142
1480 1482 0.467217
1482 1483 0.658374
1483 1484 11.244255
1483 1485 11.480598
1482 1486 2.655666
1486 1487 0.67523
1487 1488 9.130555
1487 1489 9.177056
1486 1490 10.261439
1479 1491 13.862596
1478 1492 13.969358000000001
953 1493 0.363636
1493 1494 14.075997000000001
1493 1495 17.164025
952 1496 2.764913
1496 1497 12.018342
1496 1498 12.249886
941 1499 4.869034
1499 1500 3.1511240000000003
1500 1501 7.630855
1500 1502 5.940193
1499 1503 9.169259
934 1504 0.22945600000000002
1504 1505 15.748612000000001
1504 1506 0.923968
1506 1507 2.571078
1507 1508 3.6393240000000002
1508 1509 5.930301
1508 1510 6.363472000000001
1507 1511 10.863071
1506 1512 5.234614
1512 1513 5.664906
1513 1514 5.860284
1513 1515 6.486709
1512 1516 12.323386
933 1517 3.7066799999999995
1517 1518 0.39468400000000003
1518 1519 10.113814999999999
1518 1520 11.067665
1517 1521 0.080095
1521 1522 0.7776919999999999
1522 1523 0.685732
1523 1524 9.593348
1523 1525 8.075624000000001
1522 1526 12.432948000000001
1521 1527 9.238541999999999
932 1528 0.145723
1528 1529 0.68116
1529 1530 12.83701
1529 1531 13.772889
1528 1532 0.41465
1532 1533 0.624225
1533 1534 14.366572
1533 1535 16.075152
1532 1536 15.448154
931 1537 0.615731
1537 1538 3.8891809999999998
1538 1539 10.211749000000001
1538 1540 11.022951
1537 1541 0.038405999999999996
1541 1542 6.108119
1542 1543 1.5640859999999999
1543 1544 8.464027999999999
1543 1545 8.725966999999999
1542 1546 10.410369
1541 1547 13.310204
894 1548 15.076160999999999
893 1549 1.135136
1549 1550 5.632918
1550 1551 7.078126
1550 1552 7.184779
1549 1553 13.127061000000001
892 1554 16.993301
891 1555 0.204668
1555 1556 0.146421
1556 1557 0.01747
1557 1558 1
1558 1559 0.451305
1559 1560 0.387353
1560 1561 13.480473000000002
1560 1562 14.938899
1559 1563 0.11823499999999999
1563 1564 14.457281
1563 1565 13.376674
1558 1566 13.093133000000002
1557 1567 0.40824099999999997
1567 1568 14.041307999999999
1567 1569 14.378063999999998
1556 1570 0.16889400000000002
1570 1571 12.915213
1570 1572 13.109267999999998
1555 1573 0.055745
1573 1574 0.352067
1574 1575 12.678684
1574 1576 13.026478999999998
1573 1577 12.527124
890 1578 0.670366
1578 1579 3.8130490000000004
1579 1580 9.210198
1579 1581 9.523171
1578 1582 12.33916
889 1583 0.748447
1583 1584 0.23944700000000002
1584 1585 0.34373
1585 1586 0.41437599999999997
1586 1587 1.489473
1587 1588 10.003296
1587 1589 10.965305
1586 1590 2.448792
1590 1591 9.484189
1590 1592 9.408838999999999
1585 1593 1.647891
1593 1594 9.925492
1593 1595 9.765833
1595 1596 0.132943
1595 1597 0.133156
1584 1598 0.826172
1598 1599 4.498066
1599 1600 10.485007
1599 1601 3.43197
1601 1602 7.500605
1601 1603 7.294499
1598 1604 3.5472289999999997
1604 1605 9.567139
1604 1606 9.485549
1583 1607 0.695388
1607 1608 15.020595
1607 1609 15.846888
888 1610 2.6850780000000003
1610 1611 1.051131
1611 1612 10.432120000000001
1611 1613 10.110721999999999
1610 1614 1.729603
1614 1615 8.273226000000001
1614 1616 9.342528
887 1617 0.491722
1617 1618 13.487113
1617 1619 12.005171
886 1620 0.86693
1620 1621 0.292738
1621 1622 0.595127
1622 1623 0.005069
1623 1624 13.028575
1623 1625 4.427519
1625 1626 8.062373000000001
1625 1627 7.10527
1622 1628 1.274398
1628 1629 0.40269599999999994
1629 1630 9.629904
1629 1631 9.901762
1628 1632 0.843089
1632 1633 9.875817000000001
1632 1634 2.857055
1634 1635 6.852156
1634 1636 5.0424690000000005
1636 1637 1.405552
1636 1638 1.5215370000000001
1621 1639 2.692549
1639 1640 9.907760999999999
1639 1641 9.836784
1620 1642 1.4256980000000001
1642 1643 2.731932
1643 1644 8.812143
1643 1645 8.643951
1642 1646 5.599871
1646 1647 6.474920000000001
1646 1648 5.446315
1648 1649 0.882259
1648 1650 0.8739939999999999
885 1651 0.351501
1651 1652 1
1652 1653 0.8243149999999999
1653 1654 1.104204
1654 1655 0.81367
1655 1656 11.017245
1655 1657 11.068971
1654 1658 10.389097
1653 1659 0.541034
1659 1660 3.7414799999999997
1660 1661 8.519167
1660 1662 8.457948
1659 1663 10.814135
1652 1664 1.8736329999999999
1664 1665 10.176367
1664 1666 10.526135
1651 1667 0.463931
1667 1668 0.9196599999999999
1668 1669 1.110527
1669 1670 0.027055
1670 1671 7.78974
1671 1672 3.120051
1671 1673 3.1598849999999996
1670 1674 1.186042
1674 1675 10.381049
1674 1676 0.957015
1676 1677 2.680861
1677 1678 7.2204809999999995
1677 1679 8.000380999999999
1676 1680 9.586303000000001
1669 1681 2.724611
1681 1682 6.22713
1682 1683 2.560816
1682 1684 2.707944
1681 1685 9.63237
1668 1686 0.25830800000000004
1686 1687 0.13533799999999999
1687 1688 11.852796999999999
1687 1689 1.273469
1689 1690 0.267608
1690 1691 0.46424099999999996
1691 1692 10.27918
1691 1693 9.146046
1690 1694 1.1257
1694 1695 1.940065
1695 1696 7.560678
1695 1697 7.447305
1694 1698 2.477179
1698 1699 9.691016
1698 1700 9.148793
1689 1701 0.102071
1701 1702 9.800983
1701 1703 1.373889
1703 1704 10.374004000000001
1703 1705 0.40300500000000006
1705 1706 11.995865
1705 1707 8.706636
1686 1708 0.074658
1708 1709 0.171208
1709 1710 1.8117439999999998
1710 1711 5.02045
1711 1712 4.425535
1711 1713 4.036412
1710 1714 9.827874
1709 1715 0.262245
1715 1716 0.715765
1716 1717 0.551218
1717 1718 0.607715
1718 1719 8.85345
1718 1720 0.460015
1720 1721 8.846991
1720 1722 10.844334
1717 1723 0.974223
1723 1724 2.049803
1724 1725 7.920178
1724 1726 7.247465
1723 1727 10.35041
1716 1728 0.510221
1728 1729 1.205398
1729 1730 1.299794
1730 1731 1.996641
1731 1732 6.081776
1731 1733 1.847973
1733 1734 4.65244
1733 1735 5.299663000000001
1730 1736 8.882843999999999
1729 1737 2.8356139999999996
1737 1738 6.638477
1737 1739 6.347154000000001
1728 1740 1.6713140000000002
1740 1741 1.3324960000000001
1741 1742 6.59299
1742 1743 1.223949
1742 1744 1.170942
1741 1745 2.480986
1745 1746 6.103239
1745 1747 6.030875
1740 1748 3.071442
1748 1749 5.742539
1748 1750 5.859377
1715 1751 6.443357
1751 1752 5.652068
1751 1753 3.368688
1753 1754 2.725702
1753 1755 2.755938
1708 1756 1.08801
1756 1757 0.640013
1757 1758 9.97266
1757 1759 10.995941
1756 1760 0.291333
1760 1761 9.827905000000001
1760 1762 10.129519
1667 1763 6.650080999999999
1763 1764 11.055586
1763 1765 10.92419
844 1766 0.08884
1766 1767 1.76299
1767 1768 1.420596
1768 1769 1.075125
1769 1770 8.848031
1769 1771 8.661282
1768 1772 9.781713
1767 1773 1.556136
1773 1774 5.0486
1774 1775 4.4631039999999995
1774 1776 4.797141
1773 1777 3.785886
1777 1778 5.258281
1777 1779 5.758217
1766 1780 5.077732
1780 1781 8.222379
1780 1782 8.00966
787 1783 0.219902
1783 1784 12.33908
1783 1785 6.20802
1785 1786 5.509716
1785 1787 5.5067829999999995
778 1788 1.7297639999999999
1788 1789 1.861432
1789 1790 6.0279300000000005
1790 1791 2.8029539999999997
1790 1792 0.523284
1792 1793 2.434139
1792 1794 2.6217420000000002
1789 1795 6.694574
1795 1796 2.616862
1795 1797 2.545458
1788 1798 11.734002
777 1799 0.082681
1799 1800 0.314116
1800 1801 13.507353
1800 1802 0.14352499999999999
1802 1803 12.877564999999999
1802 1804 12.082521
1799 1805 0.142016
1805 1806 0.1149
1806 1807 0.757728
1807 1808 12.537289
1807 1809 11.943818
1806 1810 0.293363
1810 1811 12.828424
1810 1812 11.918782
1805 1813 0.572167
1813 1814 0.112104
1814 1815 0.178316
1815 1816 12.005171
1815 1817 14.338629
1814 1818 11.663089
1813 1819 1
1819 1820 0.17507899999999998
1820 1821 10.781907
1820 1822 0.944215
1822 1823 10.723709
1823 1824 1.460185
1823 1825 1.413684
1822 1826 11.921315
1819 1827 11.76191
776 1828 0.860549
1828 1829 1
1829 1830 1.336475
1830 1831 1.537826
1831 1832 6.569831
1832 1833 2.248109
1832 1834 0.9184690000000001
1834 1835 1.364651
1834 1836 1.349559
1831 1837 8.566624000000001
1830 1838 10.355917
1829 1839 11.934019999999999
1828 1840 0.6958599999999999
1840 1841 0.556639
1841 1842 10.361115999999999
1841 1843 10.980023
1840 1844 4.9097
1844 1845 5.584089
1844 1846 4.976193
1846 1847 0.653704
1846 1848 0.038153
1848 1849 0.6150410000000001
1848 1850 0.609015
775 1851 7.062591
1851 1852 4.763225
1851 1853 4.922778
774 1854 0.18385700000000002
1854 1855 0.365426
1855 1856 11.716434000000001
1855 1857 11.647057
1854 1858 12.433936
773 1859 12.731663
720 1860 0.105639
1860 1861 0.167465
1861 1862 0.010975
1862 1863 0.7991170000000001
1863 1864 10.518827
1863 1865 6.619447000000001
1865 1866 2.310564
1866 1867 1.42235
1866 1868 1.3983
1865 1869 3.889542
1862 1870 6.708833
1870 1871 4.563624
1870 1872 4.590181
1861 1873 0.18338
1873 1874 0.11680900000000001
1874 1875 0.049563
1875 1876 10.323201
1875 1877 10.326081
1874 1878 10.860495
1873 1879 0.212598
1879 1880 10.759385
1879 1881 10.475315
1860 1882 0.098134
1882 1883 0.365018
1883 1884 11.208767
1883 1885 11.090329
1882 1886 1.338016
1886 1887 10.122214
1886 1888 9.99487
719 1889 3.4306780000000003
1889 1890 8.634272
1889 1891 9.354019
718 1892 0.0482
1892 1893 0.707996
1893 1894 11.885283000000001
1894 1895 0.026823
1894 1896 0.026396999999999997
1893 1897 11.398378000000001
1892 1898 1.0277720000000001
1898 1899 0.635543
1899 1900 2.301047
1900 1901 7.493689000000001
1900 1902 5.465332
1902 1903 2.306049
1902 1904 2.270854
1899 1905 10.698889000000001
1898 1906 1.404209
1906 1907 3.32677
1907 1908 4.473491999999999
1908 1909 1.377129
1908 1910 1.230641
1907 1911 5.39878
1906 1912 0.974154
1912 1913 8.129564
1912 1914 7.7299359999999995
717 1915 0.00229
1915 1916 0.24647100000000002
1916 1917 3.406678
1917 1918 8.634219
1917 1919 8.875095
1916 1920 1.019925
1920 1921 3.457819
1921 1922 7.377180999999999
1921 1923 7.311483000000001
1920 1924 11.337285
1915 1925 0.291034
1925 1926 4.119623
1926 1927 7.549746
1926 1928 7.511457000000001
1925 1929 12.325294000000001
716 1930 0.100228
1930 1931 1.6137329999999999
1931 1932 9.569458000000001
1931 1933 10.654065
1930 1934 0.594889
1934 1935 10.766770000000001
1934 1936 11.106567
713 1937 0.6214540000000001
1937 1938 10.779782
1937 1939 10.933895
712 1940 1
1940 1941 0.070854
1941 1942 10.882047
1941 1943 0.640039
1943 1944 11.061319
1943 1945 11.184555999999999
1940 1946 0.047334
1946 1947 0.453824
1947 1948 11.734592000000001
1947 1949 11.735339
1946 1950 0.14671700000000001
1950 1951 10.442922000000001
1950 1952 0.275878
1952 1953 0.09398
1953 1954 0.245901
1954 1955 10.467476000000001
1954 1956 9.809267
1953 1957 3.46618
1957 1958 8.310474
1957 1959 6.750729
1952 1960 0.035744
1960 1961 0.06890299999999999
1961 1962 9.99511
1961 1963 10.920271
1960 1964 0.6894800000000001
1964 1965 8.676879999999999
1964 1966 8.992092999999999
711 1967 0.10302099999999999
1967 1968 0.292108
1968 1969 10.344212
1968 1970 10.730828
1967 1971 1.078302
1971 1972 9.845103
1971 1973 10.325201
698 1974 0.05138500000000001
1974 1975 0.280049
1975 1976 5.8911
1976 1977 4.216522
1976 1978 4.245425
1975 1979 1.586281
1979 1980 8.177825
1979 1981 8.373533
1974 1982 2.106121
1982 1983 1.587761
1983 1984 6.635705
1983 1985 3.64757
1985 1986 1.082051
1986 1987 1.9436689999999999
1986 1988 1.9413759999999998
1985 1989 3.069093
1982 1990 3.0140190000000002
1990 1991 5.629353
1990 1992 6.132222
697 1993 11.004681
2 1994 9.919303
1 1995 0.27036899999999997
1995 1996 9.402466
1995 1997 9.597000999999999
1 1998 9.548682999999999
