27416 2
21111 6
20260 9
20287 10
23434 14
29843 15
26984 16
23470 21
31406 22
6144 23
3127 24
18 30
26106 31
22200 34
16154 35
3435 36
1312 37
25518 41
22311 43
26336 44
2908 45
759 47
24925 48
21375 54
22 55
20966 56
17629 57
31435 59
12231 61
26305 62
18082 64
23043 66
24667 68
21094 69
11775 85
29257 86
20815 87
8484 92
2900 93
12706 94
29523 97
5921 100
4758 101
1215 102
4566 111
27224 112
4137 115
8239 117
27679 118
15502 120
29321 121
3899 122
3131 124
5266 125
7898 128
6156 129
8135 132
2330 134
7072 136
3311 137
30701 144
14341 146
11279 147
29362 149
28746 150
6858 153
8000 154
30329 155
24644 158
26618 159
30554 161
29960 162
21740 165
21965 167
29266 168
27486 172
31495 173
19771 175
6 176
26270 177
11396 183
1897 184
17748 186
30303 187
22290 188
13280 189
14168 190
30279 196
13525 197
25554 198
14249 200
19048 202
3193 203
8174 204
24597 207
1721 208
15054 209
13368 223
8666 224
1529 226
15658 227
19981 233
24080 234
13055 235
17280 237
27587 238
11328 239
24848 241
24744 242
23198 243
743 244
25876 245
10401 246
17035 248
14592 249
28239 256
21009 257
29446 258
11612 262
335 264
570 266
14601 267
151 272
22532 273
3392 276
21998 278
20019 279
24000 281
26792 282
13925 285
9565 286
2431 288
8998 289
13249 291
25464 292
29801 297
30745 298
20609 299
17182 302
27617 303
15432 305
24475 306
26069 309
25069 310
30638 312
11821 313
14372 316
1216 317
5745 318
14615 321
15723 322
19166 324
1826 325
17530 330
29575 333
27393 336
14233 337
6621 338
8122 339
8439 341
3481 342
24804 344
4129 345
7385 349
8455 350
8094 351
5194 352
31193 354
12282 356
31156 358
2385 359
7163 364
15652 365
14334 367
12985 368
24715 372
20603 373
4228 374
27811 375
20796 378
9762 379
23329 392
23956 395
24378 397
23541 399
24057 400
1657 401
4984 404
17378 405
27196 408
8039 409
1907 411
8127 412
6481 417
11781 418
6078 420
28440 422
5389 423
23651 425
14673 426
25004 430
1169 432
19773 435
29723 439
6155 440
20543 442
12665 443
9925 444
25921 445
14986 447
29043 449
23712 450
24617 455
15517 457
23792 458
24827 459
8725 461
22740 462
3325 464
25399 466
20895 467
29915 469
14996 471
30763 473
29394 474
31437 482
18051 483
14487 484
16095 485
959 486
21091 489
1342 490
20832 492
15051 494
319 495
11603 498
29003 500
1888 501
14476 504
9005 505
30099 509
4355 510
5775 511
5567 513
17928 515
3203 517
3818 518
15365 520
28195 523
19688 524
29438 525
22784 529
252 530
29773 533
19114 534
13584 535
7356 541
882 543
8928 546
2980 548
23317 550
22122 551
28603 552
15819 553
29943 554
19320 556
12989 557
883 561
637 562
25002 567
66 568
19654 569
19459 573
24689 574
1584 575
3855 577
23092 578
10332 582
8909 583
21175 585
11695 588
31417 589
31356 590
6225 596
31341 597
10186 600
18960 602
25302 603
23982 605
6940 606
13157 608
10155 610
23648 611
27869 616
366 618
12489 619
30682 620
3706 623
29475 624
1726 626
7583 627
27283 632
3415 633
7453 634
25578 636
18042 637
30620 639
29730 640
6346 642
19193 643
24124 646
15769 647
19690 649
10669 650
30933 654
16349 655
15383 656
16007 660
9391 661
1361 662
14766 663
8574 667
2858 668
28036 670
13575 671
30314 683
19950 685
20377 686
23828 690
15577 691
29313 694
27680 696
21744 697
4285 698
24235 699
21020 702
23139 703
23996 704
12656 707
28623 709
30238 710
3064 711
15184 714
23443 715
28948 717
9002 718
27206 721
29183 722
8056 731
12625 732
5138 734
27026 735
845 738
20884 739
4127 740
6192 742
23529 743
26602 760
27653 761
1656 772
15749 773
6107 775
27317 776
26582 777
10877 778
1237 781
22041 783
728 784
11658 787
15678 789
14749 790
18061 791
26521 793
27863 794
15812 799
865 802
4507 805
3911 806
2620 807
7036 808
27130 810
7727 812
6060 813
31039 821
22091 822
25207 826
30971 828
29056 830
10556 831
5386 832
11135 836
14485 837
27600 838
13410 841
27574 842
1482 843
29684 844
16598 846
30054 847
20530 848
26064 850
7810 852
28920 853
19300 856
14394 860
28478 861
13420 863
24428 866
7908 867
22727 868
1872 870
11147 871
27250 874
27982 875
30242 877
14870 878
4861 882
29202 883
22066 884
26126 887
10440 888
9914 890
7597 892
12041 893
6263 895
24245 896
23505 898
5754 901
22417 902
16726 903
30685 906
28177 907
20469 911
19158 912
30677 914
23914 915
16922 917
3595 918
15481 922
24907 924
18100 925
10162 927
22449 929
13208 930
27743 933
30153 934
1948 936
7068 938
276 939
21652 941
28022 942
10214 945
13969 946
2201 947
26567 949
19665 950
28074 952
3137 953
29203 956
74 957
23378 960
15486 961
281 963
17664 965
11271 966
168 970
20471 973
1523 974
17080 975
10664 978
4230 979
13679 980
17418 984
28805 985
22864 986
8966 989
30684 996
27278 1000
11583 1002
10012 1005
31086 1006
4934 1007
18754 1008
9660 1010
4055 1011
26843 1013
19184 1016
1870 1017
6817 1020
6609 1022
8339 1023
6224 1025
20315 1026
22522 1028
7574 1032
14980 1033
10802 1034
2188 1036
16344 1037
28706 1039
8755 1041
12722 1043
14079 1049
24483 1050
9149 1051
15742 1052
13690 1053
19069 1054
13008 1056
21250 1057
12836 1059
11136 1061
24922 1062
19051 1068
4410 1069
9875 1071
15275 1072
6665 1076
13340 1077
416 1078
1921 1080
1063 1081
25581 1084
23336 1085
11616 1087
25847 1088
16616 1091
230 1092
3760 1094
12867 1096
21671 1097
21350 1099
14278 1101
30058 1102
31345 1104
3624 1105
29812 1109
30022 1111
3695 1112
29191 1113
25674 1114
6161 1119
12430 1121
23968 1122
4604 1125
1797 1126
20692 1129
16532 1130
14105 1132
28844 1133
21886 1137
25003 1138
7765 1139
25453 1145
5047 1146
19212 1147
11876 1148
26922 1151
4340 1152
15927 1155
25573 1156
2861 1157
8031 1159
1984 1163
11812 1164
20480 1165
23309 1166
1730 1167
836 1170
9332 1171
23078 1173
25246 1174
27927 1176
8555 1181
2124 1182
11651 1184
10817 1185
21479 1187
15351 1188
4226 1189
30313 1191
25472 1193
13469 1194
13587 1197
28693 1198
19647 1199
8589 1208
812 1209
31030 1210
15791 1211
1829 1214
10444 1215
8429 1216
22647 1219
4741 1220
12251 1221
21944 1227
4541 1228
24596 1230
9258 1231
6737 1236
4037 1238
29116 1239
6022 1243
10261 1244
13214 1245
5895 1253
12974 1254
16122 1255
21180 1256
23915 1257
6721 1260
1448 1261
19378 1262
25367 1265
7020 1266
29209 1268
9013 1269
18376 1270
26267 1271
2306 1272
29938 1274
11682 1276
9862 1277
1550 1279
6698 1282
14902 1284
12710 1285
3075 1287
15034 1288
11404 1291
8839 1292
1190 1295
2464 1297
11837 1298
15296 1300
8679 1301
26960 1304
21771 1305
2634 1307
29436 1308
21506 1309
2924 1312
16774 1314
29197 1315
2400 1319
29652 1320
9708 1321
13226 1325
24160 1326
17689 1327
22326 1328
22409 1330
6482 1334
3102 1335
9259 1336
26066 1339
27723 1340
16530 1341
17731 1344
27826 1347
11752 1348
31155 1349
3103 1352
14557 1356
20813 1357
26915 1358
13916 1359
30071 1360
9432 1362
18168 1363
26379 1365
27382 1366
8321 1369
15798 1373
26598 1375
1132 1376
12243 1378
8410 1379
1423 1381
4572 1383
21691 1384
28808 1388
29704 1389
29042 1390
27347 1391
20063 1395
3740 1396
29993 1397
17046 1399
20708 1401
3841 1402
25303 1407
3852 1409
26199 1410
16767 1412
12483 1413
19843 1417
28685 1419
23112 1420
23974 1421
4447 1424
15373 1426
24537 1428
28964 1429
24134 1436
3122 1437
10618 1438
29392 1441
10282 1442
25949 1443
18485 1450
25055 1452
1314 1453
17062 1455
27433 1456
18437 1457
24462 1459
28788 1460
6343 1462
24463 1463
19594 1464
6784 1466
18342 1468
617 1469
23624 1472
23500 1473
48 1476
11374 1477
29937 1479
4807 1480
28486 1483
16437 1484
22163 1486
21629 1487
23447 1491
19971 1492
22949 1493
9541 1495
231 1496
14429 1498
31173 1500
27919 1502
20889 1503
7133 1506
1244 1508
14821 1509
22018 1510
11767 1513
14149 1516
29153 1517
13373 1518
6840 1520
17216 1522
17605 1523
15402 1529
20048 1530
11117 1532
9512 1533
25548 1535
7781 1536
9659 1540
1773 1541
30269 1543
20945 1544
22012 1546
27441 1548
17960 1550
31416 1551
25259 1553
22531 1554
13458 1556
6317 1557
15906 1561
26247 1563
13360 1565
13999 1566
11428 1568
19564 1570
11026 1572
29347 1573
6619 1576
23327 1577
18220 1578
14096 1587
10713 1589
20753 1590
5285 1592
25305 1594
7976 1595
26698 1601
12289 1602
13832 1603
16875 1604
20265 1607
10105 1610
25600 1611
9214 1613
10425 1616
17737 1617
14199 1618
9168 1621
13293 1622
11574 1623
26997 1624
26465 1629
22600 1630
12856 1634
5831 1635
29318 1636
20743 1637
4663 1643
10844 1644
8770 1646
18236 1647
27439 1651
17670 1653
11035 1654
8282 1657
26203 1658
14942 1659
27085 1660
12724 1661
7418 1663
12986 1664
11803 1666
26325 1668
2680 1669
25120 1674
2697 1676
15255 1677
11006 1678
25238 1680
20319 1681
8369 1684
21668 1685
7212 1688
6018 1690
13526 1691
22479 1693
18759 1694
29264 1697
12037 1698
20942 1700
8645 1701
809 1704
4413 1705
18828 1710
25123 1712
26957 1713
2308 1715
13381 1717
18712 1718
12720 1720
31042 1721
1741 1723
2051 1724
25619 1727
12928 1728
17860 1729
12831 1731
7743 1734
29686 1735
28952 1739
18573 1740
23123 1741
9478 1743
18655 1744
17915 1749
16873 1750
6331 1751
3622 1752
5056 1754
11514 1755
1691 1761
13560 1762
12847 1766
21699 1768
2953 1770
24304 1771
10391 1772
27118 1773
2931 1774
17795 1775
9119 1777
23523 1780
3093 1781
30817 1782
2052 1785
28972 1786
2612 1788
28526 1789
13531 1791
1500 1792
31054 1796
20843 1797
6031 1798
2237 1801
28343 1802
14772 1803
29508 1806
6924 1808
31134 1809
19276 1813
14518 1815
11353 1817
16223 1818
15203 1820
12646 1821
11015 1824
7775 1825
25910 1827
15868 1829
5082 1832
25338 1834
12478 1835
11742 1836
12616 1849
7604 1850
18202 1853
20699 1854
10117 1855
15697 1865
27476 1866
7222 1868
27427 1870
28118 1871
26627 1872
31082 1874
20493 1877
25634 1878
12753 1880
6595 1881
26244 1883
21669 1884
4114 1886
13962 1887
6978 1888
19649 1890
718 1891
28726 1893
20877 1894
29908 1896
23023 1898
3234 1899
12461 1901
6732 1903
27868 1904
30577 1908
20232 1911
25331 1912
21642 1914
25038 1915
11340 1916
8987 1920
14311 1923
29771 1924
11947 1925
20457 1928
3182 1929
9712 1930
3860 1932
6027 1933
19730 1939
1252 1940
19856 1942
6184 1943
15951 1944
3021 1945
28052 1946
19175 1949
11687 1950
23067 1953
18702 1955
3030 1956
12812 1958
11758 1960
25944 1961
9759 1964
24985 1965
14874 1966
27925 1968
10589 1972
25865 1973
2576 1974
15286 1977
31493 1978
2336 1980
22623 1982
29242 1983
21318 1985
4449 1987
26252 1988
14182 1990
4532 1991
14000 1993
22375 1994
12541 1996
22618 1997
19267 1998
