1 2 80.989158
2 3 223.92742700000002
3 4 173.441982
4 5 42.870372
5 6 301.80648099999996
5 7 415.044795
4 8 228.33420900000002
8 9 301.313011
8 10 455.24419299999994
3 11 407.57957500000003
2 12 786.488948
1 13 130.669603
13 14 74.86679000000001
14 15 166.106628
15 16 597.439842
15 17 844.518416
14 18 441.597332
18 19 350.784454
19 20 238.66741199999998
19 21 119.034577
21 22 1
21 23 28.614611
23 24 1
23 25 395.810779
18 26 226.233942
26 27 36.227238
27 28 19.890627
27 29 21.258232
29 30 0.446845
29 31 100.390416
26 32 22.615103
32 33 16.412914
33 34 33.448162999999994
34 35 38.759297
34 36 63.960488999999995
33 37 44.97363
32 38 29.871982000000003
38 39 36.949624
39 40 6.077614
39 41 3.2325769999999996
38 42 83.53815900000001
13 43 27.022246
43 44 15.903
44 45 971.885592
44 46 522.611712
46 47 361.179164
47 48 82.18952
48 49 1
48 50 304.343999
47 51 1
46 52 261.942789
52 53 216.33162399999998
52 54 226.82104500000003
43 55 4.071642000000001
55 56 2.115349
56 57 125.18002200000001
57 58 869.5864809999999
57 59 876.0212799999999
56 60 21.32636
60 61 44.936274
61 62 322.39318099999997
62 63 317.910807
63 64 43.081727
64 65 98.41121000000001
65 66 82.05541600000001
66 67 22.019477000000002
67 68 41.532043
68 69 74.31201899999999
68 70 22.181846
67 71 54.743617
66 72 162.531091
65 73 153.859048
64 74 20.775852
74 75 59.438621999999995
75 76 58.905711000000004
75 77 80.751086
77 78 4.593824
77 79 24.83215
74 80 86.22362799999999
80 81 516.266758
80 82 363.291561
63 83 64.19771399999999
83 84 17.642109
83 85 82.870891
62 86 706.828347
61 87 73.847702
87 88 107.300947
88 89 65.29738499999999
89 90 79.136043
90 91 503.81038699999993
91 92 1
91 93 33.515131999999994
93 94 3.8522540000000003
93 95 174.879037
90 96 30.721127
96 97 605.676329
96 98 429.043094
98 99 46.487951
99 100 59.672618
99 101 238.71270199999998
101 102 64.11951
101 103 69.863466
98 104 91.092111
104 105 43.258369
105 106 285.154114
106 107 14.819755
107 108 342.723084
107 109 52.175050999999996
106 110 128.91103999999999
105 111 40.890406
111 112 35.896121
111 113 8.768331
104 114 32.419512
89 115 83.103031
115 116 151.651328
116 117 260.931467
117 118 107.73063499999999
117 119 133.126018
116 120 153.754052
120 121 60.050957000000004
121 122 237.396838
122 123 71.338458
123 124 79.566298
124 125 4.126775
124 126 6.881801
123 127 154.259985
122 128 1
121 129 173.094312
129 130 140.65687499999999
129 131 40.876988
120 132 41.981508
132 133 388.82374300000004
132 134 306.814081
115 135 119.04815799999999
135 136 124.65107099999999
135 137 140.634221
137 138 102.474655
137 139 209.678289
88 140 440.57713100000007
140 141 200.65210699999997
140 142 294.32750400000003
87 143 429.01668500000005
143 144 68.393398
144 145 310.919267
145 146 56.082131999999994
146 147 94.69830900000001
146 148 1
145 149 96.28842800000001
144 150 96.471142
150 151 41.803017
151 152 12.711721
151 153 85.957763
150 154 126.52289999999999
143 155 66.02865
155 156 167.754969
156 157 386.473437
156 158 40.580587
158 159 175.75385699999998
158 160 79.582012
155 161 203.10240199999998
161 162 114.46375
162 163 156.65025
162 164 1
161 165 126.435368
60 166 103.632317
166 167 549.182137
167 168 444.94843299999997
167 169 159.033289
166 170 898.898571
55 171 0.850533
171 172 0.331594
172 173 0.642351
173 174 1.176487
174 175 1.17815
175 176 2.79116
176 177 3.7052630000000004
177 178 12.971162
178 179 24.068128
179 180 200.246836
180 181 758.686947
181 182 7.196197
181 183 4.426008
180 184 786.870728
179 185 24.948106
185 186 160.233947
186 187 1
186 188 839.76546
185 189 975.0519969999999
178 190 987.0312240000001
177 191 728.6002530000001
191 192 237.56827600000003
192 193 4.019698
192 194 79.60869000000001
191 195 255.997292
176 196 997.209219
175 197 998.8202920000001
174 198 998.937997
173 199 999.127657
172 200 999.745622
171 201 0.14554699999999998
201 202 0.011831
202 203 0.082319
203 204 0.039651
204 205 0.121332
205 206 0.30733900000000003
206 207 0.7516120000000001
207 208 2.872818
208 209 997.5713049999999
208 210 5.826646
210 211 8.661975
211 212 157.130258
212 213 808.8899980000001
212 214 846.32963
214 215 15.506479
215 216 20.588434
216 217 3.6967399999999997
216 218 5.1603129999999995
218 219 17.278005
219 220 0.41789699999999996
220 221 13.905061
221 222 1.427156
221 223 1.588984
220 224 1.104323
224 225 0.319579
224 226 0.464371
219 227 0.9818290000000001
218 228 64.887178
228 229 20.906855999999998
228 230 9.475769
230 231 18.140314
230 232 23.226284
232 233 13.248882
232 234 4.128948
215 235 1
214 236 1
211 237 13.308101
237 238 197.653756
238 239 477.16292100000004
239 240 1
239 241 148.80763100000001
241 242 6.189334
241 243 113.518828
243 244 202.597563
243 245 109.46293899999999
238 246 802.6876460000001
237 247 98.264028
247 248 830.3598069999999
247 249 224.01626399999998
249 250 609.022793
249 251 575.144464
251 252 104.890035
251 253 411.67096699999996
210 254 176.299469
254 255 806.1107720000001
254 256 829.5517609999999
207 257 3.2578509999999996
257 258 83.58426399999999
258 259 166.772162
259 260 291.162547
260 261 396.742899
260 262 228.506676
262 263 146.544607
262 264 148.358902
264 265 1
264 266 66.16334
259 267 344.301764
267 268 270.292953
268 269 596.3631859999999
268 270 201.238055
267 271 235.67583100000002
258 272 205.08904800000002
272 273 672.2802849999999
272 274 748.656696
257 275 226.66265
275 276 146.049783
276 277 385.891027
277 278 438.96213800000004
278 279 31.892247
278 280 13.365279
277 281 72.55159
276 282 260.830722
282 283 1
282 284 799.231398
275 285 773.542413
206 286 3.1581829999999997
286 287 4.638558000000001
287 288 6.033577999999999
288 289 7.944059
289 290 41.675051
290 291 47.155826
291 292 92.840495
292 293 907.1533159999999
292 294 30.526971000000003
291 295 952.926434
290 296 958.159729
289 297 992.082573
288 298 889.4518760000001
298 299 99.419314
298 300 109.517129
287 301 995.8091169999999
286 302 332.541938
302 303 665.6198380000001
302 304 661.459462
205 305 0.791275
305 306 2.826541
306 307 997.610909
306 308 6.804918
308 309 72.062083
309 310 697.309486
310 311 184.28647600000002
310 312 285.234854
309 313 651.393734
313 314 348.245221
313 315 167.59345100000002
308 316 33.218412
316 317 141.205006
317 318 752.78746
317 319 837.238147
316 320 966.9966499999999
305 321 2.791121
321 322 34.151246
322 323 195.785427
323 324 724.421731
323 325 795.947832
322 326 141.948849
326 327 519.1536209999999
327 328 336.921936
327 329 67.441571
329 330 34.251371000000006
330 331 33.758835999999995
330 332 93.398558
329 333 17.136355000000002
333 334 43.703188
333 335 237.97632499999997
326 336 247.60001200000002
336 337 396.27232100000003
337 338 660.768051
337 339 1
336 340 425.11334600000004
340 341 87.420086
341 342 149.044715
341 343 25.864061
340 344 188.596687
321 345 11.49348
345 346 75.757478
346 347 898.653127
346 348 693.09946
348 349 149.065318
348 350 321.928058
345 351 56.678131
351 352 58.297942000000006
352 353 707.6622580000001
353 354 231.363781
353 355 1
352 356 941.715565
351 357 943.336561
204 358 0.402124
358 359 0.619868
359 360 2.873467
360 361 8.856577
361 362 10.201148
362 363 991.660115
362 364 50.496663
364 365 96.906104
365 366 200.08311499999996
366 367 799.8503430000001
366 368 51.293995
365 369 903.148336
364 370 949.433262
361 371 57.225075000000004
371 372 291.785721
372 373 586.2155150000001
372 374 723.694703
371 375 915.6996330000001
360 376 6.307271
376 377 13.323851000000001
377 378 43.368176000000005
378 379 91.122855
379 380 908.848918
379 381 124.581931
381 382 177.241164
381 383 875.434847
378 384 958.3352590000001
377 385 983.9818319999999
376 386 906.260426
386 387 75.375644
386 388 99.057388
359 389 1.964807
389 390 5.994492
390 391 7.052414
391 392 344.951747
392 393 283.949611
393 394 165.83434
393 395 146.97186399999998
395 396 250.32522300000002
396 397 79.75346599999999
396 398 331.457107
395 399 208.693058
399 400 310.874242
399 401 199.17246600000001
392 402 625.5092989999999
391 403 53.716215
403 404 393.293246
404 405 578.984341
404 406 389.338537
403 407 89.548415
407 408 155.912416
408 409 873.159878
408 410 448.34705799999995
407 411 886.857178
390 412 902.327405
412 413 85.67993200000001
413 414 16.827887
413 415 15.583343
412 416 79.670312
389 417 6.277505
417 418 22.27547
418 419 386.955302
419 420 563.536201
419 421 411.40799000000004
421 422 1
421 423 614.013118
418 424 69.413315
424 425 635.879325
425 426 210.855667
425 427 394.783349
424 428 67.076468
428 429 687.869273
428 430 466.564224
430 431 276.31426
430 432 655.963766
417 433 101.63275300000001
433 434 899.662835
433 435 878.719166
358 436 0.5606490000000001
436 437 1.0902669999999999
437 438 3.106807
438 439 27.960444000000003
439 440 277.95328
440 441 671.099164
440 442 721.568744
439 443 964.7842750000001
438 444 3.479214
444 445 9.506623
445 446 23.792724
446 447 43.599137
447 448 954.682359
447 449 432.66985800000003
449 450 260.815006
449 451 354.01203699999996
446 452 849.631795
452 453 152.16936
452 454 100.898732
445 455 990.745221
444 456 266.281771
456 457 739.787668
456 458 720.055533
437 459 69.640421
459 460 930.700311
459 461 196.530033
461 462 465.590024
462 463 386.74886599999996
462 464 1
461 465 479.515908
465 466 304.862204
466 467 158.581876
466 468 137.343226
465 469 193.838574
436 470 1.314427
470 471 4.536667
471 472 30.420381000000003
472 473 972.309278
472 474 92.438769
474 475 178.56205599999998
475 476 633.3438990000001
475 477 795.968515
474 478 481.354553
478 479 160.35698599999998
478 480 525.804509
471 481 8.096378
481 482 66.933588
482 483 286.626279
483 484 584.492105
483 485 614.985001
485 486 1
485 487 458.44066300000003
482 488 908.6065590000001
481 489 100.463134
489 490 667.252453
490 491 332.988089
490 492 15.213494999999998
489 493 899.120157
470 494 23.252996
494 495 95.19562499999999
495 496 898.737139
495 497 116.21138499999999
497 498 512.6211979999999
498 499 1
498 500 247.872155
500 501 51.536820000000006
501 502 49.879199
501 503 239.76582299999998
500 504 54.640049000000005
497 505 886.812011
494 506 978.3839009999999
203 507 0.073116
507 508 0.10199
508 509 1.640393
509 510 5.377524
510 511 16.642064
511 512 20.068463
512 513 55.076175000000006
513 514 284.727934
514 515 230.037018
514 516 715.270406
513 517 944.9251260000001
512 518 980.0108789999999
511 519 983.2053659999999
510 520 890.041555
520 521 112.47290299999999
520 522 52.871908999999995
522 523 21.746560000000002
522 524 66.757103
509 525 587.194691
525 526 344.252622
526 527 72.571888
526 528 65.392949
525 529 408.54277
508 530 0.450697
530 531 1.950425
531 532 3.704905
532 533 264.074566
533 534 295.409585
534 535 344.186674
534 536 527.068108
533 537 692.05142
537 538 65.917821
537 539 16.791961
532 540 8.757789
540 541 11.476131
541 542 21.077229
542 543 109.57073500000001
543 544 132.230188
544 545 1
544 546 867.770608
543 547 890.4278400000001
542 548 978.9299579999999
541 549 140.235534
549 550 876.443452
549 551 820.101662
540 552 991.242429
531 553 998.256012
530 554 0.423735
554 555 2.3672929999999996
555 556 2.9165929999999998
556 557 102.69714400000001
557 558 747.26045
558 559 48.919266
558 560 133.704713
560 561 88.779502
560 562 162.287132
557 563 887.656623
556 564 16.621665999999998
564 565 23.535791
565 566 79.011334
566 567 222.935674
567 568 777.076616
567 569 190.561731
566 570 920.961386
565 571 976.620027
564 572 983.162231
555 573 160.997555
573 574 840.2691900000001
573 575 832.51504
554 576 6.1383149999999995
576 577 48.118083
577 578 743.522214
578 579 52.662895
579 580 75.928161
579 581 117.33404599999999
578 582 180.325773
582 583 41.132213
582 584 83.684116
577 585 953.2840029999999
576 586 682.8226510000001
586 587 303.032892
586 588 314.777399
507 589 0.588741
589 590 1.06394
590 591 0.597412
591 592 3.505755
592 593 5.190093
593 594 10.823201000000001
594 595 19.486244
595 596 35.685409
596 597 964.3141350000001
596 598 76.889918
598 599 271.486524
599 600 1
599 601 727.863298
598 602 923.106486
595 603 980.5136940000001
594 604 989.180097
593 605 994.8025060000001
592 606 997.864167
591 607 4.745925
607 608 12.366932
608 609 23.976745
609 610 72.755332
610 611 152.423753
611 612 847.678461
611 613 390.436049
610 614 927.021333
609 615 977.108852
608 616 53.670039
616 617 595.171828
617 618 425.43217100000004
617 619 291.737365
616 620 912.9533779999999
607 621 457.482755
621 622 529.6272710000001
621 623 541.114191
590 624 34.670721
624 625 964.7950500000001
624 626 47.049459
626 627 176.92977100000002
627 628 824.1943060000001
627 629 575.4469720000001
626 630 950.861798
589 631 3.223007
631 632 650.5388800000001
632 633 180.385063
633 634 87.62386599999999
633 635 233.57567
632 636 350.068553
631 637 161.197051
637 638 211.73388100000003
638 639 467.990234
639 640 160.77332099999998
639 641 1
638 642 92.694075
642 643 53.945489
643 644 511.310895
643 645 210.98099000000002
645 646 565.4098379999999
645 647 264.279581
642 648 375.650888
648 649 333.07619700000004
649 650 1
649 651 213.017807
651 652 17.121434
651 653 76.792507
648 654 239.831982
637 655 839.0671940000001
202 656 0.021613
656 657 0.049083
657 658 0.21311300000000002
658 659 1.0586170000000001
659 660 1.278485
660 661 2.8298609999999997
661 662 4.416046
662 663 35.715402000000005
663 664 964.2844829999999
663 665 83.155693
665 666 736.288353
665 667 319.817113
667 668 362.272094
668 669 74.81748499999999
668 670 27.285985
667 671 770.459759
662 672 995.674184
661 673 723.724104
673 674 280.770995
673 675 92.341712
675 676 162.915546
675 677 33.998535000000004
677 678 80.82235399999999
677 679 57.711319
679 680 76.811188
679 681 197.550669
681 682 1
681 683 65.425571
683 684 63.553011000000005
684 685 1
684 686 427.67673
683 687 1
660 688 175.106967
688 689 146.27028900000002
689 690 171.65286799999998
690 691 514.148202
690 692 559.418358
689 693 24.746132000000003
693 694 560.762678
694 695 127.27373200000001
695 696 27.860096000000002
695 697 14.60218
694 698 14.392922
693 699 201.321399
699 700 410.88881
699 701 410.15451499999995
688 702 232.01664100000002
702 703 673.671719
702 704 240.792145
704 705 128.581444
705 706 46.307880000000004
705 707 87.147116
704 708 136.386292
708 709 216.257746
708 710 30.070852999999996
710 711 139.23730999999998
710 712 138.00334700000002
659 713 999.101649
658 714 1.707213
714 715 3.8557429999999995
715 716 12.11066
716 717 14.697036999999998
717 718 49.551682
718 719 950.450097
718 720 57.30341799999999
720 721 146.166068
721 722 1
721 723 853.80818
720 724 942.690726
717 725 985.30111
716 726 987.9169109999999
715 727 59.146977
727 728 294.825544
728 729 252.201004
729 730 61.516512
730 731 131.11131600000002
731 732 95.99713399999999
731 733 534.0100160000001
730 734 59.641988999999995
729 735 71.103205
735 736 222.253845
736 737 1
736 738 319.4663
735 739 122.52560400000002
739 740 1
739 741 335.222828
728 742 568.8085130000001
742 743 16.379762
742 744 261.131905
727 745 933.1008629999999
745 746 1.038208
745 747 1
714 748 775.429163
748 749 220.29162699999998
748 750 224.91715499999998
657 751 0.10455900000000001
751 752 0.207226
752 753 0.805146
753 754 260.94739300000003
754 755 432.11548100000005
755 756 351.635944
755 757 255.990067
754 758 566.1773410000001
758 759 221.416266
758 760 124.82771699999999
753 761 1.51295
761 762 7.563751000000001
762 763 8.894003999999999
763 764 11.486362999999999
764 765 18.630654
765 766 34.505152
766 767 965.49572
766 768 191.60546599999998
768 769 1
768 770 784.627351
770 771 22.838718
771 772 14.053014999999998
772 773 2.152968
773 774 34.693953
774 775 40.099753
775 776 5.818023
775 777 3.937877
777 778 1.712861
777 779 3.430247
779 780 1.1550390000000001
780 781 85.267106
781 782 1
781 783 40.3507
780 784 4.079249
779 785 5.087909
774 786 37.779094
773 787 5.198797
787 788 1
787 789 14.908124
789 790 1
789 791 79.382896
772 792 1
771 793 1
770 794 1
765 795 981.390914
764 796 988.465719
763 797 991.1060239999999
762 798 992.437234
761 799 998.886767
752 800 0.6557860000000001
800 801 1.78263
801 802 3.380885
802 803 2.6938210000000002
803 804 997.2784389999999
803 805 2.931822
805 806 14.576865999999999
806 807 985.424275
806 808 46.304659
808 809 953.694887
808 810 49.579973
810 811 511.47362699999996
810 812 950.4158049999999
805 813 997.080773
802 814 879.029626
814 815 123.28799
814 816 114.06181099999999
801 817 111.39119099999999
817 818 223.423208
818 819 44.706423
819 820 102.39041
820 821 511.018844
820 822 432.390587
822 823 63.614017000000004
822 824 213.19302499999998
819 825 368.217168
818 826 779.95841
817 827 881.8728910000001
800 828 1.9678879999999999
828 829 4.947595
829 830 8.016667
830 831 740.8818550000001
831 832 274.281708
831 833 227.71143399999997
830 834 40.320594
834 835 50.91905
835 836 61.323945
836 837 366.827459
836 838 441.64303699999994
838 839 290.563681
838 840 332.672706
840 841 132.853184
841 842 127.64729399999999
841 843 94.326527
840 844 248.96293599999998
844 845 412.08532199999996
844 846 84.994087
835 847 949.085618
834 848 959.725744
829 849 38.178202
849 850 946.7938439999999
849 851 747.388877
851 852 262.738295
851 853 176.495065
828 854 10.300949
854 855 16.150735
855 856 116.834627
856 857 841.671654
856 858 896.949499
855 859 72.65357900000001
859 860 763.840909
860 861 49.014067
860 862 276.344912
859 863 845.325119
854 864 44.504422999999996
864 865 956.8984800000001
864 866 927.54683
751 867 0.146455
867 868 1.2175399999999998
868 869 1.892186
869 870 7.650381
870 871 8.77197
871 872 991.243892
871 873 25.930386
873 874 44.349842
874 875 955.650108
874 876 425.62320600000004
876 877 1
876 878 574.37467
873 879 974.082453
870 880 992.267955
869 881 998.277023
868 882 259.53324499999997
882 883 713.333786
883 884 1
883 885 57.124972
882 886 736.896582
867 887 999.978926
656 888 0.016126
888 889 0.019344
889 890 0.014325000000000001
890 891 0.07234
891 892 427.692071
892 893 572.258572
892 894 572.172608
891 895 0.220116
895 896 0.6567149999999999
896 897 1.403704
897 898 3.174598
898 899 5.814902
899 900 19.526662
900 901 29.232295000000004
901 902 100.356975
902 903 899.6442549999999
902 904 89.384324
904 905 45.63729
904 906 196.767258
906 907 663.596388
906 908 738.5233119999999
901 909 970.7720919999999
900 910 980.483383
899 911 74.461914
911 912 935.248685
911 913 759.893777
913 914 70.66314200000001
913 915 217.746194
898 916 997.051508
897 917 5.5210040000000005
917 918 564.0704450000001
918 919 277.18625299999997
919 920 232.554069
919 921 54.64629
918 922 435.15986599999997
917 923 145.74757400000001
923 924 840.1208649999999
923 925 488.042401
925 926 215.149759
925 927 519.875816
896 928 934.883534
928 929 63.235452
928 930 65.422272
895 931 0.65678
931 932 999.371739
931 933 1.373107
933 934 4.998131
934 935 993.407116
934 936 6.8798189999999995
936 937 22.000354
937 938 23.722093
938 939 82.537508
939 940 106.70724700000001
940 941 893.3738619999999
940 942 1
939 943 917.272281
938 944 976.27796
937 945 978.4754760000001
936 946 850.320833
946 947 149.506691
946 948 135.907176
933 949 1.284758
949 950 3.6905
950 951 4.845246
951 952 46.500591
952 953 953.8649290000001
952 954 58.746542999999996
954 955 225.567572
955 956 246.82694700000002
956 957 1
956 958 26.185411
958 959 1
958 960 16.97894
960 961 20.7436
961 962 1
961 963 4.616836
963 964 2.6673039999999997
964 965 23.127081
965 966 2.1573510000000002
966 967 2.3910609999999997
967 968 5.371314
968 969 2.766399
969 970 0.641889
969 971 0.42157799999999995
971 972 0.239734
971 973 0.024848
968 974 1.669866
974 975 1.26919
975 976 2.6682259999999998
976 977 2.738452
976 978 3.21532
978 979 0.1762
979 980 1
979 981 1
978 982 0.354999
982 983 0.003362
983 984 0.003362
984 985 0.266521
984 986 1
983 987 1
982 988 1
975 989 2.558558
989 990 3.9889550000000003
990 991 0.646544
991 992 3.643263
991 993 2.136454
993 994 5.172207
994 995 3.407035
995 996 10.071776
995 997 0.6812290000000001
997 998 10.15894
997 999 12.777534
994 1000 2.566703
1000 1001 1.8098199999999998
1001 1002 7.805416
1002 1003 13.149935
1003 1004 16.138115
1003 1005 17.972988
1002 1006 118.08192600000001
1006 1007 41.648065
1007 1008 35.907977
1007 1009 121.493373
1006 1010 42.169278
1010 1011 42.116919
1010 1012 39.267417
1012 1013 6.997053999999999
1012 1014 52.29598
1001 1015 3.355634
1015 1016 2.405066
1015 1017 1.993685
1000 1018 4.039829
993 1019 0.83763
990 1020 0.865948
989 1021 1.403903
974 1022 0.814775
1022 1023 0.688874
1023 1024 0.560874
1024 1025 1
1025 1026 1
1025 1027 1
1024 1028 1
1023 1029 0.502877
1029 1030 0.0009490000000000001
1030 1031 0.0009490000000000001
1031 1032 0.0009490000000000001
1032 1033 0.0009490000000000001
1033 1034 1
1033 1035 0.266076
1032 1036 1
1031 1037 1
1030 1038 1
1029 1039 1
1022 1040 0.9374979999999999
1040 1041 0.059398000000000006
1040 1042 0.47063699999999997
967 1043 3.948249
1043 1044 0.138718
1043 1045 0.125866
966 1046 3.111224
965 1047 4.5609020000000005
964 1048 1
963 1049 200.390398
1049 1050 7.3019940000000005
1050 1051 62.29812999999999
1051 1052 27.965612
1051 1053 17.190494
1053 1054 0.339539
1053 1055 0.8412189999999999
1050 1056 1
1049 1057 1
960 1058 1
955 1059 768.609151
954 1060 941.2534750000001
951 1061 149.338806
1061 1062 794.3358390000001
1062 1063 215.286533
1062 1064 1
1061 1065 833.381379
950 1066 145.57629400000002
1066 1067 249.29252499999998
1067 1068 524.7988809999999
1068 1069 1
1068 1070 569.020323
1067 1071 514.474013
1066 1072 528.7732980000001
1072 1073 109.807659
1073 1074 12.992133
1073 1075 305.72310200000004
1072 1076 369.317073
949 1077 997.270959
890 1078 0.09984499999999999
1078 1079 0.940043
1079 1080 2.119299
1080 1081 21.90018
1081 1082 213.971057
1082 1083 724.487442
1082 1084 785.793707
1081 1085 978.0953609999999
1080 1086 7.042734
1086 1087 68.916629
1087 1088 504.05713299999996
1088 1089 508.25389
1088 1090 345.795081
1087 1091 906.458737
1086 1092 572.149049
1092 1093 431.109586
1092 1094 413.00061
1079 1095 189.928388
1095 1096 810.208021
1095 1097 355.712907
1097 1098 330.407618
1097 1099 539.780245
1099 1100 48.47961
1100 1101 1.156423
1100 1102 47.818999
1102 1103 12.988259999999999
1102 1104 9.069133
1104 1105 37.671504
1105 1106 48.926007
1106 1107 14.410624
1107 1108 63.682421
1107 1109 37.328987000000005
1106 1110 83.015527
1105 1111 27.066211000000003
1104 1112 14.767285
1112 1113 18.849382000000002
1112 1114 43.672424
1099 1115 1
1078 1116 0.623884
1116 1117 1.160708
1117 1118 2.235875
1118 1119 2.654922
1119 1120 750.050002
1120 1121 258.694533
1120 1122 235.87738
1119 1123 7.205258000000001
1123 1124 8.486274
1124 1125 58.96251099999999
1125 1126 313.851899
1126 1127 686.118913
1126 1128 154.078846
1125 1129 941.039185
1124 1130 716.954831
1130 1131 257.735372
1131 1132 132.58978100000002
1131 1133 13.086459999999999
1130 1134 218.54000299999998
1123 1135 844.8571
1135 1136 175.30498599999999
1135 1137 120.574795
1118 1138 997.7630409999999
1117 1139 998.855121
1116 1140 133.762856
1140 1141 244.99097500000002
1141 1142 755.828738
1141 1143 139.12498
1143 1144 599.181352
1143 1145 96.781875
1140 1146 864.835758
889 1147 0.02552
1147 1148 0.015867
1148 1149 0.029882
1149 1150 0.129973
1150 1151 0.573989
1151 1152 999.4260110000001
1151 1153 0.816807
1153 1154 101.583889
1154 1155 899.5824329999999
1154 1156 895.611309
1153 1157 1.503267
1157 1158 9.894325
1158 1159 14.297271
1159 1160 17.865145
1160 1161 62.712956
1161 1162 937.286625
1161 1163 62.72011
1163 1164 181.691016
1164 1165 188.28160599999998
1165 1166 44.327737
1165 1167 35.441735
1164 1168 1
1163 1169 937.280115
1160 1170 982.134737
1159 1171 985.702811
1158 1172 990.1060770000001
1157 1173 998.4965689999999
1150 1174 999.8946229999999
1149 1175 0.564667
1175 1176 2.403429
1176 1177 3.278086
1177 1178 4.085277
1178 1179 13.160436
1179 1180 64.310419
1180 1181 111.013821
1181 1182 888.990417
1181 1183 503.958983
1180 1184 935.6837320000001
1179 1185 986.834927
1178 1186 305.018949
1186 1187 676.144943
1186 1188 705.68664
1177 1189 996.673342
1176 1190 997.648015
1175 1191 640.396791
1191 1192 357.783649
1192 1193 10.938222
1192 1194 1
1191 1195 358.36176
1148 1196 0.037152000000000004
1196 1197 0.001185
1197 1198 0.001035
1198 1199 999.999817
1198 1200 0.000183
1200 1201 0.003463
1201 1202 999.996584
1201 1203 0.005373
1203 1204 0.029471999999999998
1204 1205 0.036514000000000005
1205 1206 0.072649
1206 1207 999.927351
1206 1208 0.5925429999999999
1208 1209 14.596276
1209 1210 985.5507230000001
1209 1211 37.704589999999996
1211 1212 156.677287
1212 1213 812.2690289999999
1212 1214 734.307332
1211 1215 922.2960300000001
1215 1216 93.07019600000001
1215 1217 1
1208 1218 2.1128
1218 1219 3.381365
1219 1220 6.668398000000001
1220 1221 22.529745000000002
1221 1222 39.373277
1222 1223 31.250461
1223 1224 919.4976949999999
1223 1225 939.254809
1222 1226 67.93145
1226 1227 406.611759
1227 1228 1
1227 1229 154.255596
1229 1230 310.448356
1229 1231 44.048976
1231 1232 1
1231 1233 159.81026
1233 1234 126.34944999999999
1233 1235 33.901806
1226 1236 899.6557900000001
1236 1237 16.3972
1236 1238 48.428332000000005
1221 1239 977.470261
1220 1240 296.954416
1240 1241 691.2810430000001
1240 1242 701.473283
1219 1243 996.6186329999999
1218 1244 998.106953
1205 1245 999.9634860000001
1204 1246 999.970536
1203 1247 999.9946209999999
1200 1248 0.000127
1248 1249 999.999976
1248 1250 2.3999999999999997e-05
1250 1251 999.99999
1250 1252 9.999999999999999e-06
1252 1253 5.999999999999999e-06
1253 1254 1
1254 1255 1
1255 1256 1
1256 1257 1
1257 1258 1000.0
1257 1259 1000.0
1256 1260 989.748266
1260 1261 10.251733999999999
1260 1262 10.251733999999999
1255 1263 1000.0
1254 1264 1000.0
1253 1265 1000.0
1252 1266 999.999994
1197 1267 999.998965
1196 1268 999.998815
1147 1269 0.01727
1269 1270 0.262845
1270 1271 0.516465
1271 1272 62.51925000000001
1272 1273 157.578789
1273 1274 53.441238
1274 1275 797.1525449999999
1274 1276 90.834138
1276 1277 353.99549
1277 1278 58.895361
1278 1279 104.90071
1279 1280 183.309626
1280 1281 89.29431
1280 1282 124.55544400000001
1279 1283 241.80162900000002
1278 1284 42.808026
1284 1285 17.077105
1285 1286 32.8388
1286 1287 20.462968
1287 1288 98.288901
1288 1289 70.539566
1289 1290 11.348532
1289 1291 77.225054
1288 1292 73.179927
1292 1293 83.844604
1292 1294 56.323751
1287 1295 36.713625
1295 1296 84.526984
1296 1297 17.79472
1297 1298 6.0187930000000005
1298 1299 29.668188
1298 1300 48.281165
1297 1301 1
1296 1302 18.322384
1295 1303 10.24873
1303 1304 34.944679
1304 1305 71.772552
1305 1306 7.479648
1306 1307 15.721977
1307 1308 20.966085
1308 1309 21.370413
1308 1310 63.561539
1307 1311 17.544006
1306 1312 32.399261
1312 1313 1
1312 1314 84.770604
1305 1315 55.070743
1304 1316 62.074749
1316 1317 63.73710500000001
1317 1318 134.933708
1318 1319 24.565676
1319 1320 4.495935
1319 1321 25.203099
1318 1322 1
1317 1323 31.124616
1323 1324 53.332831000000006
1324 1325 41.735365
1325 1326 15.983774
1325 1327 8.643571999999999
1324 1328 49.843221
1323 1329 69.929803
1329 1330 42.236810000000006
1330 1331 13.409184
1330 1332 0.203884
1329 1333 50.989073
1316 1334 131.06108700000001
1334 1335 28.671736
1335 1336 1
1335 1337 81.691688
1334 1338 36.085595
1303 1339 9.300069
1339 1340 25.369543
1340 1341 8.589623
1341 1342 34.788683999999996
1342 1343 58.564959
1343 1344 16.081703
1343 1345 23.739459
1342 1346 65.67251200000001
1341 1347 51.922451
1347 1348 46.195972000000005
1347 1349 24.149794999999997
1349 1350 0.48589000000000004
1349 1351 27.814479
1340 1352 37.836701
1352 1353 18.166408
1353 1354 80.654596
1353 1355 18.498622
1355 1356 12.686886999999999
1355 1357 53.177023
1352 1358 107.70038500000001
1358 1359 44.713939
1358 1360 55.14862299999999
1339 1361 32.991471
1361 1362 68.403873
1362 1363 23.138352
1363 1364 123.18545700000001
1363 1365 1
1362 1366 60.799138
1366 1367 26.694603
1366 1368 74.64192200000001
1361 1369 35.132203000000004
1369 1370 11.529958
1370 1371 73.944998
1370 1372 140.181738
1369 1373 257.79344499999996
1286 1374 160.192328
1374 1375 1
1374 1376 55.123228000000005
1376 1377 20.904663
1377 1378 61.913759999999996
1377 1379 3.4755149999999997
1376 1380 1
1285 1381 116.05664399999999
1284 1382 31.457624
1382 1383 83.770556
1382 1384 6.576898000000001
1384 1385 47.013935000000004
1384 1386 80.15127100000001
1277 1387 43.554912
1387 1388 153.89155000000002
1387 1389 100.00811
1276 1390 88.514461
1390 1391 159.844851
1391 1392 453.606509
1391 1393 312.077289
1390 1394 219.513543
1394 1395 225.921169
1395 1396 1
1395 1397 503.25795400000004
1394 1398 1
1273 1399 492.001498
1399 1400 52.790894
1399 1401 518.396426
1272 1402 343.561213
1402 1403 560.3241449999999
1402 1404 625.412834
1271 1405 3.180272
1405 1406 3.169099
1406 1407 996.8425990000001
1406 1408 16.099465
1408 1409 969.1183430000001
1409 1410 6.105573000000001
1410 1411 3.118512
1410 1412 39.832597
1409 1413 1.943278
1408 1414 38.648204
1414 1415 135.178338
1415 1416 607.41831
1415 1417 864.819078
1414 1418 961.359158
1405 1419 208.789771
1419 1420 792.457282
1419 1421 463.637638
1421 1422 455.128094
1422 1423 89.793808
1422 1424 65.74685099999999
1421 1425 49.373383
1425 1426 110.60112600000001
1426 1427 1
1426 1428 3.879213
1425 1429 3.023267
1429 1430 1
1429 1431 3.0541929999999997
1270 1432 17.03717
1432 1433 72.03509799999999
1433 1434 80.02119
1434 1435 761.565933
1434 1436 786.68558
1436 1437 1
1436 1438 264.32011800000004
1433 1439 927.976518
1432 1440 54.591995999999995
1440 1441 616.640822
1441 1442 382.200878
1441 1443 213.685896
1440 1444 81.550719
1444 1445 790.778686
1444 1446 930.4283740000001
1269 1447 0.018061
1447 1448 0.24370300000000003
1448 1449 0.24329299999999998
1449 1450 627.578175
1450 1451 315.109727
1451 1452 190.57420199999999
1452 1453 1
1452 1454 253.40522499999997
1454 1455 37.8084
1455 1456 3.295274
1455 1457 0.21367500000000003
1454 1458 106.896821
1451 1459 1
1450 1460 371.411612
1449 1461 1.095357
1461 1462 0.939418
1462 1463 1.397041
1463 1464 6.8164810000000005
1464 1465 993.209553
1464 1466 9.729173000000001
1466 1467 39.414586
1467 1468 71.90824099999999
1468 1469 110.42852299999998
1469 1470 889.5715250000001
1469 1471 23.865111
1468 1472 928.4396640000001
1467 1473 959.889727
1466 1474 990.270152
1463 1475 761.8837110000001
1475 1476 158.40294699999998
1476 1477 114.74631600000001
1476 1478 55.046779
1475 1479 230.05685599999998
1462 1480 492.64973999999995
1480 1481 509.51600399999995
1480 1482 282.73125600000003
1482 1483 78.062434
1483 1484 83.098859
1483 1485 183.721632
1485 1486 83.443597
1485 1487 65.70346500000001
1487 1488 1
1487 1489 49.993957
1489 1490 125.817087
1490 1491 94.252408
1490 1492 278.895223
1492 1493 342.472217
1492 1494 236.69667900000002
1494 1495 1
1494 1496 26.844502
1489 1497 1
1482 1498 164.031158
1461 1499 384.547522
1499 1500 613.100574
1499 1501 616.134539
1448 1502 1.376523
1502 1503 2.267798
1503 1504 207.91565699999998
1504 1505 785.3797059999999
1504 1506 794.19142
1503 1507 2.896474
1507 1508 3.959894
1508 1509 33.483378
1509 1510 77.071395
1510 1511 149.14195800000002
1511 1512 850.8575069999999
1511 1513 276.804264
1513 1514 6.04441
1514 1515 5.917559
1515 1516 4.941836
1516 1517 3.647798
1517 1518 3.60197
1518 1519 0.6252040000000001
1519 1520 2.7779580000000004
1519 1521 4.598793000000001
1518 1522 0.377869
1522 1523 0.933656
1523 1524 3.7847720000000002
1524 1525 5.745224
1524 1526 3.603281
1523 1527 4.970211
1527 1528 1.289879
1528 1529 0.966789
1529 1530 0.495297
1530 1531 1.069312
1530 1532 14.120308000000001
1532 1533 0.967959
1533 1534 0.9274040000000001
1534 1535 1.331622
1535 1536 9.838629000000001
1536 1537 1.387282
1537 1538 4.410702
1537 1539 5.2426140000000006
1539 1540 1.904512
1539 1541 1.6373499999999999
1536 1542 1.134436
1542 1543 0.811745
1543 1544 1.465305
1543 1545 6.097145
1545 1546 8.240722
1545 1547 13.891101
1547 1548 2.12613
1547 1549 0.20850600000000002
1542 1550 0.6183270000000001
1550 1551 1.1693479999999998
1551 1552 0.49347399999999997
1552 1553 2.678365
1552 1554 2.5824059999999998
1554 1555 2.513233
1554 1556 3.5256540000000003
1551 1557 1.377393
1557 1558 1.480686
1557 1559 1.162891
1559 1560 0.476719
1559 1561 1.871295
1550 1562 1.6881739999999998
1535 1563 1.95893
1563 1564 5.013432
1563 1565 2.499132
1534 1566 1.841789
1566 1567 3.503883
1566 1568 1.399097
1568 1569 4.633069
1568 1570 2.967495
1533 1571 3.054317
1532 1572 1.624475
1529 1573 1.109507
1528 1574 2.010853
1527 1575 9.870387
1575 1576 1.141057
1576 1577 5.979847
1576 1578 0.809057
1578 1579 1.234658
1579 1580 0.443421
1580 1581 0.48640999999999995
1581 1582 1.9516289999999998
1581 1583 0.67198
1583 1584 0.393455
1584 1585 1.067386
1584 1586 1.260899
1586 1587 3.43851
1586 1588 1.712684
1583 1589 1.3284529999999999
1580 1590 0.368538
1590 1591 1.168842
1591 1592 1.6650930000000002
1591 1593 4.012479
1590 1594 0.487894
1594 1595 0.773135
1595 1596 0.805531
1596 1597 0.21862700000000002
1597 1598 2.028479
1597 1599 3.947784
1596 1600 2.031076
1595 1601 0.530994
1601 1602 2.427994
1601 1603 2.94719
1594 1604 0.8575569999999999
1604 1605 1.590313
1604 1606 2.0418089999999998
1579 1607 1.36184
1607 1608 1.8522770000000002
1607 1609 0.58222
1609 1610 0.590385
1609 1611 0.271397
1578 1612 1.057286
1612 1613 1.054794
1613 1614 2.658667
1613 1615 0.682068
1615 1616 0.665552
1615 1617 18.65056
1612 1618 0.351842
1618 1619 0.5498000000000001
1619 1620 1.745356
1619 1621 1
1618 1622 0.916638
1575 1623 6.127284
1623 1624 0.540313
1624 1625 4.549101
1625 1626 5.248945
1625 1627 5.741719
1624 1628 0.295797
1628 1629 0.247198
1629 1630 0.525282
1630 1631 0.630054
1631 1632 2.546541
1631 1633 3.152387
1630 1634 0.39031899999999997
1634 1635 0.628763
1634 1636 5.7285070000000005
1629 1637 1.287174
1628 1638 0.13233699999999998
1638 1639 2.617615
1638 1640 1.902922
1623 1641 0.22727899999999998
1641 1642 2.033874
1641 1643 1.538049
1522 1644 0.7435029999999999
1644 1645 2.20442
1644 1646 0.711584
1517 1647 0.779118
1516 1648 0.8564530000000001
1515 1649 1
1514 1650 1
1513 1651 1
1510 1652 922.939665
1509 1653 966.493734
1508 1654 996.06187
1507 1655 997.081514
1502 1656 22.228471
1656 1657 159.332162
1657 1658 842.177137
1657 1659 386.655189
1659 1660 255.14006600000002
1660 1661 436.153365
1660 1662 185.16792900000002
1659 1663 250.153501
1656 1664 152.691506
1664 1665 844.512995
1664 1666 672.176953
1666 1667 1
1666 1668 288.270756
1447 1669 0.213022
1669 1670 1.5053969999999999
1670 1671 998.071097
1670 1672 2.904398
1672 1673 14.757004000000002
1673 1674 985.242851
1673 1675 18.890352
1675 1676 981.1094969999999
1675 1677 55.54861
1677 1678 65.934391
1678 1679 934.0742309999999
1678 1680 533.651649
1677 1681 944.431816
1672 1682 887.5958790000001
1682 1683 105.471757
1682 1684 114.082895
1669 1685 0.39442699999999997
1685 1686 1.736147
1686 1687 2.074935
1687 1688 2.610583
1688 1689 997.3905179999999
1688 1690 10.614897
1690 1691 19.056216
1691 1692 46.786074
1692 1693 953.212509
1692 1694 82.460976
1694 1695 164.244093
1695 1696 1
1695 1697 171.28441
1697 1698 541.636827
1698 1699 1
1698 1700 1
1697 1701 785.890635
1694 1702 917.5396709999999
1691 1703 980.943788
1690 1704 989.385068
1687 1705 693.692451
1705 1706 224.598717
1706 1707 62.262108000000005
1706 1708 24.000189
1708 1709 61.32418200000001
1708 1710 87.58144300000001
1705 1711 202.38611299999997
1711 1712 71.159853
1711 1713 131.07323
1686 1714 998.264871
1685 1715 999.608476
888 1716 0.02393
1716 1717 0.036869
1717 1718 0.217769
1718 1719 0.457982
1719 1720 1.4341080000000002
1720 1721 4.528609
1721 1722 7.309437000000001
1722 1723 10.128578000000001
1723 1724 989.876494
1723 1725 13.560633
1725 1726 25.827819
1726 1727 43.451641
1727 1728 53.937619000000005
1728 1729 1
1728 1730 946.0534190000001
1727 1731 956.5487729999999
1726 1732 974.1709860000001
1725 1733 986.4397289999999
1722 1734 322.216364
1734 1735 664.018676
1734 1736 676.905828
1721 1737 995.537425
1720 1738 726.832502
1738 1739 233.904805
1739 1740 62.928933
1739 1741 7.0152779999999995
1738 1742 274.753915
1719 1743 0.9696990000000001
1743 1744 23.003591
1744 1745 829.606137
1745 1746 117.255237
1745 1747 169.762143
1744 1748 976.643035
1743 1749 3.055039
1749 1750 10.213587
1750 1751 208.59799099999998
1751 1752 793.95356
1751 1753 753.807879
1750 1754 36.149244
1754 1755 198.31527499999999
1755 1756 699.124271
1755 1757 767.872118
1754 1758 52.609941000000006
1758 1759 965.2437920000001
1758 1760 229.74548499999997
1760 1761 770.160132
1760 1762 484.31857
1749 1763 174.23587
1763 1764 306.813993
1764 1765 215.565394
1765 1766 1
1765 1767 108.820951
1767 1768 1
1767 1769 556.909567
1764 1770 693.109179
1763 1771 827.953976
1718 1772 0.305042
1772 1773 5.2926779999999995
1773 1774 127.39740799999998
1774 1775 252.55856400000002
1775 1776 560.838354
1775 1777 337.215693
1777 1778 98.013639
1777 1779 538.5945859999999
1774 1780 318.310953
1780 1781 421.338555
1780 1782 687.9288319999999
1773 1783 85.512337
1783 1784 92.32605000000001
1784 1785 145.682918
1785 1786 599.842673
1786 1787 398.10809
1786 1788 71.42037
1785 1789 334.46777000000003
1784 1790 500.49123399999996
1790 1791 408.290966
1791 1792 23.818568000000003
1791 1793 300.49073000000004
1790 1794 208.77818000000002
1783 1795 246.81668499999998
1795 1796 653.250581
1795 1797 681.069104
1772 1798 1.698158
1798 1799 3.765346
1799 1800 748.348531
1800 1801 245.382176
1800 1802 201.224151
1802 1803 43.510186
1802 1804 53.549217999999996
1799 1805 7.766033999999999
1805 1806 992.382064
1805 1807 42.304113
1807 1808 957.67138
1807 1809 45.398832999999996
1809 1810 54.538438
1810 1811 465.392339
1810 1812 945.461671
1809 1813 954.615971
1798 1814 289.192291
1814 1815 707.180251
1814 1816 711.7166659999999
1717 1817 1.030746
1817 1818 7.482521
1818 1819 11.806341
1819 1820 38.850004
1820 1821 48.106739999999995
1821 1822 51.849345
1822 1823 273.468038
1823 1824 467.72316500000005
1823 1825 663.825341
1825 1826 1
1825 1827 493.440918
1822 1828 439.23679699999997
1821 1829 951.9159549999999
1820 1830 961.1448899999999
1819 1831 552.1230390000001
1831 1832 356.624469
1832 1833 349.598968
1832 1834 1
1831 1835 414.15569999999997
1818 1836 552.46393
1836 1837 441.999668
1836 1838 437.743426
1817 1839 423.115259
1839 1840 126.502598
1840 1841 335.211215
1840 1842 296.694941
1842 1843 311.74046999999996
1842 1844 217.332489
1839 1845 577.165976
1716 1846 0.21964799999999998
1846 1847 1.016579
1847 1848 1.218432
1848 1849 6.220911
1849 1850 993.772547
1849 1851 12.226111000000001
1851 1852 13.04783
1852 1853 75.013939
1853 1854 924.977615
1853 1855 92.25217599999999
1855 1856 342.167119
1856 1857 1
1856 1858 266.980204
1855 1859 907.750397
1852 1860 986.952496
1851 1861 987.776423
1848 1862 998.779375
1847 1863 999.0414420000001
1846 1864 0.738779
1864 1865 640.037433
1865 1866 126.129953
1866 1867 306.658296
1866 1868 156.50745
1865 1869 359.729053
1864 1870 1.978532
1870 1871 205.701108
1871 1872 793.35661
1871 1873 791.824434
1870 1874 5.191712
1874 1875 994.819917
1874 1876 7.733962
1876 1877 27.899260999999996
1877 1878 828.788864
1878 1879 182.164927
1878 1880 129.50755700000002
1877 1881 944.113055
1876 1882 58.010105
1882 1883 940.043436
1882 1884 167.51313199999998
1884 1885 775.267401
1884 1886 596.2216040000001
1886 1887 20.758265
1887 1888 44.813914
1888 1889 12.612646999999999
1888 1890 38.715386
1890 1891 4.277609
1891 1892 14.754835
1892 1893 8.496057
1892 1894 41.112964000000005
1891 1895 9.336943999999999
1895 1896 10.562133
1895 1897 4.506844
1897 1898 27.919002999999996
1898 1899 28.928272
1898 1900 9.243556
1900 1901 5.215801
1901 1902 34.629076
1901 1903 16.021308
1903 1904 9.067096
1904 1905 7.829609
1904 1906 13.593763000000001
1906 1907 5.372979
1906 1908 14.76494
1903 1909 39.147833999999996
1909 1910 47.26053
1910 1911 72.76992100000001
1910 1912 138.541765
1912 1913 194.333917
1913 1914 160.239799
1914 1915 115.373723
1914 1916 1
1913 1917 1
1912 1918 1
1909 1919 69.044516
1919 1920 5.371349
1919 1921 21.978437
1900 1922 20.003114999999998
1897 1923 26.438954
1890 1924 62.68275
1924 1925 9.73565
1925 1926 1
1925 1927 6.6685110000000005
1927 1928 1
1927 1929 41.743206
1929 1930 58.466587999999994
1929 1931 15.490870000000001
1931 1932 29.138443000000002
1932 1933 18.540864000000003
1933 1934 90.35752000000001
1934 1935 49.680364
1935 1936 1
1935 1937 1
1934 1938 1
1933 1939 1
1932 1940 1
1931 1941 12.355339
1924 1942 18.623148
1942 1943 1.3543720000000001
1942 1944 0.23744600000000002
1887 1945 19.048073
1945 1946 1
1945 1947 313.255134
1886 1948 1
201 1949 0.362422
1949 1950 0.894464
1950 1951 6.986364
1951 1952 8.290327
1952 1953 47.6406
1953 1954 924.7879429999999
1953 1955 963.3154169999999
1952 1956 19.790095
1956 1957 58.292984000000004
1957 1958 941.701057
1957 1959 168.914211
1959 1960 831.079445
1959 1961 393.630959
1956 1962 598.546092
1962 1963 337.294372
1962 1964 426.04519300000004
1951 1965 936.3024579999999
1965 1966 52.979141
1965 1967 60.557542
1950 1968 2.935665
1968 1969 3.941375
1969 1970 294.271814
1970 1971 692.497402
1970 1972 623.47299
1972 1973 1
1972 1974 385.82048000000003
1969 1975 83.575547
1975 1976 887.133605
1975 1977 205.784286
1977 1978 612.3957899999999
1977 1979 359.49642900000003
1979 1980 159.98519
1979 1981 392.113491
1981 1982 272.053204
1982 1983 277.046364
1982 1984 298.680744
1981 1985 133.314617
1968 1986 787.315127
1986 1987 150.504399
1987 1988 30.366152000000003
1987 1989 81.37961299999999
1986 1990 128.934128
1990 1991 74.282794
1990 1992 96.15102399999999
1949 1993 285.667064
1993 1994 714.447309
1993 1995 371.422309
1995 1996 55.402764000000005
1995 1997 628.507709
1 1998 829.2045039999999
