13945 6
34743 7
31999 9
3745 10
23547 11
34652 12
30589 16
23573 17
4682 20
27761 22
20456 24
28182 25
42367 28
26734 30
34817 31
3014 35
22997 36
40634 37
24679 40
11707 41
3468 42
11726 45
29186 49
42584 50
4833 51
5211 53
42895 54
21176 58
42688 59
33510 69
37822 70
30871 71
32789 72
41642 73
4947 76
29824 78
6184 79
28732 81
26376 82
38566 84
23715 85
26050 86
27912 92
41302 94
31677 95
31557 97
32350 100
21453 102
16897 103
17612 108
35832 109
14953 110
11710 112
23008 113
43121 114
36654 118
10470 119
3372 125
39974 126
38227 127
11591 128
33299 130
34479 131
27613 133
30177 134
18242 136
14800 138
2924 139
28684 141
33983 142
22546 147
37415 148
16623 149
15656 152
18575 153
11662 154
44333 157
43248 159
41282 160
6895 163
5996 164
20628 165
3395 168
43659 169
31476 170
5070 182
17819 183
4872 184
30333 187
33794 188
27021 189
3403 190
20668 193
25450 194
7935 195
21642 196
30717 197
41363 198
14282 199
15334 200
40588 209
8599 213
29236 217
37787 222
8153 223
22995 225
16203 226
9940 227
23319 229
11829 231
30157 233
13054 234
31907 235
7623 236
37946 240
10077 242
15946 244
19759 245
4172 246
36552 248
39400 250
9366 252
23296 253
3749 255
18490 256
39176 261
15069 263
21279 265
50 266
2807 269
12400 270
7999 271
23084 273
39984 274
33277 279
25434 280
32548 281
34358 283
19622 284
18288 285
26844 293
24664 294
15562 295
30915 296
379 297
37564 299
26508 300
30663 301
41863 303
43030 304
20919 307
23219 311
36900 312
12763 314
33323 315
31768 318
35192 319
26251 320
14597 324
10280 325
38146 328
25357 331
5036 332
5063 334
43442 335
42743 338
11534 339
12714 342
34971 343
20506 344
33161 347
2177 349
41117 350
6784 354
34608 355
12300 356
41366 357
11529 363
33747 367
39719 368
42621 369
8261 370
15733 373
26964 374
37209 375
35688 380
37610 382
22996 383
12985 384
29470 385
16160 387
44154 388
42959 394
38029 397
2594 398
11813 400
22421 401
7277 402
34760 405
12726 406
31532 409
7405 410
15400 411
35258 414
4056 415
4949 416
33712 420
43835 422
34640 423
28559 426
12583 427
21657 429
34191 431
11215 432
17098 434
7458 435
5372 441
38735 442
35964 443
36551 448
16981 450
16641 451
34279 453
7796 454
44247 455
21987 457
271 458
41215 460
37643 463
30055 464
40695 467
41044 468
23714 469
2134 473
12553 476
954 477
24420 479
8166 480
29738 484
10655 486
26976 487
30603 488
24448 491
22520 492
32750 493
18628 496
7247 499
20355 502
33561 503
32678 504
32429 505
7349 506
43293 515
15841 516
35637 517
29034 518
35984 519
9638 521
4620 523
13103 524
16966 527
12444 528
36569 529
6125 535
3633 536
36447 538
37668 539
1721 545
12905 546
43501 547
13608 548
12434 550
8161 551
32186 552
28917 553
40487 559
3850 561
43031 562
16031 563
7187 568
19717 569
38933 570
33481 571
43066 572
12848 574
34108 575
7647 580
31750 581
20030 583
15963 584
19535 585
15383 587
33994 588
32609 597
36846 600
33155 601
19658 602
2396 603
29340 604
21342 605
5435 606
212 612
22756 613
32173 614
21047 615
20542 618
34624 619
23820 620
43111 622
5551 623
25516 625
5444 628
3155 629
11708 630
10779 634
10250 635
7210 636
34887 640
36432 641
14009 644
3383 646
8090 647
30541 650
4065 652
30894 653
40576 654
18067 655
14557 664
8056 666
8837 669
21321 670
2794 671
24668 672
39414 674
20076 676
26812 678
35940 680
20612 682
39738 685
3344 686
5430 687
10048 691
9069 692
14487 696
37666 697
15009 698
40883 700
30742 701
15342 703
16980 706
17152 707
31856 709
26671 711
32453 712
44427 713
1566 719
29614 722
31146 723
34993 724
12108 725
31009 726
9844 732
10166 733
38215 734
41057 737
22131 738
10577 740
42015 741
10727 743
20809 744
38627 746
17831 747
13653 749
32430 750
16792 756
37502 757
39203 759
21592 760
1145 767
16381 769
43115 776
28556 778
41542 782
43019 783
22761 784
8602 785
25706 786
5047 788
30838 790
1842 791
30853 792
35951 793
35770 794
23725 795
38711 796
24577 797
15028 798
3881 799
22331 804
7654 807
24718 809
32125 811
30078 812
10029 813
17005 815
9034 816
28226 821
8194 823
33805 824
8858 825
22011 826
6553 827
22461 832
38409 833
12122 837
24 839
13114 842
8030 843
33034 845
84 846
3015 847
40530 848
15634 850
7229 852
15802 853
23367 857
34661 858
42526 861
41956 862
40564 863
20810 865
37375 866
42888 872
14091 875
9770 877
34988 878
16549 879
41185 880
34143 881
21200 884
41086 885
24478 886
40749 887
5446 893
29472 894
4819 903
42184 905
8643 907
26962 908
32239 909
28769 910
23483 912
22251 914
10826 915
26339 916
14275 920
29017 921
411 922
1165 924
14278 926
12542 927
42478 929
25826 930
27114 932
6863 935
2793 941
5138 942
34599 943
2657 944
3470 945
7537 947
26685 948
36245 953
43114 957
15075 959
9945 962
5745 970
23042 972
14371 973
17655 977
7083 980
37016 981
6492 985
4484 986
35999 987
42357 988
17917 992
37614 996
36250 998
23235 999
8124 1004
14844 1005
33673 1008
4467 1009
12700 1011
17957 1013
23995 1014
40457 1016
16532 1017
23829 1018
10846 1019
39535 1020
659 1021
11413 1026
38963 1027
31133 1028
29119 1034
18132 1035
39701 1036
17482 1037
6576 1038
3299 1039
4013 1041
16095 1042
19228 1044
5886 1045
22846 1046
10955 1047
34210 1048
3230 1052
38148 1054
21410 1055
13904 1056
32962 1057
23607 1058
19459 1059
35305 1060
30952 1063
40832 1064
11451 1065
39303 1069
33802 1070
14615 1071
35326 1074
27686 1075
570 1076
36853 1077
34511 1083
33850 1084
37319 1085
43805 1089
17440 1090
38928 1091
42875 1093
23955 1094
34189 1096
32577 1098
43737 1101
4820 1103
16950 1108
23005 1109
25383 1110
27081 1111
4293 1113
22518 1114
2788 1115
18994 1121
8787 1122
28745 1127
21379 1128
27145 1129
6740 1132
24418 1133
34922 1134
27756 1136
22049 1137
9875 1138
37031 1139
42605 1142
42812 1144
30067 1145
5348 1146
40113 1152
11378 1155
18686 1156
16200 1162
12203 1166
33955 1167
41090 1168
9722 1169
11557 1170
13371 1171
12922 1172
34131 1173
18550 1174
27302 1182
11735 1183
41809 1184
4964 1185
24934 1187
35767 1188
11609 1189
262 1190
2379 1193
33018 1194
22166 1195
40783 1199
5805 1202
23846 1207
10129 1210
8001 1213
24651 1214
29301 1216
32022 1217
1604 1224
42858 1225
34230 1228
28078 1230
40169 1232
43462 1234
13473 1235
26253 1237
21007 1238
1694 1239
18428 1241
25494 1242
25955 1243
9000 1244
4991 1245
19362 1246
41665 1247
2337 1249
3952 1251
19183 1258
23779 1259
11833 1261
7981 1262
18755 1263
39356 1264
20660 1265
15361 1266
11664 1267
32090 1268
40047 1275
20999 1281
21099 1282
35009 1283
40720 1290
10746 1291
18980 1293
30741 1294
27998 1299
27526 1300
15458 1301
7025 1302
16519 1309
39216 1310
3769 1311
22497 1313
31631 1314
7264 1315
37125 1320
31379 1321
17967 1322
7791 1326
29261 1327
187 1328
30659 1331
2271 1332
2486 1333
7634 1336
1787 1337
40218 1338
27623 1344
18455 1345
9342 1346
4700 1348
30282 1350
1668 1351
34733 1354
8362 1356
19975 1357
5816 1359
14684 1360
32404 1364
40157 1365
8437 1367
29732 1368
22732 1371
25262 1372
10665 1373
1218 1375
27864 1378
1578 1379
36784 1380
8792 1381
22701 1383
26409 1385
1506 1386
14486 1388
28308 1389
25585 1392
5094 1393
44014 1396
33048 1397
14124 1398
13319 1400
23422 1401
11003 1403
23268 1404
2194 1407
10521 1411
41201 1412
34469 1413
9413 1416
38233 1417
794 1418
17196 1420
31346 1423
23061 1424
31712 1427
25607 1428
23517 1430
12429 1431
16566 1435
7167 1437
7670 1438
7038 1439
11551 1442
38932 1443
42731 1445
1235 1446
10279 1453
3730 1456
43455 1457
21438 1458
34512 1459
27509 1460
35228 1465
5599 1470
15280 1471
24469 1472
29148 1473
31177 1474
11078 1477
10581 1478
31615 1479
20557 1481
26261 1484
16810 1486
2330 1488
20217 1491
25692 1493
33382 1495
21346 1496
44071 1497
42691 1498
26366 1500
36171 1501
43327 1505
14320 1506
8184 1512
38780 1520
36132 1521
10568 1525
22999 1526
18744 1531
23160 1538
29593 1540
17293 1541
4923 1544
39908 1546
15528 1548
40658 1549
1665 1553
7283 1555
9926 1556
23168 1558
9809 1560
43595 1561
24822 1562
26295 1564
18486 1565
3016 1567
23746 1569
33262 1570
28460 1571
28512 1572
27525 1573
33259 1574
18004 1577
39250 1582
23713 1585
25976 1587
35034 1588
22749 1589
24829 1592
12651 1593
24897 1598
42484 1599
26184 1600
24942 1602
28116 1603
17909 1605
29754 1606
32473 1608
5013 1610
43326 1611
30323 1614
35249 1616
9767 1617
41430 1620
16323 1621
17809 1622
18277 1626
15022 1627
43717 1632
34079 1633
1765 1635
17620 1636
40081 1637
30652 1639
27250 1640
2400 1642
683 1643
27949 1645
21617 1646
1400 1647
3512 1648
27141 1649
11017 1650
12346 1651
37775 1652
43221 1653
5309 1654
40781 1655
10030 1658
24362 1661
24628 1662
41910 1663
19651 1665
1973 1667
24260 1668
12457 1671
322 1674
33661 1676
11024 1679
32323 1680
18143 1681
30782 1683
26715 1684
29983 1689
5049 1693
3281 1696
42232 1699
44021 1700
18238 1701
39981 1702
39462 1703
8569 1704
41684 1707
41043 1709
37821 1710
30671 1712
14961 1713
38482 1714
41025 1715
14521 1724
7838 1729
41456 1730
20173 1731
38470 1732
9377 1733
22233 1735
14006 1736
9196 1737
7542 1740
6860 1741
829 1742
36825 1746
7224 1747
5161 1748
23036 1752
18656 1753
2107 1756
30765 1757
36677 1759
8280 1761
27461 1762
35855 1766
13637 1768
35243 1769
28273 1770
32490 1771
14973 1776
31525 1778
1166 1779
21976 1781
36520 1782
39276 1787
17200 1788
15410 1789
35629 1792
29676 1793
194 1794
8156 1796
39741 1797
22883 1801
13435 1803
2574 1804
42070 1806
22549 1808
9406 1811
34042 1812
9455 1813
28568 1815
36969 1816
13919 1824
17391 1826
22464 1827
39969 1828
24333 1829
36916 1830
38194 1833
8748 1834
36582 1835
6155 1837
7673 1838
38137 1841
43428 1843
38755 1844
23394 1845
24786 1850
32762 1854
42529 1857
2495 1858
2711 1859
4131 1860
654 1861
19927 1862
8663 1863
28605 1867
40841 1868
39628 1869
6061 1872
19637 1873
25273 1875
21541 1879
21621 1880
20033 1881
39412 1883
43498 1885
38358 1889
10009 1893
43790 1894
16275 1896
38533 1899
20241 1902
23003 1905
13818 1907
5443 1908
11266 1911
38960 1915
19776 1916
25896 1917
11272 1918
21304 1920
19863 1921
6202 1922
33787 1923
40295 1926
15531 1928
11112 1930
25870 1936
13623 1937
13394 1938
30112 1939
22084 1940
34302 1941
8018 1943
23345 1944
17712 1946
12190 1947
23311 1948
35685 1954
8096 1955
20303 1958
43708 1960
18572 1961
30456 1963
8311 1964
36051 1966
10332 1967
14112 1971
6085 1973
11379 1974
4102 1976
30028 1978
16489 1980
9389 1983
13578 1984
25847 1985
24780 1988
12291 1989
37794 1991
33076 1992
18622 1994
17933 1996
17453 1997
33328 1998
