1 2 0.595547
2 3 0.532238
3 4 0.090447
4 5 0.09931499999999999
5 6 0.41166600000000003
6 7 12.512914
6 8 12.916885
8 9 2.016267
8 10 2.186216
5 11 0.13288
11 12 0.10113399999999999
12 13 0.181511
13 14 0.30786199999999997
14 15 11.597355
14 16 2.2278599999999997
16 17 9.481147
16 18 9.525539
13 19 0.450257
19 20 11.670442
19 21 3.396416
21 22 7.126725
21 23 9.492186
12 24 0.133051
24 25 0.153805
25 26 0.132383
26 27 0.093844
27 28 0.109628
28 29 0.071309
29 30 0.22091099999999997
30 31 0.183048
31 32 0.049573
32 33 0.249233
33 34 0.273915
34 35 9.319818
34 36 9.113802
33 37 1.043092
37 38 1.7735649999999998
38 39 8.824041000000001
38 40 0.495741
40 41 0.248579
41 42 7.628445
41 43 6.554936
40 44 0.703546
44 45 5.589668
44 46 5.776139000000001
46 47 0.550872
46 48 0.093827
48 49 0.548904
48 50 0.406206
37 51 12.629192999999999
32 52 0.24884199999999998
52 53 9.623436
52 54 0.076899
54 55 0.19816
55 56 8.524689
55 57 8.762799000000001
54 58 0.12419
58 59 9.487911
58 60 9.327753
31 61 0.231512
61 62 0.179163
62 63 0.069795
63 64 0.197424
64 65 0.145222
65 66 8.765613
65 67 8.951674
64 68 0.159319
68 69 0.171362
69 70 0.119849
70 71 0.168379
71 72 0.210166
72 73 0.231408
73 74 0.29008900000000004
74 75 0.945261
75 76 10.238814
75 77 0.888215
77 78 16.093206
77 79 11.604979
74 80 1.855494
80 81 1.147718
81 82 2.154553
82 83 1.466658
83 84 3.184994
83 85 2.06811
82 86 1.461841
86 87 0.9608540000000001
87 88 0.063279
88 89 1.474175
88 90 1.534421
87 91 1.823062
86 92 0.308305
92 93 0.367117
93 94 0.924498
94 95 0.36144
94 96 0.402648
93 97 0.890211
92 98 0.794778
98 99 0.779088
99 100 0.141706
100 101 0.587004
100 102 0.22483899999999998
99 103 0.5809690000000001
103 104 0.132346
104 105 0.7619009999999999
104 106 0.353638
106 107 0.670621
107 108 1.041442
108 109 0.023622
108 110 0.024134
107 111 0.31959000000000004
111 112 1.070394
111 113 0.744314
106 114 0.469541
114 115 0.6492290000000001
115 116 0.093993
116 117 1
116 118 1
115 119 0.049273000000000004
119 120 0.047709
119 121 4.7e-05
121 122 1
122 123 1
122 124 1
121 125 1
114 126 0.19544599999999998
126 127 0.560148
127 128 0.131994
127 129 0.059028
129 130 0.034327
129 131 0.013427999999999999
126 132 0.12036799999999999
132 133 0.150377
133 134 0.086353
134 135 1
135 136 1
135 137 1
134 138 1
133 139 0.10466900000000001
139 140 1e-06
140 141 1
141 142 1
142 143 1
143 144 1
143 145 1
142 146 1
141 147 1
140 148 1
139 149 0.047754
132 150 0.18391200000000002
150 151 0.014465999999999998
150 152 0.081045
103 153 0.536977
98 154 0.553029
81 155 1.076282
155 156 3.002961
156 157 3.254861
157 158 4.697774
157 159 3.8265809999999996
159 160 0.10970400000000001
159 161 0.129073
156 162 6.069399000000001
162 163 0.02537
162 164 0.022386
155 165 5.24083
165 166 0.524497
166 167 0.854097
166 168 0.626323
165 169 0.48433800000000005
169 170 0.559343
169 171 0.15699
171 172 0.42316899999999996
171 173 0.293163
80 174 1.816577
174 175 1.103559
175 176 5.514299
175 177 1.219226
177 178 5.610105
177 179 2.269551
179 180 3.4020200000000003
179 181 5.958056
174 182 7.319316
73 183 8.227022999999999
72 184 0.221354
184 185 0.86572
185 186 8.575671
185 187 7.947729000000001
184 188 0.6288779999999999
188 189 7.876253
188 190 0.537668
190 191 6.808814000000001
190 192 0.429127
192 193 6.440758000000001
192 194 0.28082799999999997
194 195 1.5282769999999999
195 196 1.7667490000000001
196 197 5.656689
196 198 3.751143
195 199 5.444331
194 200 0.9908250000000001
200 201 2.301231
201 202 5.031453
201 203 3.373513
200 204 6.05598
71 205 1.0098630000000002
205 206 1.8344280000000002
206 207 6.895981
206 208 6.714333999999999
205 209 0.9950850000000001
209 210 6.521788000000001
209 211 8.950991
70 212 0.045317
212 213 1.1392289999999998
213 214 8.081543
213 215 7.486747
212 216 0.132134
216 217 0.050595
217 218 0.062586
218 219 0.20042800000000002
219 220 8.364591
219 221 8.349831
218 222 0.13013
222 223 0.221483
223 224 0.108737
224 225 0.15718200000000002
225 226 8.24629
225 227 7.322001
224 228 7.913496
223 229 7.961941
222 230 0.11429700000000001
230 231 0.333512
231 232 7.805968000000001
231 233 9.338253
230 234 0.287309
234 235 7.612156000000001
234 236 8.290422
217 237 0.098412
237 238 0.185304
238 239 0.046204
239 240 0.067087
240 241 7.100616
240 242 0.098525
242 243 0.258281
243 244 8.038612
243 245 7.386412000000001
242 246 8.409341
239 247 0.14482799999999998
247 248 6.980003
247 249 7.824199
238 250 0.086337
250 251 8.281452999999999
250 252 0.111002
252 253 0.142271
253 254 0.10528799999999999
254 255 0.161358
255 256 0.17979599999999998
256 257 7.163512
257 258 1.317833
258 259 0.669831
259 260 0.6455770000000001
260 261 0.763641
260 262 0.669023
259 263 0.551295
263 264 1.069728
264 265 0.075245
265 266 0.258193
265 267 0.21936199999999997
264 268 0.402309
263 269 0.244294
269 270 0.27043100000000003
270 271 0.118239
271 272 0.697263
271 273 0.448869
270 274 0.156355
274 275 0.343332
274 276 0.134222
269 277 0.157876
277 278 0.300551
278 279 0.025174000000000002
279 280 0.166513
279 281 0.024509
278 282 0.07033700000000001
282 283 0.273878
282 284 0.06041
277 285 0.39190400000000003
258 286 0.190723
286 287 0.262608
287 288 0.465798
288 289 0.470103
289 290 0.956657
289 291 0.7901490000000001
291 292 0.571926
292 293 1.080662
292 294 0.829558
291 295 0.205593
295 296 0.039613
296 297 0.107493
297 298 0.302453
297 299 0.270613
296 300 0.029804
300 301 0.02815
301 302 0.523361
301 303 0.121338
303 304 0.356213
303 305 0.169098
300 306 0.037514
306 307 0.047214
307 308 0.432001
307 309 0.284331
306 310 0.239319
295 311 1.6631690000000001
288 312 0.279248
312 313 0.087349
313 314 0.080148
314 315 0.106009
315 316 0.412121
315 317 0.211685
317 318 0.518678
317 319 0.060358
319 320 0.091821
320 321 0.128314
321 322 0.30399
321 323 0.269076
320 324 0.205975
324 325 0.249747
324 326 0.8008740000000001
319 327 0.42155
314 328 0.06486600000000001
328 329 0.085784
329 330 0.294364
329 331 0.6129899999999999
328 332 0.29626
313 333 0.035044
333 334 0.08811999999999999
334 335 0.33604
334 336 0.069882
336 337 0.23079200000000002
336 338 0.199008
333 339 0.210352
339 340 0.285212
339 341 0.096832
341 342 0.096755
341 343 0.046512000000000005
312 344 0.218025
344 345 0.18763
345 346 0.359113
345 347 0.213953
344 348 0.086964
348 349 0.061152000000000005
349 350 0.252637
349 351 0.033896
348 352 0.177626
287 353 1.356058
286 354 2.256074
257 355 1.1878
355 356 0.40263299999999996
356 357 0.5462159999999999
357 358 1.6088470000000001
357 359 0.355098
359 360 0.692991
359 361 0.596407
361 362 0.431941
361 363 0.11724699999999999
363 364 0.920544
363 365 0.464365
356 366 0.24627400000000002
366 367 0.281107
367 368 0.46391000000000004
368 369 0.9294290000000001
368 370 1.124057
367 371 2.043253
366 372 0.569538
372 373 0.24978399999999998
373 374 0.22736399999999998
374 375 0.86625
374 376 0.19034
376 377 0.091312
377 378 0.5264880000000001
377 379 0.213722
379 380 0.26236800000000005
379 381 0.334575
381 382 0.092208
381 383 0.289836
376 384 0.260885
373 385 2.199212
385 386 0.375817
385 387 0.19724899999999998
372 388 0.921717
355 389 0.691219
389 390 0.576701
390 391 1.163524
390 392 1.367517
389 393 2.014034
393 394 0.36740700000000004
393 395 0.396681
256 396 7.748294
255 397 6.986333
397 398 0.830297
397 399 0.745634
254 400 0.202853
400 401 0.246284
401 402 8.457256000000001
401 403 8.830232
400 404 0.60436
404 405 2.678395
405 406 2.097728
406 407 2.9307630000000002
406 408 3.086429
405 409 6.641527
404 410 1.536027
410 411 6.94332
410 412 6.858016999999999
253 413 0.10261999999999999
413 414 0.114035
414 415 0.157018
415 416 1.1600350000000001
416 417 6.921365
416 418 7.453037999999999
415 419 0.176746
419 420 0.533756
420 421 0.266225
421 422 8.445739
421 423 7.409085
420 424 3.375131
424 425 1.72989
425 426 1.313811
426 427 2.355608
426 428 2.324431
425 429 0.488958
429 430 2.91966
429 431 0.42322499999999996
431 432 2.8944959999999997
431 433 3.6957619999999998
424 434 0.305688
434 435 0.39470800000000006
435 436 4.442577
435 437 0.9060389999999999
437 438 3.524924
437 439 4.163711
434 440 5.574728
419 441 0.052740999999999996
441 442 8.141024
441 443 0.102768
443 444 1.7396260000000001
444 445 6.662070000000001
444 446 5.754358
443 447 2.427041
447 448 5.794055
447 449 6.144818
414 450 0.073178
450 451 0.14741100000000001
451 452 7.9100589999999995
451 453 8.040275
450 454 0.216725
454 455 7.6778189999999995
454 456 0.058571000000000005
456 457 8.260753
456 458 7.832848
413 459 0.18285099999999999
459 460 7.90697
459 461 0.115953
461 462 8.123183000000001
461 463 7.874907
252 464 0.066525
464 465 0.18225
465 466 7.9211089999999995
465 467 0.22120199999999998
467 468 8.300612000000001
467 469 0.247621
469 470 7.496969000000001
469 471 7.4982549999999994
464 472 0.06199
472 473 0.17349699999999998
473 474 0.32889799999999997
474 475 7.560126
474 476 8.008163999999999
473 477 0.13587
477 478 0.180733
478 479 0.20971499999999998
479 480 0.314175
480 481 5.913915
480 482 6.645779
479 483 7.589359
478 484 0.167632
484 485 0.150483
485 486 0.15251699999999999
486 487 6.187346
486 488 0.21189
488 489 6.328866
488 490 7.520226000000001
485 491 0.109529
491 492 0.161202
492 493 0.5025489999999999
493 494 6.082017
493 495 6.477678000000001
492 496 6.517509
491 497 0.083275
497 498 0.27266999999999997
498 499 5.620221
498 500 0.182072
500 501 5.34737
500 502 0.40716700000000006
502 503 5.139342
502 504 5.74891
497 505 0.160251
505 506 0.15298899999999999
506 507 5.789455
506 508 0.154122
508 509 0.070922
509 510 0.133189
510 511 0.261844
511 512 6.489444
511 513 6.452294
510 514 0.187356
514 515 0.242238
515 516 7.391868
515 517 0.1535
517 518 0.425567
518 519 6.351469
518 520 7.402113000000001
517 521 9.03002
514 522 7.470274000000001
509 523 0.078943
523 524 0.06761500000000001
524 525 0.11194200000000001
525 526 0.142477
526 527 0.130683
527 528 0.231496
528 529 1.1576849999999999
529 530 1.042457
530 531 3.098886
531 532 1.314331
531 533 1.312221
530 534 1.014055
534 535 4.919151
535 536 0.24718600000000002
535 537 0.182613
534 538 4.9423580000000005
529 539 6.440231000000001
528 540 0.174891
540 541 0.17249399999999998
541 542 0.033131
542 543 0.288343
543 544 0.356421
544 545 0.12479100000000001
545 546 0.170714
546 547 0.113622
547 548 5.092078
547 549 0.686337
549 550 4.368493
549 551 4.609539
546 552 0.031136
552 553 0.315268
553 554 4.570411
553 555 0.13350499999999998
555 556 5.272392
555 557 5.2815710000000005
552 558 5.164675
545 559 0.189636
559 560 0.013139999999999999
560 561 0.151112
561 562 0.240503
562 563 0.154805
563 564 0.13777
564 565 0.116383
565 566 3.157875
565 567 0.47154299999999993
567 568 2.518983
567 569 3.832497
564 570 0.0766
570 571 0.056478
571 572 0.321685
572 573 0.246746
573 574 0.8583459999999999
574 575 1.318699
574 576 1.260097
573 577 2.532293
572 578 1.0963779999999999
578 579 1.236764
578 580 1.198766
571 581 0.172369
581 582 0.082193
582 583 3.019765
582 584 0.40812000000000004
584 585 3.897587
584 586 0.19901799999999997
586 587 0.26434399999999997
587 588 0.302836
588 589 0.11058000000000001
589 590 3.792847
589 591 2.510878
588 592 0.255911
592 593 0.196408
593 594 3.493155
594 595 1
594 596 1
593 597 1.950971
592 598 0.039897
598 599 2.850979
598 600 0.175339
600 601 1.462839
600 602 0.082511
602 603 0.110107
603 604 0.187243
604 605 0.485691
604 606 0.075436
606 607 0.117946
607 608 1.092679
607 609 2.488982
606 610 5.350058
603 611 0.881286
602 612 0.143151
612 613 0.068219
613 614 0.096815
614 615 0.178634
615 616 1.9234879999999999
615 617 0.135968
617 618 1.916433
617 619 0.09526699999999999
619 620 0.27613
620 621 1.554705
620 622 2.122468
619 623 0.667041
623 624 4.962477
623 625 5.400464
614 626 0.069098
626 627 0.213809
627 628 2.369259
627 629 0.448315
629 630 3.656072
629 631 3.125208
626 632 0.168235
632 633 1.593311
632 634 1.9883499999999998
613 635 1.591043
612 636 0.135582
636 637 0.176763
637 638 0.8313579999999999
638 639 0.965117
638 640 0.324282
640 641 0.7982960000000001
640 642 0.443347
637 643 2.5234650000000003
636 644 0.178418
644 645 0.2185
645 646 2.395667
645 647 1.377017
644 648 1.834986
587 649 3.11687
586 650 5.351695
581 651 0.219048
651 652 3.167801
651 653 4.043278
570 654 0.165002
654 655 1.6089740000000001
655 656 3.270009
655 657 2.651672
654 658 4.169441
563 659 0.055478000000000006
659 660 0.12156
660 661 2.980403
660 662 3.944143
659 663 0.564925
663 664 2.2465200000000003
663 665 0.523298
665 666 2.585282
665 667 2.3335339999999998
562 668 3.7961679999999998
561 669 0.12745499999999998
669 670 0.391996
670 671 4.225249
670 672 3.5588960000000003
669 673 3.7149769999999998
560 674 4.388515
559 675 4.136177
544 676 0.348202
676 677 5.198291
676 678 5.642206000000001
543 679 0.880363
679 680 4.542984
679 681 4.482804
542 682 0.120341
682 683 6.27804
682 684 5.135522
541 685 0.894897
685 686 0.521677
686 687 0.614544
687 688 0.620565
688 689 0.853317
689 690 2.423382
689 691 1.635834
691 692 0.009420999999999999
691 693 0.038335
688 694 0.39243000000000006
694 695 0.214811
695 696 0.6459130000000001
696 697 2.1950060000000002
696 698 0.783743
698 699 0.257402
699 700 2.337148
699 701 2.199624
698 702 0.5484720000000001
702 703 2.8467320000000003
702 704 1.057279
704 705 1.831548
704 706 1.081537
706 707 1.999586
706 708 1.773097
695 709 0.677063
709 710 2.456527
709 711 2.462289
694 712 3.9604359999999996
687 713 0.571882
713 714 0.65057
714 715 3.035333
714 716 0.46275700000000003
716 717 2.10639
716 718 0.490315
718 719 2.758432
719 720 2.1582980000000003
720 721 1
720 722 1
719 723 1.232342
718 724 0.644146
724 725 1.105068
724 726 1.425973
713 727 1.211894
727 728 1.148204
728 729 0.019483
728 730 0.028273000000000003
727 731 1.8365150000000001
731 732 0.066948
731 733 0.12407399999999999
686 734 0.364458
734 735 0.661841
735 736 3.9747280000000003
735 737 2.6871639999999997
737 738 1.703321
737 739 1.639564
734 740 0.9573679999999999
740 741 1.621807
741 742 3.583417
741 743 2.768063
743 744 3.474566
743 745 1.826293
740 746 3.822319
685 747 5.682551999999999
540 748 0.13930900000000002
748 749 5.980816
748 750 6.722143999999999
527 751 0.098635
751 752 0.22121200000000002
752 753 7.190988
752 754 2.186623
754 755 4.280499
754 756 0.32119000000000003
756 757 0.739368
757 758 0.521987
758 759 1.958711
759 760 0.8901990000000001
759 761 0.38726
761 762 0.28865599999999997
762 763 0.19672399999999998
762 764 0.18531999999999998
761 765 0.165021
765 766 0.615004
765 767 0.38786200000000004
758 768 2.751174
757 769 2.032559
769 770 1.0647010000000001
769 771 0.367964
771 772 0.45471
771 773 0.237745
773 774 0.534902
773 775 0.7544959999999999
756 776 2.9424680000000003
776 777 1.5924040000000002
776 778 2.228035
751 779 7.1349990000000005
526 780 6.427761
525 781 2.746414
781 782 4.24895
781 783 4.060506
524 784 0.202367
784 785 0.458542
785 786 0.327983
786 787 5.965043
786 788 6.0693410000000005
785 789 0.6868209999999999
789 790 5.268796
789 791 5.905989
784 792 6.615240999999999
523 793 0.101115
793 794 0.2756
794 795 5.923627
794 796 5.537691000000001
793 797 0.154199
797 798 0.087453
798 799 6.453033
798 800 6.440949
797 801 6.693827
508 802 0.27956000000000003
802 803 0.286033
803 804 5.724799
803 805 6.214074
802 806 7.187701000000001
505 807 0.159212
807 808 5.800249
807 809 5.708824
484 810 0.20780500000000002
810 811 6.717775
810 812 6.558250999999999
477 813 7.410224
472 814 8.359581
237 815 8.921717
216 816 0.209678
816 817 8.218089
816 818 0.139122
818 819 8.343195
818 820 8.180206
69 821 0.745645
821 822 7.750186
821 823 10.014857000000001
68 824 8.489949
63 825 0.20795000000000002
825 826 0.33365
826 827 7.8323089999999995
826 828 1.6232790000000001
828 829 6.736769
828 830 7.064568
825 831 8.727954
62 832 0.107278
832 833 0.089896
833 834 8.372647
833 835 8.676064
832 836 9.055280999999999
61 837 0.187245
837 838 0.252706
838 839 8.646650000000001
838 840 8.40206
837 841 0.17528000000000002
841 842 0.059722
842 843 0.157539
843 844 1.5245659999999999
844 845 4.376729
845 846 3.9857120000000004
845 847 4.3237440000000005
844 848 8.230721
843 849 0.089948
849 850 0.070061
850 851 0.08465
851 852 0.018913
852 853 0.225441
853 854 0.35873900000000003
854 855 9.695616
854 856 3.652044
856 857 6.639196
856 858 6.923363
853 859 0.059961
859 860 0.124585
860 861 0.074565
861 862 0.02561
862 863 10.164378000000001
862 864 0.059774
864 865 0.223337
865 866 10.934029
865 867 0.264634
867 868 11.008370000000001
867 869 11.197934
864 870 0.9615969999999999
870 871 3.704917
871 872 7.710975
871 873 5.135253
870 874 9.833765
861 875 0.150115
875 876 4.427548
876 877 5.892754
876 878 6.3326519999999995
875 879 0.606179
879 880 0.23123000000000002
880 881 2.141149
881 882 6.662975
881 883 8.953071
880 884 9.988745999999999
879 885 1.676005
885 886 1.751367
886 887 7.8166459999999995
886 888 9.184309
885 889 10.99935
860 890 0.593826
890 891 1.098541
891 892 9.493533
891 893 8.892331
890 894 1.9936269999999998
894 895 8.343182
894 896 7.654908000000001
859 897 0.041999
897 898 0.21280000000000002
898 899 9.607420999999999
898 900 9.208243000000001
897 901 0.121489
901 902 10.329739
901 903 10.969211
852 904 0.14393
904 905 0.392832
905 906 9.451888
905 907 0.194722
907 908 0.74864
908 909 7.216183
909 910 3.114228
909 911 2.998475
908 912 3.3735969999999997
912 913 4.507517
912 914 5.091337
907 915 10.312726
904 916 0.039427000000000004
916 917 0.24063299999999999
917 918 11.058472
917 919 2.945826
919 920 4.182613
920 921 2.912768
920 922 2.292581
919 923 6.1803289999999995
916 924 0.24956
924 925 9.730656999999999
924 926 0.45805100000000004
926 927 6.390700000000001
927 928 3.175077
927 929 2.603338
926 930 0.46967500000000006
930 931 0.385824
931 932 9.08825
931 933 10.109458
930 934 0.594656
934 935 9.771331
934 936 1.051257
936 937 3.706885
937 938 1.690767
938 939 4.37274
938 940 4.84407
937 941 4.469691
936 942 9.569142
851 943 4.18109
943 944 5.698437
943 945 5.524103
850 946 9.15957
849 947 0.36362
947 948 0.49386100000000005
948 949 9.506037000000001
948 950 0.163605
950 951 0.27464099999999997
951 952 1.357219
952 953 10.767155
952 954 9.719951
951 955 0.509723
955 956 1.886874
956 957 0.877846
957 958 8.823997
957 959 2.780587
959 960 6.040055
959 961 5.660041
956 962 1.2502579999999999
962 963 3.7620639999999996
963 964 3.3448650000000004
963 965 3.388659
962 966 6.457612
955 967 1.863425
967 968 10.057815
967 969 1.6184020000000001
969 970 7.348275999999999
969 971 6.978371
950 972 0.051683999999999994
972 973 0.24674
973 974 3.478086
974 975 3.2199070000000005
975 976 3.3196320000000004
975 977 3.461648
974 978 6.689357
973 979 2.736097
979 980 6.365373000000001
979 981 7.006163999999999
972 982 0.12103299999999999
982 983 1.8426339999999999
983 984 7.56338
983 985 7.718377
982 986 0.449256
986 987 0.534934
987 988 1.4195879999999998
988 989 6.861581
988 990 1.9493070000000001
990 991 4.081131
991 992 1.270138
991 993 0.8311040000000001
990 994 7.571209
987 995 7.916611
986 996 0.253778
996 997 1.956856
997 998 6.709927
997 999 5.993034
996 1000 0.896534
1000 1001 8.705981999999999
1000 1002 10.87377
947 1003 3.969669
1003 1004 1.131771
1004 1005 4.012328
1004 1006 5.443259
1003 1007 6.891152
842 1008 0.094706
1008 1009 0.194579
1009 1010 3.0392550000000003
1010 1011 5.116035
1010 1012 7.061615000000001
1009 1013 8.326552
1008 1014 8.449165
841 1015 0.19406
1015 1016 9.561456999999999
1015 1017 9.588496000000001
30 1018 0.042907
1018 1019 0.052322
1019 1020 0.080436
1020 1021 0.367473
1021 1022 10.474265
1021 1023 10.299374
1020 1024 0.13517200000000001
1024 1025 10.562515999999999
1024 1026 0.08136299999999999
1026 1027 0.10267
1027 1028 0.184811
1028 1029 10.474962999999999
1028 1030 9.72561
1027 1031 0.25319600000000003
1031 1032 0.417991
1032 1033 9.854109
1032 1034 0.27901
1034 1035 2.287063
1035 1036 7.828041
1035 1037 3.7049110000000005
1037 1038 3.9284100000000004
1037 1039 5.001867
1034 1040 1.037913
1040 1041 8.80771
1040 1042 7.763444999999999
1031 1043 9.324129000000001
1026 1044 1.8079230000000002
1044 1045 0.8856599999999999
1045 1046 7.098152000000001
1045 1047 8.183606000000001
1044 1048 8.044617
1019 1049 0.11312699999999999
1049 1050 0.437155
1050 1051 9.877676000000001
1050 1052 9.893097
1049 1053 0.207544
1053 1054 9.863912
1053 1055 9.429307000000001
1018 1056 0.131763
1056 1057 9.672179999999999
1056 1058 9.812061
29 1059 0.062827
1059 1060 0.030208999999999996
1060 1061 3.7561020000000003
1061 1062 6.664639
1061 1063 6.850165
1060 1064 0.739256
1064 1065 9.454690000000001
1064 1066 1.7824010000000001
1066 1067 0.48971600000000004
1067 1068 7.373136
1067 1069 1.216883
1069 1070 0.361844
1070 1071 1.383899
1071 1072 7.062844
1071 1073 7.263804
1070 1074 3.7856330000000002
1074 1075 1.063008
1074 1076 1.038233
1069 1077 6.783570999999999
1066 1078 1.704798
1078 1079 9.910948
1078 1080 6.612452
1080 1081 1.5837670000000001
1080 1082 1.6636069999999998
1059 1083 10.862334
28 1084 0.043643
1084 1085 0.217343
1085 1086 11.799092
1085 1087 9.834146
1084 1088 10.336621
27 1089 0.104419
1089 1090 11.126725
1089 1091 0.128647
1091 1092 0.600203
1092 1093 11.218633
1092 1094 10.701138
1091 1095 0.12209899999999999
1095 1096 0.432563
1096 1097 10.211084
1096 1098 10.849088
1095 1099 11.386921
26 1100 0.194251
1100 1101 12.450361000000001
1100 1102 0.10038
1102 1103 0.09437999999999999
1103 1104 0.140311
1104 1105 12.708628
1104 1106 0.23311
1106 1107 11.322117
1106 1108 10.788676
1103 1109 0.047727
1109 1110 0.191313
1110 1111 11.330038
1110 1112 11.735864999999999
1109 1113 0.202669
1113 1114 11.388187
1113 1115 11.343427
1102 1116 11.365445000000001
25 1117 0.130159
1117 1118 0.109972
1118 1119 0.570047
1119 1120 12.933219000000001
1119 1121 1.111186
1121 1122 0.866783
1122 1123 0.276451
1123 1124 0.28251
1124 1125 1.884643
1125 1126 2.3598310000000002
1126 1127 5.246938999999999
1126 1128 5.975601
1125 1129 1.448669
1129 1130 5.694048
1129 1131 6.244825
1124 1132 0.197292
1132 1133 3.6896329999999997
1133 1134 4.666193
1133 1135 1.44651
1135 1136 4.274643
1135 1137 0.9784609999999999
1137 1138 1.195953
1137 1139 4.964505
1132 1140 0.077081
1140 1141 0.340047
1141 1142 0.846656
1142 1143 8.25608
1142 1144 0.85328
1144 1145 1.110292
1145 1146 7.334383
1145 1147 6.61022
1144 1148 8.631828
1141 1149 0.705025
1149 1150 0.659319
1150 1151 7.875881999999999
1150 1152 9.602628000000001
1149 1153 4.0028109999999995
1153 1154 4.298859
1153 1155 1.407922
1155 1156 5.1933359999999995
1155 1157 2.543054
1157 1158 3.3024299999999998
1157 1159 3.001295
1140 1160 0.612638
1160 1161 0.729278
1161 1162 0.9496020000000001
1162 1163 7.415171
1162 1164 1.921028
1164 1165 3.838235
1164 1166 6.763484
1161 1167 5.449634
1167 1168 7.342923
1167 1169 7.6523010000000005
1160 1170 0.6048910000000001
1170 1171 0.8133720000000001
1171 1172 3.4172149999999997
1172 1173 3.571755
1172 1174 3.3527910000000003
1171 1175 8.760435
1170 1176 2.013156
1176 1177 5.289276
1176 1178 1.9218030000000002
1178 1179 2.8243669999999996
1178 1180 5.246311
1123 1181 0.442631
1181 1182 0.99773
1182 1183 1.339156
1183 1184 2.56462
1184 1185 5.004641
1184 1186 5.406057000000001
1183 1187 7.678933000000001
1182 1188 1.084435
1188 1189 6.193928
1188 1190 8.514764
1181 1191 0.7570979999999999
1191 1192 1.277599
1192 1193 1.38565
1193 1194 0.9753909999999999
1194 1195 1.6041219999999998
1195 1196 4.537581
1195 1197 6.25516
1194 1198 2.037235
1198 1199 2.890233
1198 1200 2.649404
1193 1201 6.43268
1192 1202 8.069938
1191 1203 1.263888
1203 1204 13.446549999999998
1203 1205 12.293661
1122 1206 0.631259
1206 1207 0.817953
1207 1208 5.45337
1208 1209 2.385589
1209 1210 2.445721
1209 1211 2.902894
1208 1212 4.538957
1207 1213 0.689181
1213 1214 1.457967
1214 1215 4.3658269999999995
1215 1216 2.4627179999999997
1215 1217 2.169565
1214 1218 7.573046
1213 1219 1.353637
1219 1220 5.450426
1220 1221 1.6634849999999999
1220 1222 1.010823
1219 1223 7.610701000000001
1206 1224 3.876263
1224 1225 1.94604
1225 1226 5.309502
1225 1227 2.140355
1224 1228 6.435048999999999
1121 1229 0.760004
1229 1230 12.906367999999999
1229 1231 1.6829340000000002
1231 1232 8.462038
1231 1233 8.682184
1118 1234 0.064055
1234 1235 0.605223
1235 1236 12.834889999999998
1235 1237 11.615922
1234 1238 0.22102100000000002
1238 1239 1.583199
1239 1240 1.608089
1240 1241 0.859926
1241 1242 0.591989
1242 1243 1.5719009999999998
1243 1244 6.8519380000000005
1243 1245 1.863439
1245 1246 5.075653
1245 1247 6.815465
1242 1248 9.173085
1241 1249 9.018803
1240 1250 0.9320240000000001
1250 1251 2.689172
1251 1252 9.127712
1251 1253 6.9658880000000005
1253 1254 2.86001
1253 1255 3.2526930000000003
1250 1256 3.190723
1256 1257 4.944872
1256 1258 5.847869
1239 1259 12.491161
1238 1260 0.149693
1260 1261 0.065832
1261 1262 0.088359
1262 1263 0.171495
1263 1264 0.144649
1264 1265 0.368322
1265 1266 0.6060760000000001
1266 1267 12.542664
1266 1268 14.391434
1265 1269 12.717706000000002
1264 1270 13.815059
1263 1271 12.838875999999999
1262 1272 0.126977
1272 1273 0.5803619999999999
1273 1274 8.687679
1274 1275 4.798259
1274 1276 4.943861
1273 1277 13.78128
1272 1278 0.992585
1278 1279 0.623012
1279 1280 12.200845000000001
1279 1281 10.817302
1278 1282 12.079949
1261 1283 0.06964000000000001
1283 1284 0.12001500000000001
1284 1285 0.137955
1285 1286 0.15392
1286 1287 12.327932
1286 1288 0.25564
1288 1289 11.7834
1288 1290 11.473525
1285 1291 0.149654
1291 1292 0.19716199999999998
1292 1293 0.25792
1293 1294 0.252662
1294 1295 13.23592
1294 1296 0.20554700000000004
1296 1297 0.05143
1297 1298 0.083799
1298 1299 1.957088
1299 1300 5.868245
1300 1301 8.223222
1300 1302 7.297313
1299 1303 13.950285000000001
1298 1304 0.229736
1304 1305 0.23241799999999999
1305 1306 0.145535
1306 1307 0.28445800000000004
1307 1308 1.635396
1308 1309 15.732877
1308 1310 14.878394
1307 1311 0.36585799999999996
1311 1312 17.520779
1311 1313 0.540497
1313 1314 1.468792
1314 1315 0.936593
1315 1316 13.742292
1315 1317 15.102025
1314 1318 1.069137
1318 1319 0.479002
1319 1320 1.437035
1320 1321 12.696296000000002
1320 1322 16.386798
1319 1323 16.256375000000002
1318 1324 14.038668000000001
1313 1325 0.478737
1325 1326 15.229334999999999
1325 1327 1.174677
1327 1328 14.487456000000002
1327 1329 3.420853
1329 1330 11.258168
1329 1331 14.816331
1306 1332 0.28650400000000004
1332 1333 0.16614500000000001
1333 1334 0.19872700000000001
1334 1335 0.700893
1335 1336 18.09685
1335 1337 0.705196
1337 1338 4.10297
1338 1339 1.360229
1339 1340 3.551065
1340 1341 6.312723000000001
1340 1342 5.291862
1339 1343 1.522956
1343 1344 7.290125
1344 1345 1.253142
1344 1346 1.468921
1343 1347 0.8880030000000001
1347 1348 6.685831
1347 1349 8.309394000000001
1338 1350 1.958778
1350 1351 9.312937
1350 1352 3.4616569999999998
1352 1353 8.569016999999999
1352 1354 8.479693000000001
1337 1355 1.6862640000000002
1355 1356 3.3248100000000003
1356 1357 13.718739
1356 1358 9.562063
1358 1359 0.566748
1358 1360 0.531629
1355 1361 15.837081999999999
1334 1362 3.548226
1362 1363 13.208352000000001
1362 1364 13.534723000000001
1333 1365 0.11907899999999999
1365 1366 0.11143299999999999
1366 1367 0.21717
1367 1368 1.946776
1368 1369 6.448207999999999
1369 1370 1.5215029999999998
1370 1371 10.762547999999999
1370 1372 8.673938
1369 1373 10.441248
1368 1374 4.881781999999999
1374 1375 12.628876
1374 1376 11.630914
1367 1377 3.060089
1377 1378 6.435191
1378 1379 12.854966000000001
1378 1380 10.831757999999999
1377 1381 17.012756
1366 1382 0.18765500000000002
1382 1383 0.20713900000000002
1383 1384 1.642807
1384 1385 19.186647
1384 1386 2.231691
1386 1387 13.332525
1386 1388 3.943025
1388 1389 1.2743769999999999
1389 1390 10.602494
1389 1391 11.651565999999999
1388 1392 14.532691
1383 1393 0.21150000000000002
1393 1394 0.27772399999999997
1394 1395 0.141814
1395 1396 0.379751
1396 1397 0.191953
1397 1398 0.055144000000000006
1398 1399 0.408191
1399 1400 3.640049
1400 1401 19.248443
1400 1402 19.194728
1399 1403 11.441452
1403 1404 6.989853999999999
1404 1405 4.649913
1404 1406 0.598714
1406 1407 3.0914170000000003
1407 1408 1.102066
1407 1409 1.0946859999999998
1406 1410 2.230335
1410 1411 3.568154
1411 1412 0.6010749999999999
1411 1413 0.6883239999999999
1410 1414 2.246078
1414 1415 0.572034
1414 1416 0.430832
1416 1417 0.23071099999999997
1416 1418 0.103577
1403 1419 4.6578219999999995
1419 1420 7.005814000000001
1419 1421 1.399152
1421 1422 5.840873
1421 1423 5.501056
1423 1424 4.215381
1423 1425 3.043454
1398 1426 0.991642
1426 1427 0.744115
1427 1428 4.460831
1428 1429 9.669719
1429 1430 9.785912
1429 1431 8.790975
1428 1432 22.039928
1427 1433 25.446045
1426 1434 1.010899
1434 1435 24.458786
1434 1436 23.296705
1397 1437 1.817021
1437 1438 24.007389
1437 1439 20.691752
1396 1440 0.45146400000000003
1440 1441 3.488384
1441 1442 19.048707
1441 1443 17.340977
1440 1444 1.6095149999999998
1444 1445 22.694492
1444 1446 23.67609
1395 1447 0.332116
1447 1448 11.221381
1448 1449 9.701783
1448 1450 9.113881
1447 1451 20.75092
1394 1452 0.331465
1452 1453 21.195524
1452 1454 2.264361
1454 1455 2.406433
1455 1456 15.892641
1455 1457 16.628849000000002
1454 1458 18.009038999999998
1393 1459 0.204009
1459 1460 0.34884400000000004
1460 1461 0.131525
1461 1462 0.9720420000000001
1462 1463 17.061515
1462 1464 15.889774000000001
1461 1465 17.509334
1460 1466 0.438556
1466 1467 18.264014
1466 1468 0.671038
1468 1469 17.914818
1468 1470 18.331601
1459 1471 0.5689569999999999
1471 1472 19.468431
1471 1473 19.213518
1382 1474 0.309899
1474 1475 0.409013
1475 1476 17.88559
1475 1477 18.408584
1474 1478 1.2042270000000002
1478 1479 0.8203729999999999
1479 1480 6.784134
1480 1481 6.389384
1481 1482 8.567575
1481 1483 6.714182
1480 1484 13.142612000000002
1479 1485 0.862714
1485 1486 18.397468
1485 1487 16.511796
1478 1488 16.14775
1365 1489 2.703713
1489 1490 6.946307999999999
1490 1491 10.207816
1490 1492 14.481774
1489 1493 3.906128
1493 1494 9.007605
1493 1495 11.145213
1332 1496 0.028791
1496 1497 0.457878
1497 1498 17.272361
1497 1499 15.344640000000002
1496 1500 3.7804219999999997
1500 1501 3.272154
1501 1502 10.995198
1501 1503 8.584554
1500 1504 12.606547
1305 1505 1.158064
1505 1506 14.700042
1505 1507 1.178659
1507 1508 15.106622999999999
1507 1509 12.973605999999998
1304 1510 15.009986
1297 1511 0.090673
1511 1512 3.6871880000000004
1512 1513 9.803686
1512 1514 10.444643000000001
1511 1515 0.151666
1515 1516 0.958935
1516 1517 2.368325
1517 1518 9.733037
1517 1519 11.279379
1516 1520 12.72241
1515 1521 0.111923
1521 1522 0.31687
1522 1523 0.133324
1523 1524 0.19695899999999997
1524 1525 0.18334499999999998
1525 1526 0.20109400000000002
1526 1527 0.147188
1527 1528 0.677023
1528 1529 15.819586999999999
1528 1530 0.34564700000000004
1530 1531 4.886769
1531 1532 11.265287
1531 1533 11.370816
1530 1534 2.276555
1534 1535 14.965547
1534 1536 14.738368
1527 1537 0.024945000000000002
1537 1538 0.081718
1538 1539 0.8147099999999999
1539 1540 15.738138
1539 1541 18.454794
1538 1542 0.637356
1542 1543 0.142817
1543 1544 0.288154
1544 1545 17.365536000000002
1544 1546 18.976394
1543 1547 0.356545
1547 1548 17.668085
1547 1549 3.702498
1549 1550 15.899527999999998
1549 1551 17.099517
1542 1552 1.9315630000000001
1552 1553 15.922489
1552 1554 17.219822
1537 1555 16.417804999999998
1526 1556 0.164461
1556 1557 0.126507
1557 1558 0.087634
1558 1559 14.359860999999999
1558 1560 0.25331899999999996
1560 1561 14.252081
1560 1562 14.735503
1557 1563 0.058345999999999995
1563 1564 0.235119
1564 1565 9.431285
1565 1566 4.931705
1565 1567 5.192459
1564 1568 0.49216499999999996
1568 1569 4.578155
1569 1570 12.898266999999999
1569 1571 11.695811
1568 1572 0.090889
1572 1573 10.869628
1573 1574 5.3110159999999995
1573 1575 4.813148
1575 1576 1.5633500000000002
1575 1577 1.588513
1572 1578 0.310928
1578 1579 0.22128
1579 1580 0.428993
1580 1581 17.809131999999998
1580 1582 0.477193
1582 1583 0.698834
1583 1584 23.586368999999998
1583 1585 0.839072
1585 1586 0.727896
1586 1587 17.514257999999998
1586 1588 1.949089
1588 1589 14.130448000000001
1588 1590 1.4378419999999998
1590 1591 1.645586
1591 1592 5.762024
1592 1593 10.859273
1592 1594 11.633562999999999
1591 1595 11.811997
1590 1596 12.215444999999999
1585 1597 16.616302
1582 1598 0.242507
1598 1599 3.791878
1599 1600 21.493977
1599 1601 1.213759
1601 1602 3.2658329999999998
1602 1603 10.547366
1602 1604 1.4153850000000001
1604 1605 8.220215999999999
1604 1606 11.025248
1601 1607 16.493002
1598 1608 1.176559
1608 1609 0.566832
1609 1610 21.228949
1609 1611 23.756724000000002
1608 1612 0.773306
1612 1613 26.074865000000003
1612 1614 4.3931379999999995
1614 1615 19.063324
1614 1616 15.177363
1616 1617 1.479994
1616 1618 1.33758
1579 1619 16.726608000000002
1578 1620 0.5415490000000001
1620 1621 0.999714
1621 1622 22.496890999999998
1621 1623 28.744751
1620 1624 18.902387
1624 1625 0.6154299999999999
1624 1626 0.626213
1563 1627 0.684773
1627 1628 16.364124
1627 1629 16.587165000000002
1556 1630 0.21285800000000002
1630 1631 0.6118389999999999
1631 1632 17.674653000000003
1631 1633 14.70357
1630 1634 0.21194400000000002
1634 1635 0.44578300000000004
1635 1636 0.943371
1636 1637 13.510367
1636 1638 15.142928
1635 1639 8.094355
1639 1640 7.9961459999999995
1639 1641 8.622765000000001
1634 1642 0.401877
1642 1643 15.747247999999999
1642 1644 15.246065999999999
1525 1645 0.25179999999999997
1645 1646 14.193565999999999
1645 1647 0.109203
1647 1648 15.407913
1647 1649 15.728668
1524 1650 0.720068
1650 1651 13.699810000000001
1650 1652 6.1187190000000005
1652 1653 7.799471
1652 1654 11.016193000000001
1523 1655 0.158372
1655 1656 0.31357999999999997
1656 1657 0.250079
1657 1658 13.956878
1657 1659 15.412749
1656 1660 0.47819300000000003
1660 1661 13.995085
1660 1662 14.801476
1655 1663 0.188859
1663 1664 15.247695
1663 1665 0.147567
1665 1666 0.234695
1666 1667 13.844407
1666 1668 1.5653199999999998
1668 1669 0.746559
1669 1670 13.713235
1669 1671 0.9954559999999999
1671 1672 0.9718249999999999
1672 1673 9.615551
1672 1674 10.250732999999999
1671 1675 0.9383940000000001
1675 1676 10.914646
1675 1677 2.110665
1677 1678 2.114552
1678 1679 6.961825000000001
1678 1680 11.280773
1677 1681 6.958991
1668 1682 3.383544
1682 1683 9.766548
1682 1684 10.051981
1665 1685 0.019955999999999998
1685 1686 0.228591
1686 1687 0.157704
1687 1688 0.09001200000000001
1688 1689 0.160097
1689 1690 0.44511000000000006
1690 1691 15.384713
1690 1692 17.757597999999998
1689 1693 0.10072
1693 1694 0.209681
1694 1695 15.271272
1694 1696 0.284333
1696 1697 0.060124
1697 1698 0.28661
1698 1699 14.110461999999998
1698 1700 14.017522
1697 1701 13.299828
1696 1702 0.138359
1702 1703 0.292929
1703 1704 13.050265
1703 1705 14.600165
1702 1706 0.17268699999999998
1706 1707 13.545724
1706 1708 0.542146
1708 1709 15.028104
1708 1710 15.010100000000001
1693 1711 0.766321
1711 1712 17.178861
1711 1713 13.814452999999999
1688 1714 0.512024
1714 1715 16.892345
1714 1716 17.109565
1687 1717 0.273609
1717 1718 17.308162
1717 1719 0.277145
1719 1720 0.324676
1720 1721 0.40164099999999997
1721 1722 17.805391
1721 1723 0.32453400000000004
1723 1724 0.405628
1724 1725 0.196558
1725 1726 0.11495699999999999
1726 1727 0.504521
1727 1728 20.130291
1727 1729 17.978592
1726 1730 18.693187
1725 1731 17.912740999999997
1724 1732 18.642984000000002
1723 1733 0.279365
1733 1734 18.808925000000002
1733 1735 21.305689
1720 1736 0.160617
1736 1737 0.549854
1737 1738 24.892014
1737 1739 17.801396
1736 1740 0.121708
1740 1741 0.531949
1741 1742 18.649083
1741 1743 0.7396469999999999
1743 1744 22.15482
1743 1745 17.912038
1740 1746 0.39182100000000003
1746 1747 0.505509
1747 1748 18.393794999999997
1747 1749 24.872681
1746 1750 0.524219
1750 1751 18.684676
1750 1752 0.119049
1752 1753 1.140221
1753 1754 23.282076
1753 1755 18.312958
1752 1756 26.175921000000002
1719 1757 0.14615699999999998
1757 1758 1.287339
1758 1759 16.462027000000003
1758 1760 16.775796
1757 1761 0.407981
1761 1762 14.819341999999999
1761 1763 15.648662
1686 1764 14.547421
1685 1765 14.165491999999999
1522 1766 0.26203899999999997
1766 1767 0.5484239999999999
1767 1768 13.749942
1767 1769 14.282532
1766 1770 12.96638
1521 1771 0.601093
1771 1772 0.426745
1772 1773 11.993011000000001
1772 1774 14.988842
1771 1775 12.443361
1296 1776 0.355154
1776 1777 14.761146
1776 1778 1.857765
1778 1779 13.869774000000001
1778 1780 12.968813
1293 1781 2.134629
1781 1782 3.260625
1782 1783 7.750754
1782 1784 8.10407
1781 1785 11.758477000000001
1292 1786 1.1102910000000001
1786 1787 12.168414
1786 1788 12.664441000000002
1291 1789 3.726779
1789 1790 9.176368
1789 1791 9.448274
1284 1792 0.862045
1792 1793 0.454991
1793 1794 11.325180999999999
1793 1795 10.59459
1792 1796 1.383596
1796 1797 11.686069999999999
1796 1798 10.281456
1283 1799 0.075846
1799 1800 0.149899
1800 1801 0.194495
1801 1802 11.710621
1801 1803 11.594059
1800 1804 0.071891
1804 1805 11.957468
1804 1806 0.226152
1806 1807 0.172432
1807 1808 11.284238
1807 1809 11.82942
1806 1810 2.048199
1810 1811 2.916229
1811 1812 1.515175
1812 1813 4.338319
1812 1814 4.162158
1811 1815 6.579381
1810 1816 10.085203
1799 1817 0.21165099999999998
1817 1818 0.155319
1818 1819 13.429318000000002
1818 1820 0.300386
1820 1821 10.798835
1820 1822 10.834403
1817 1823 0.072919
1823 1824 0.038136
1824 1825 0.334075
1825 1826 10.477608
1825 1827 10.821341
1824 1828 0.717665
1828 1829 10.762169
1828 1830 0.551405
1830 1831 9.500959
1830 1832 0.279963
1832 1833 9.326386000000001
1832 1834 0.448567
1834 1835 2.250181
1835 1836 2.967864
1836 1837 4.702929
1836 1838 5.946546
1835 1839 10.188774
1834 1840 0.883773
1840 1841 9.944066999999999
1840 1842 8.20302
1823 1843 0.36414799999999997
1843 1844 1.212943
1844 1845 10.234029999999999
1844 1846 0.940755
1846 1847 8.961222000000001
1846 1848 10.523018
1843 1849 12.946559999999998
1260 1850 0.08024300000000001
1850 1851 0.22157600000000002
1851 1852 4.862893
1852 1853 8.637768
1852 1854 2.226607
1854 1855 4.500851
1854 1856 6.435156999999999
1851 1857 12.615617
1850 1858 0.123159
1858 1859 0.450111
1859 1860 12.433577
1859 1861 12.542544999999999
1858 1862 12.849794000000001
1117 1863 0.144826
1863 1864 0.677219
1864 1865 10.834338
1864 1866 10.894411
1863 1867 12.001864
24 1868 1.4703330000000001
1868 1869 1.867146
1869 1870 9.374971
1869 1871 8.485583
1868 1872 10.644793
11 1873 0.111765
1873 1874 12.025906
1873 1875 11.374285
4 1876 0.249357
1876 1877 0.149522
1877 1878 0.139755
1878 1879 0.049571000000000004
1879 1880 2.773352
1880 1881 2.0557160000000003
1881 1882 6.95219
1881 1883 9.571209999999999
1880 1884 3.925659
1884 1885 5.492777
1884 1886 5.87303
1879 1887 0.035268
1887 1888 12.832677
1887 1889 4.789099
1889 1890 7.1218770000000005
1889 1891 7.777837
1878 1892 0.089218
1892 1893 0.317928
1893 1894 13.756879999999999
1893 1895 13.129462
1892 1896 1.389331
1896 1897 10.654541
1896 1898 3.2184289999999995
1898 1899 8.40713
1898 1900 10.9816
1877 1901 0.07701
1901 1902 0.33005500000000004
1902 1903 1.5928810000000002
1903 1904 12.056038
1903 1905 14.066216
1902 1906 1.391838
1906 1907 11.828272
1906 1908 12.001718
1901 1909 2.502443
1909 1910 12.023453
1909 1911 4.189536
1911 1912 7.409974
1911 1913 8.635871999999999
1876 1914 0.119251
1914 1915 0.137969
1915 1916 14.058122000000001
1916 1917 0.094845
1916 1918 0.096177
1915 1919 0.289418
1919 1920 14.297170000000001
1919 1921 0.554788
1921 1922 6.900887
1922 1923 7.8923179999999995
1922 1924 8.583327
1921 1925 17.120125
1914 1926 0.21403
1926 1927 0.210266
1927 1928 0.178626
1928 1929 0.09621099999999999
1929 1930 0.23621599999999998
1930 1931 0.195048
1931 1932 0.370435
1932 1933 14.078376
1932 1934 14.001853
1931 1935 2.984388
1935 1936 10.646089
1935 1937 10.461839000000001
1930 1938 0.32877
1938 1939 0.230913
1939 1940 14.958991999999999
1939 1941 21.14416
1938 1942 0.246642
1942 1943 0.5781620000000001
1943 1944 18.901187
1943 1945 14.909701
1942 1946 16.160137
1929 1947 0.294318
1947 1948 1.4608329999999998
1948 1949 3.7078960000000003
1949 1950 7.563976
1949 1951 7.383493
1948 1952 1.772047
1952 1953 9.020838000000001
1952 1954 9.365026
1947 1955 2.361098
1955 1956 4.106896
1956 1957 7.746981999999999
1957 1958 0.14504999999999998
1957 1959 0.18923900000000002
1956 1960 6.8900760000000005
1960 1961 0.277119
1960 1962 0.295947
1955 1963 3.450411
1963 1964 8.227568
1963 1965 7.675011
1928 1966 0.22679100000000002
1966 1967 0.225311
1967 1968 14.300984999999999
1967 1969 12.394335
1966 1970 0.932759
1970 1971 0.688207
1971 1972 13.517684
1971 1973 2.528162
1973 1974 10.211191999999999
1973 1975 9.177538
1970 1976 14.59355
1927 1977 3.587948
1977 1978 9.822686
1977 1979 10.425642
1926 1980 14.742426
3 1981 0.816481
1981 1982 2.841414
1982 1983 9.072289999999999
1982 1984 12.035638
1981 1985 1.0864749999999999
1985 1986 9.148774
1985 1987 10.956288
2 1988 0.719221
1988 1989 0.46087999999999996
1989 1990 0.097014
1990 1991 0.468286
1991 1992 10.651083
1991 1993 11.793998
1990 1994 12.545086
1989 1995 13.453607000000002
1988 1996 12.080905999999999
1 1997 11.400179000000001
1 1998 12.286545
