21976 7
11833 9
7981 10
30717 15
15383 17
33994 18
29738 20
10655 22
26976 23
25955 35
23084 36
39414 39
20076 42
35940 43
26812 45
20612 47
39738 49
5430 50
3344 51
12434 53
16200 56
1145 57
31177 59
18755 60
24 66
5444 67
40113 76
32090 78
23820 79
8124 84
14844 85
36250 89
37614 90
23235 91
40457 95
16532 96
23829 97
17917 101
39535 102
17655 105
19228 109
5886 110
10955 112
22846 113
7083 117
37016 118
6492 120
4484 123
35999 124
42357 125
5745 128
23042 130
14371 131
11413 136
38963 137
31133 138
29119 144
39701 145
17482 146
6576 147
3299 148
18132 149
4013 151
16095 152
659 153
10846 154
3230 158
38148 160
21410 161
32962 163
13904 164
34210 167
9945 168
43114 170
15075 172
23607 173
33673 176
12700 178
17957 180
23995 181
4467 182
36171 183
3395 186
43659 187
44333 189
43248 191
41282 193
6895 197
5996 198
20628 199
18575 202
15656 203
11662 204
40695 207
41044 208
23714 210
30055 211
28559 214
12583 215
12457 220
9377 221
31768 226
9875 227
17098 228
7673 229
3749 232
27145 233
10280 235
12905 236
15841 241
32186 244
18238 245
38711 246
1165 248
6155 249
39981 251
10568 261
22999 262
18744 266
27525 267
33259 268
36132 272
38780 273
27949 275
21617 276
27141 280
12346 281
3512 283
11017 284
1400 285
18004 290
18277 293
15022 294
2400 298
683 299
34079 302
43717 304
1765 305
30652 308
27250 309
40081 310
17620 311
24942 316
28116 318
17909 322
29754 323
24829 325
12651 326
26184 327
24897 330
42484 331
35034 332
39250 335
23713 337
22749 338
32473 340
5013 342
43326 343
30323 346
35249 347
41430 350
16323 351
17809 352
25976 353
9767 354
23746 358
3016 360
28512 362
18486 364
28460 365
7283 369
9926 370
39908 371
23160 375
1665 378
23168 380
9809 382
43595 383
24822 384
15528 386
40658 387
4923 388
26295 391
33262 392
29593 394
17293 395
11215 396
5070 398
17819 399
2657 402
11664 403
29186 407
4833 408
42584 409
5211 411
42895 412
9366 417
23296 418
34189 422
32577 423
43737 427
2788 428
4820 430
4293 432
22518 433
16950 436
23005 438
27081 439
25383 440
24718 442
21541 445
21621 446
36825 448
7224 449
30028 452
41215 453
4872 455
7187 457
32173 458
8280 460
33850 462
34993 463
26366 466
30663 468
20033 470
19658 471
2396 475
25273 476
31532 481
36552 482
4102 483
15733 487
43498 489
24469 490
22233 494
14006 495
5551 496
39412 499
8643 501
28745 503
24651 504
11726 507
34511 512
36245 513
37209 516
43111 519
34191 520
12985 521
21342 522
10279 532
34512 533
3730 536
43455 537
21438 538
27509 539
14597 548
24448 550
22520 551
954 554
8161 556
7458 557
34760 558
12122 566
9406 568
37610 569
34230 575
40169 576
28078 577
43462 579
13473 580
8837 583
21321 585
12553 590
18572 591
42232 595
44021 596
43293 597
42184 599
5138 601
7838 605
3281 608
16641 609
36846 610
30333 611
9770 616
39719 618
29614 621
2495 622
22756 624
33155 625
19717 628
11735 630
7405 631
24664 633
15280 634
1721 635
12203 639
41090 641
33955 642
21379 643
39969 646
42529 647
16381 648
12726 649
8166 650
9413 652
32323 653
6784 656
34608 657
21657 658
32125 661
8056 662
37946 664
10077 666
19759 667
3155 668
15946 671
24420 672
27461 673
32750 674
26962 675
16981 677
37643 678
22251 680
10826 681
38928 683
8001 684
38358 690
23311 692
17712 693
16275 697
38533 700
6202 701
20241 703
23003 705
13818 707
5443 708
10009 710
43790 711
33787 712
11112 715
34302 717
25870 721
13623 722
13394 723
22084 725
30112 726
15531 729
40295 730
8018 732
23345 733
11266 736
21304 738
19863 739
25896 742
38960 744
19776 745
11272 746
12190 747
21176 749
8184 750
12542 753
1842 755
30838 760
5047 763
30853 764
35770 766
35951 767
25706 768
43115 770
28556 772
22761 774
8602 775
41542 777
43019 778
30603 779
212 780
42478 782
25826 783
9389 787
13578 788
16489 790
25847 791
35192 792
12848 795
15634 796
29148 799
8599 800
26844 801
11378 804
9455 805
33794 806
40564 808
19459 809
14278 811
24786 812
28917 813
41665 814
31476 815
14282 817
26339 819
24668 820
34624 822
20542 823
39400 824
33161 827
2177 829
41117 830
38233 831
34599 834
11609 835
30915 836
36853 839
13371 840
20668 846
25450 847
7935 848
36677 855
7537 857
26685 858
2807 863
7349 866
15361 868
23268 869
38194 872
8748 873
36582 874
36051 877
10332 878
39303 882
14615 883
33802 884
35326 887
27686 888
570 889
16792 892
37502 893
39203 895
21592 896
39462 899
23483 900
43030 902
43708 903
18288 906
33277 910
25434 911
32548 913
34358 914
19622 915
21047 918
35258 921
4056 922
4949 923
18067 925
34887 928
36432 929
8090 932
3383 933
14009 935
4065 939
30894 940
30541 941
40576 942
16160 944
44154 945
3470 946
31557 949
28684 953
33983 954
32350 958
21453 960
16897 961
11710 964
23008 965
43121 966
17612 968
35832 970
14953 971
27912 976
41302 977
31677 978
33299 980
34479 981
36654 984
10470 985
38227 989
3372 992
39974 993
11591 994
27613 995
18242 998
14800 999
2924 1001
30177 1002
37415 1005
22546 1006
16623 1007
37564 1011
26508 1012
25516 1013
4964 1014
33481 1016
36551 1017
34108 1022
9722 1023
11024 1025
2134 1029
22549 1030
39176 1033
15069 1036
21279 1038
50 1039
12400 1041
7999 1042
39984 1043
10779 1046
10250 1047
7210 1048
11529 1051
20303 1052
19927 1054
42688 1055
38482 1057
33661 1058
30782 1062
26715 1063
20557 1065
20217 1068
26261 1072
42691 1073
2330 1075
44071 1076
16810 1077
25692 1079
33382 1081
21346 1082
41185 1083
1694 1086
13608 1087
41863 1088
21642 1090
23725 1093
5805 1094
12300 1097
44247 1098
37319 1099
22331 1101
43221 1105
27114 1107
38470 1108
5049 1111
14091 1112
34042 1114
8569 1115
43066 1116
40047 1120
40720 1127
10746 1128
30741 1130
18980 1131
27526 1134
27998 1136
15458 1138
7025 1139
8792 1143
22701 1146
26409 1147
1506 1148
28308 1151
14486 1152
1218 1154
27864 1156
1578 1158
36784 1159
34733 1163
8362 1165
19975 1166
5816 1168
14684 1169
18455 1173
27623 1174
9342 1175
4700 1177
30282 1179
1668 1180
8437 1185
29732 1186
32404 1187
40157 1189
22732 1190
16519 1196
39216 1197
3769 1199
22497 1200
7264 1201
31631 1202
25262 1204
10665 1205
37125 1210
31379 1211
17967 1212
7791 1216
29261 1217
187 1218
30659 1221
2271 1222
2486 1223
1787 1226
7634 1227
40218 1228
35009 1230
20999 1232
21099 1233
15562 1236
33747 1237
33510 1244
37822 1246
30871 1247
32789 1248
41642 1249
4947 1252
29824 1254
6184 1255
38566 1257
23715 1258
26050 1259
8261 1267
2194 1268
42621 1269
36916 1270
29470 1271
26253 1275
21007 1276
41366 1277
24362 1280
24628 1281
41910 1282
18143 1287
27302 1289
31009 1290
14521 1295
16966 1301
12444 1302
36569 1303
42875 1309
23955 1310
22011 1312
38029 1316
2594 1317
42959 1321
7277 1322
11813 1323
22421 1324
28226 1326
8858 1328
8194 1330
33805 1331
30589 1336
42367 1341
26734 1342
24679 1345
11707 1346
40634 1348
3014 1349
34817 1351
3468 1353
22997 1354
4682 1357
27761 1359
20456 1360
28182 1361
7229 1363
15802 1364
41684 1371
41043 1372
37821 1373
30671 1375
14961 1376
6740 1379
24418 1380
34922 1381
42743 1385
11534 1387
34971 1390
12714 1391
20506 1392
18994 1401
8787 1402
29236 1405
7623 1408
31907 1409
37787 1412
8153 1413
9940 1415
22995 1417
16203 1418
23319 1420
11829 1422
30157 1424
13054 1425
7542 1430
6860 1431
829 1432
2337 1433
43327 1435
42858 1436
2107 1438
30765 1439
22461 1442
38409 1443
28273 1445
14320 1446
29301 1449
32022 1450
24333 1451
26376 1453
28605 1456
40841 1457
39628 1458
42731 1463
1235 1464
35767 1465
42070 1467
41025 1469
22166 1470
17453 1472
15334 1473
322 1476
37031 1477
14487 1482
37666 1483
15009 1484
9069 1486
40883 1487
30742 1488
24780 1491
12291 1492
37794 1494
33076 1495
16549 1498
5435 1499
40487 1502
3850 1503
43031 1504
42605 1506
42812 1508
30067 1509
25494 1510
27756 1513
22049 1514
17391 1518
22464 1519
13919 1520
16566 1529
7167 1532
7670 1533
11551 1535
38932 1536
20173 1540
37775 1541
262 1545
11557 1546
10029 1548
30456 1550
8311 1551
18622 1553
17933 1554
794 1555
7654 1559
19183 1561
29472 1562
21200 1566
41086 1567
42526 1570
41956 1571
41201 1574
10521 1576
34469 1577
24934 1581
4819 1584
10048 1587
31856 1589
16980 1593
17152 1594
32453 1595
26671 1596
15342 1597
38146 1600
5063 1603
25357 1605
5036 1606
43442 1607
32490 1610
18656 1611
23036 1613
35243 1615
13637 1617
35855 1618
35637 1619
4172 1622
23779 1623
2379 1625
33018 1626
23573 1628
29034 1629
34143 1632
3881 1633
6125 1637
3633 1638
36447 1640
37668 1641
35984 1643
34988 1644
41363 1646
28732 1648
24577 1649
14112 1651
6085 1653
11379 1654
40749 1658
6553 1659
18428 1661
9000 1662
17196 1664
29340 1667
10166 1670
9844 1673
38215 1674
42015 1676
41057 1679
22131 1680
10577 1681
10727 1683
20809 1684
35688 1691
28769 1692
1566 1695
2711 1699
19651 1700
3403 1701
32762 1704
15400 1705
42888 1707
34131 1709
24478 1710
40781 1712
26251 1713
8663 1715
654 1716
9196 1718
35228 1722
5309 1728
18490 1729
7038 1730
19637 1731
30078 1732
40530 1734
29983 1735
35685 1738
21987 1739
5446 1742
19362 1744
271 1745
6061 1748
18686 1749
15028 1751
41809 1754
28568 1755
379 1756
20810 1759
37375 1760
14557 1762
16031 1763
43501 1764
40783 1765
41456 1768
5599 1769
3952 1770
5372 1773
38735 1774
35964 1775
40588 1777
43805 1779
17440 1780
11078 1783
10581 1784
31615 1785
8156 1787
39741 1788
34279 1790
7796 1791
38137 1794
23394 1795
43428 1797
38755 1798
18550 1802
1604 1803
18628 1805
19535 1808
32429 1809
7247 1813
20355 1814
32678 1815
33561 1816
32239 1819
12108 1821
6863 1822
23846 1826
32609 1827
11003 1829
25585 1831
5094 1833
44014 1837
14124 1838
33048 1839
23422 1841
13319 1842
14973 1845
31525 1847
1166 1848
4131 1849
9638 1853
4620 1855
13103 1856
20919 1857
10030 1860
23367 1861
31146 1862
8096 1865
5161 1866
35305 1867
14275 1870
29017 1871
411 1872
39356 1874
11708 1875
7647 1882
31750 1883
20030 1885
15963 1886
4991 1888
17005 1890
9034 1891
2793 1894
38933 1895
33712 1897
43835 1899
34640 1900
23219 1904
36900 1905
12763 1907
33323 1908
22883 1910
13435 1912
2574 1913
38627 1917
17831 1918
2794 1920
30952 1923
40832 1924
10129 1925
12922 1933
27021 1934
13653 1936
32430 1937
11451 1940
5348 1941
36969 1944
26964 1945
44427 1946
13114 1950
8030 1951
33034 1953
84 1954
31712 1958
25607 1959
12429 1961
23517 1962
31346 1964
23061 1965
20660 1968
34661 1969
36520 1972
39276 1974
17200 1975
22996 1976
1973 1978
24260 1979
3015 1980
35629 1983
29676 1984
194 1986
15410 1987
13945 1992
23547 1993
34743 1994
3745 1995
31999 1996
34652 1997
33328 1998
