1 2 0.230685
2 3 0.10608900000000002
3 4 0.44958000000000004
4 5 0.039316
5 6 0.036218999999999994
6 7 0.39729400000000004
7 8 0.101393
8 9 3.2155379999999996
9 10 8.162804999999999
9 11 9.159367999999999
8 12 0.49254800000000004
12 13 14.207383000000002
12 14 1.59217
14 15 2.534478
15 16 7.905474
15 17 8.429126
14 18 1.687858
18 19 7.257416
18 20 7.654763000000001
7 21 11.757456
6 22 0.185864
22 23 0.8956580000000001
23 24 1
24 25 0.5599729999999999
25 26 0.548063
26 27 2.363327
27 28 0.8366629999999999
28 29 39.554783
29 30 9.175074
29 31 1.299334
31 32 0.7309279999999999
32 33 4.087775
33 34 0.616571
33 35 0.501737
32 36 3.771876
36 37 0.15427
36 38 0.144366
31 39 2.00042
39 40 4.11305
40 41 0.269099
40 42 0.159245
42 43 0.232268
42 44 0.109177
39 45 1.719304
45 46 0.501372
45 47 0.21840900000000002
47 48 0.051938
48 49 0.106904
48 50 0.106226
47 51 0.033624
51 52 0.131444
51 53 0.12442099999999999
28 54 1.5757409999999998
54 55 24.853827
54 56 1.6658039999999998
56 57 23.407472
56 58 39.267952
27 59 2.703301
59 60 1.436877
60 61 16.056911
60 62 42.873109
59 63 14.779155999999999
26 64 15.124926
25 65 12.250258
24 66 14.255543000000001
23 67 0.080233
67 68 0.9936419999999999
68 69 0.474549
69 70 6.8931119999999995
70 71 6.300968999999999
70 72 5.441701
69 73 11.604098
68 74 12.750854
67 75 11.971646
22 76 1
76 77 4.619064
77 78 7.574051
77 79 9.455919999999999
76 80 2.599311
80 81 10.256377
80 82 6.093138
82 83 2.367362
83 84 4.251029
83 85 3.991764
82 86 6.706518
5 87 0.177925
87 88 0.08521200000000001
88 89 10.178433
89 90 1.9967019999999998
89 91 2.399829
88 92 12.06151
87 93 0.189276
93 94 0.44493600000000005
94 95 0.18278999999999998
95 96 11.176356
95 97 11.603032
94 98 11.690189
93 99 1
99 100 0.236513
100 101 0.015709
101 102 1
102 103 0.21200400000000003
103 104 0.059517
104 105 0.09405000000000001
105 106 0.109679
106 107 0.291696
107 108 0.483744
108 109 0.239041
109 110 0.335141
110 111 11.80091
110 112 13.333157000000002
109 113 12.33205
108 114 12.609427
107 115 0.07900599999999999
115 116 0.106412
116 117 0.21419999999999997
117 118 0.730685
118 119 1.080092
119 120 8.521552999999999
119 121 4.327401
121 122 5.19499
121 123 5.286824999999999
118 124 9.546657999999999
117 125 11.395361
116 126 10.545424
115 127 0.090308
127 128 0.088958
128 129 10.20767
128 130 10.614081
127 131 0.309207
131 132 0.09535
132 133 10.544902
132 134 12.170345000000001
131 135 11.173226
106 136 0.038584999999999994
136 137 0.051097000000000004
137 138 0.11424199999999998
138 139 0.177756
139 140 0.294165
140 141 0.9353429999999999
141 142 3.04751
142 143 8.495443
142 144 8.592851
141 145 0.495357
145 146 1.240259
146 147 2.264358
147 148 7.029588
147 149 7.212135
146 150 9.718485000000001
145 151 1.021394
151 152 4.359249
152 153 4.911285
152 154 4.848112
151 155 10.539358
140 156 2.791205
156 157 9.33973
156 158 9.345622
139 159 0.479919
159 160 0.301213
160 161 3.692844
161 162 7.2785660000000005
161 163 7.074354
160 164 1.9649159999999999
164 165 7.75981
164 166 9.095539
159 167 0.55851
167 168 1
168 169 1.397556
169 170 0.112401
170 171 1.237395
171 172 6.039805
171 173 6.1295839999999995
170 174 1.07732
174 175 1.292737
175 176 5.304691
175 177 4.918026
174 178 0.8743799999999999
178 179 3.247655
179 180 2.565351
179 181 3.288646
178 182 6.1341600000000005
169 183 3.821103
183 184 2.4931330000000003
184 185 2.30508
184 186 2.323799
183 187 5.52568
168 188 1.343547
188 189 2.530265
189 190 4.924923
189 191 5.712938
188 192 2.233422
192 193 5.023063
192 194 5.251376
167 195 2.0066919999999997
195 196 0.6221990000000001
196 197 3.565977
197 198 3.5857189999999997
198 199 1.378585
198 200 1.420019
197 201 3.663997
201 202 2.042749
201 203 2.030226
196 204 0.968512
204 205 9.063983
204 206 2.9676419999999997
206 207 2.362908
207 208 2.283391
207 209 2.11314
206 210 4.892671
195 211 1.033905
211 212 0.113108
212 213 2.05902
213 214 4.385489
213 215 4.914474
212 216 4.686846
216 217 3.603459
216 218 4.14309
211 219 0.548538
219 220 1.19449
220 221 9.292158
220 222 5.507731
219 223 5.644105
138 224 0.05148900000000001
224 225 1.482287
225 226 1.101405
226 227 1.595777
227 228 1.8938199999999998
228 229 5.469897
228 230 0.46015199999999995
230 231 0.459604
231 232 1.136423
232 233 1.014154
233 234 2.3032850000000002
233 235 3.170701
232 236 3.5690069999999996
231 237 4.686914
230 238 4.936445
227 239 7.434643
226 240 9.045921
225 241 12.375594
224 242 0.050455
242 243 4.1265540000000005
243 244 1.997602
244 245 4.996288
244 246 5.071554000000001
243 247 7.939699999999999
242 248 0.050592
248 249 1.132592
249 250 4.787224
250 251 5.579661000000001
250 252 5.7922910000000005
249 253 11.320482
248 254 0.034569
254 255 2.3682760000000003
255 256 9.393245
255 257 2.458145
257 258 6.396886
257 259 6.256481999999999
254 260 1
260 261 0.051218
261 262 2.300191
262 263 9.492859
262 264 8.833831
261 265 0.142816
265 266 1.6149980000000002
266 267 8.697818999999999
266 268 4.274929
268 269 5.653142
268 270 5.7188099999999995
265 271 0.009467
271 272 0.27965799999999996
272 273 11.717321
272 274 0.18604400000000001
274 275 10.984372
274 276 11.411174
271 277 1
277 278 0.142374
278 279 1
279 280 0.122708
280 281 9.021129
281 282 1.526602
281 283 1.587653
280 284 0.027621999999999997
284 285 1.870034
285 286 8.742474999999999
285 287 9.109363
284 288 0.08819500000000001
288 289 0.141988
289 290 1
290 291 1
291 292 0.371024
292 293 9.913540999999999
292 294 10.228514
291 295 0.165226
295 296 0.035923
296 297 0.336558
297 298 1.2704490000000002
298 299 3.582398
299 300 5.042124
299 301 4.871277999999999
298 302 9.491435
297 303 10.389247
296 304 0.123092
304 305 0.253455
305 306 0.13355999999999998
306 307 9.581731
306 308 9.22366
305 309 10.177240999999999
304 310 0.174938
310 311 0.215802
311 312 9.441758
311 313 9.363633
310 314 10.156532
295 315 1
315 316 1
316 317 10.546444000000001
316 318 0.475509
318 319 2.618837
319 320 1.2523039999999999
320 321 3.077842
321 322 3.024043
321 323 1.107016
323 324 2.3056940000000004
323 325 2.1372240000000002
320 326 4.033417
326 327 3.2407600000000003
326 328 0.904805
328 329 2.314979
328 330 2.453808
319 331 1.558413
331 332 0.399785
332 333 2.200382
333 334 3.366068
333 335 3.353067
332 336 5.5227520000000005
331 337 0.16723000000000002
337 338 0.180345
338 339 5.621384
338 340 5.69781
337 341 1.111438
341 342 4.551237
341 343 1.7034580000000001
343 344 2.032396
344 345 1.481065
344 346 0.8254090000000001
343 347 1.3350199999999999
347 348 0.985503
348 349 0.527238
348 350 0.5041570000000001
347 351 1.500104
318 352 0.08950899999999999
352 353 1
353 354 1
354 355 0.304873
355 356 10.078578
355 357 9.818209999999999
354 358 0.27228199999999997
358 359 0.037142
359 360 9.555317
359 361 0.097417
361 362 1
362 363 10.262297
362 364 0.28328400000000004
364 365 0.22753199999999998
365 366 9.245258
365 367 0.12205600000000001
367 368 8.380348999999999
367 369 8.707946
364 370 8.80819
361 371 0.48562400000000006
371 372 9.810642
371 373 9.35633
358 374 0.061368
374 375 0.3131
375 376 9.654633
375 377 3.871191
377 378 3.042479
378 379 2.098133
378 380 2.159484
377 381 5.807586
374 382 1
382 383 2.039922
383 384 8.184582
383 385 8.034927999999999
382 386 0.15368199999999999
386 387 0.39202100000000006
387 388 0.073098
388 389 0.042293000000000004
389 390 0.48891300000000004
390 391 0.254629
391 392 8.843368
391 393 8.303309
390 394 8.729288
389 395 9.383104000000001
388 396 9.277201999999999
387 397 0.194823
397 398 0.053113
398 399 9.419044
398 400 9.20638
397 401 9.409906
386 402 0.180614
402 403 4.785337
403 404 1.173156
404 405 3.820398
404 406 3.4344449999999997
403 407 1.214105
407 408 1.5359
408 409 2.225919
408 410 2.309897
407 411 3.733372
402 412 0.032533
412 413 0.24767499999999998
413 414 1
414 415 0.24349900000000002
415 416 0.202404
416 417 1
417 418 0.376156
418 419 0.13486900000000002
419 420 0.286651
420 421 8.119622
420 422 0.129511
422 423 0.081516
423 424 7.149475
423 425 7.147819
422 426 7.62587
419 427 7.829474
418 428 0.20708200000000002
428 429 8.311066
428 430 8.081166
417 431 0.062051
431 432 9.066933
431 433 8.607818
416 434 0.439158
434 435 0.209603
435 436 8.542392
435 437 9.014598
434 438 8.451836
415 439 0.45741899999999996
439 440 9.283921000000001
439 441 8.627063999999999
414 442 1.43733
442 443 7.56192
442 444 9.584756
413 445 1
445 446 1
446 447 0.379363
447 448 1
448 449 0.321233
449 450 1
450 451 9.987452
450 452 0.532935
452 453 0.157819
453 454 0.085676
454 455 8.352077
454 456 0.06490800000000001
456 457 0.147668
457 458 8.258117
457 459 8.365213
456 460 8.804283
453 461 0.382767
461 462 8.194005
461 463 0.150976
463 464 0.82784
464 465 7.996267
464 466 8.10838
463 467 7.836132
452 468 0.088654
468 469 1
469 470 1.651424
470 471 4.025766
471 472 3.593216
471 473 3.7596079999999996
470 474 8.173451
469 475 0.015805999999999997
475 476 0.11998600000000001
476 477 1
477 478 2.897682
478 479 6.460979999999999
478 480 6.246421
477 481 0.040724
481 482 0.053857
482 483 1.616053
483 484 7.780123
483 485 7.075882999999999
482 486 1
486 487 0.220303
487 488 0.26556399999999997
488 489 1
489 490 0.49437400000000004
490 491 1
491 492 0.41777400000000003
492 493 0.679668
493 494 8.4073
493 495 8.739377
492 496 0.063958
496 497 0.034268
497 498 0.636957
498 499 8.350062
498 500 8.273266999999999
497 501 0.24101299999999998
501 502 1
502 503 0.410036
503 504 1
504 505 0.16561499999999998
505 506 1
506 507 8.509405000000001
506 508 0.43245799999999995
508 509 2.8432619999999997
509 510 1.5549469999999999
510 511 3.399515
510 512 3.513801
509 513 5.160044
508 514 0.029396000000000002
514 515 0.013506
515 516 1
516 517 0.26513600000000004
517 518 0.17801799999999998
518 519 1
519 520 0.9403109999999999
520 521 1
521 522 1.884704
522 523 2.273397
523 524 1.234823
524 525 1.8258010000000002
524 526 1.203241
526 527 0.49466400000000005
526 528 0.49333099999999996
523 529 2.963194
522 530 3.405071
530 531 2.104864
530 532 2.01421
521 533 8.105754
520 534 1
534 535 0.140156
535 536 0.10061600000000001
536 537 0.118271
537 538 0.46881500000000004
538 539 0.256254
539 540 0.424235
540 541 1
541 542 2.065943
542 543 1.9704949999999999
543 544 2.989402
543 545 3.0556300000000003
542 546 5.333223
541 547 1
547 548 7.886667
547 549 0.017935
549 550 0.111886
550 551 0.512356
551 552 0.36830999999999997
552 553 0.059614
553 554 1
554 555 7.102825
554 556 0.48645399999999994
556 557 0.423558
557 558 0.44317799999999996
558 559 2.337808
559 560 3.136936
559 561 3.003875
558 562 5.543464
557 563 1
563 564 0.187804
564 565 0.045627
565 566 0.098072
566 567 0.9380090000000001
567 568 1
568 569 0.188361
569 570 0.5365059999999999
570 571 1
571 572 0.203162
572 573 5.44118
572 574 0.325218
574 575 0.21315499999999998
575 576 5.027223
575 577 0.108984
577 578 4.780016
577 579 4.825807
574 580 1
580 581 0.149771
581 582 0.483761
582 583 0.10366900000000001
583 584 0.31378500000000004
584 585 4.366022
584 586 4.528779
583 587 0.127197
587 588 0.168205
588 589 0.165306
589 590 4.387908
589 591 4.255191
588 592 4.433654
587 593 4.612126
582 594 1
594 595 0.856374
595 596 1
596 597 0.115782
597 598 0.055095000000000005
598 599 0.228085
599 600 0.030543999999999998
600 601 0.010626
601 602 0.08021400000000001
602 603 0.30083699999999997
603 604 1
604 605 0.045427
605 606 0.456569
606 607 1
607 608 0.06697800000000001
608 609 0.039496
609 610 0.34743999999999997
610 611 0.16753600000000002
611 612 1
612 613 0.410738
613 614 0.015246
614 615 0.102982
615 616 0.147653
616 617 0.070065
617 618 1
618 619 0.477584
619 620 1
620 621 0.25093
621 622 1
622 623 0.040857000000000004
623 624 0.166319
624 625 0.016543
625 626 0.232742
626 627 0.38553099999999996
627 628 1
628 629 1
629 630 0.317649
630 631 0.5605749999999999
631 632 1
632 633 0.5746720000000001
633 634 1
634 635 0.42722899999999997
635 636 0.065292
636 637 0.463084
637 638 1
638 639 3.792247
638 640 0.09553400000000001
640 641 0.509737
641 642 0.055071
642 643 1
643 644 0.38638
644 645 1.2092159999999998
644 646 0.304084
646 647 0.288809
647 648 0.020474
648 649 0.734883
648 650 0.207502
650 651 0.059857
651 652 0.071714
652 653 0.364699
652 654 0.129547
654 655 0.306735
654 656 6.460879
651 657 2.496069
650 658 0.47288
647 659 0.6924669999999999
646 660 3.433527
643 661 1.7518639999999999
642 662 0.570605
662 663 0.9404020000000001
662 664 0.9227620000000001
641 665 0.11953300000000001
665 666 1.509263
665 667 1.469476
640 668 2.369815
637 669 0.053052999999999996
669 670 0.20133500000000001
670 671 1.573273
670 672 1.631525
669 673 1.7648359999999998
636 674 2.193768
635 675 2.261604
634 676 3.170571
633 677 0.284375
677 678 2.164121
677 679 2.093497
632 680 2.809594
631 681 0.5198849999999999
681 682 1.8651419999999999
681 683 1.886281
630 684 2.936209
629 685 5.216354
628 686 0.973274
686 687 1.9101949999999999
686 688 2.116721
627 689 0.273849
689 690 1.4161
690 691 1.266035
690 692 1.1741869999999999
689 693 2.578105
626 694 3.170801
625 695 3.344321
624 696 3.469435
623 697 3.522633
622 698 11.163262
621 699 0.07977200000000001
699 700 3.56435
699 701 3.4463229999999996
620 702 3.834598
619 703 0.5543440000000001
703 704 0.6702940000000001
704 705 2.040257
704 706 1.301436
706 707 0.753245
706 708 0.8018859999999999
703 709 2.754044
618 710 0.138258
710 711 3.891819
710 712 3.904149
617 713 1
713 714 0.23499599999999998
714 715 0.769501
715 716 2.723275
715 717 2.750711
714 718 3.4331470000000004
713 719 3.7343189999999997
616 720 0.05420899999999999
720 721 3.527136
720 722 0.18851300000000001
722 723 0.013815
723 724 0.487422
724 725 2.847534
724 726 2.863638
723 727 3.504981
722 728 3.2923090000000004
615 729 3.760628
614 730 3.821475
613 731 3.8221320000000003
612 732 4.252074
611 733 0.209333
733 734 3.7242240000000004
733 735 3.7759090000000004
610 736 0.022836
736 737 4.189413
736 738 3.953765
609 739 4.5088349999999995
608 740 4.431119
607 741 4.759379
606 742 0.42557
742 743 4.262084
742 744 4.030586
605 745 4.669856
604 746 4.867665000000001
603 747 0.09775199999999999
747 748 4.493528
747 749 4.654145
602 750 5.159793
601 751 4.989587
600 752 4.938489
599 753 4.980061
598 754 5.3084180000000005
597 755 5.193107
596 756 5.420154
595 757 0.5002409999999999
757 758 4.854082
757 759 5.213759
594 760 26.634363
581 761 5.51567
580 762 6.3739859999999995
571 763 5.820095
570 764 0.032423
764 765 0.259735
765 766 4.860538
765 767 4.796428
764 768 5.315794
569 769 5.674575
568 770 5.815596
567 771 0.381738
771 772 0.834142
772 773 4.032828
772 774 4.060612
771 775 5.034082
566 776 6.338639
565 777 6.287834
564 778 6.463863
563 779 6.651002999999999
556 780 1
780 781 6.57895
780 782 4.883669
782 783 1.432163
782 784 1.546575
553 785 0.737129
785 786 5.447774
785 787 5.766052
552 788 0.7417950000000001
788 789 0.29247
789 790 5.3522479999999995
789 791 5.337725
788 792 6.211994
551 793 0.056366999999999993
793 794 6.958444
793 795 6.785558
550 796 7.5460780000000005
549 797 8.162075
540 798 1.6707
798 799 1.0894300000000001
799 800 0.6861970000000001
800 801 3.2975589999999997
800 802 2.987242
799 803 1.070502
803 804 2.4220260000000002
803 805 2.768742
798 806 1
806 807 1.878763
807 808 1.752198
808 809 1.070125
809 810 2.6056619999999997
809 811 2.069812
808 812 3.5584619999999996
807 813 0.265065
813 814 1.21516
814 815 0.45683399999999996
815 816 0.190035
816 817 1.270872
817 818 1.48316
817 819 1.6310950000000002
819 820 1
819 821 1
816 822 2.529482
815 823 0.061217
823 824 2.678922
823 825 0.293677
825 826 2.216547
825 827 2.3657790000000003
814 828 0.239201
828 829 0.597564
829 830 0.353384
830 831 2.50535
830 832 0.892884
832 833 1.460858
833 834 1
833 835 1
832 836 1.29281
829 837 1.5006490000000001
837 838 0.935444
837 839 0.751471
828 840 0.657664
840 841 2.10694
840 842 0.5489660000000001
842 843 0.044302
843 844 1.480833
844 845 0.021414
844 846 0.02114
843 847 1.634772
842 848 1.555433
848 849 0.021322999999999998
848 850 0.021230000000000002
813 851 0.323344
851 852 3.7636709999999995
851 853 1.1597309999999998
853 854 2.446847
853 855 2.705802
855 856 0.08642899999999999
855 857 0.08400200000000001
806 858 7.07304
539 859 2.5981870000000002
859 860 4.205719
859 861 3.994697
861 862 0.194392
861 863 0.189898
538 864 1.532728
864 865 5.292369
864 866 5.449768
537 867 8.05353
536 868 11.569564999999999
535 869 8.671081
534 870 8.778163
519 871 8.730447
518 872 0.195923
872 873 7.049386
872 874 7.638432000000001
517 875 7.589239
516 876 8.527802
515 877 0.202022
877 878 7.694653
877 879 8.009758
514 880 0.740153
880 881 7.229386
880 882 3.7620109999999998
882 883 3.567516
882 884 3.491902
505 885 0.45612400000000003
885 886 8.025928
885 887 8.597402
504 888 0.048211000000000004
888 889 9.728042
888 890 8.360743
503 891 0.093875
891 892 0.244179
892 893 7.829488
892 894 8.620432000000001
891 895 0.221973
895 896 7.720555
895 897 5.458991
897 898 2.531123
897 899 2.518606
502 900 0.174739
900 901 8.362564
900 902 8.434693
501 903 2.051109
903 904 5.497519
904 905 0.853259
904 906 0.614205
903 907 7.020308
496 908 0.8911610000000001
908 909 7.837958
908 910 8.496642
491 911 16.64316
490 912 1
912 913 0.394806
913 914 8.008218
913 915 7.92456
912 916 0.144116
916 917 0.08865200000000001
917 918 0.178802
918 919 0.086353
919 920 7.561888999999999
919 921 7.915056
918 922 7.879839
917 923 0.11491900000000001
923 924 0.197306
924 925 0.120275
925 926 7.194999
925 927 6.880332999999999
924 928 0.366302
928 929 0.45482500000000003
929 930 6.287640999999999
929 931 6.1501090000000005
928 932 6.9328780000000005
923 933 0.235848
933 934 7.543743
933 935 7.368436000000001
916 936 0.28766600000000003
936 937 7.816338
936 938 7.264688
489 939 3.081387
939 940 5.565485
939 941 5.859275
488 942 0.041133
942 943 0.346981
943 944 8.217447
943 945 7.715331
942 946 0.158831
946 947 8.410943999999999
946 948 8.444405000000001
487 949 0.943522
949 950 8.144172
949 951 7.5032879999999995
486 952 9.239737
481 953 0.37733799999999995
953 954 9.346532
953 955 8.861085000000001
476 956 0.490414
956 957 3.1622339999999998
957 958 6.457522
957 959 7.0666649999999995
956 960 9.153767
475 961 1.624279
961 962 7.511391000000001
961 963 8.079174
468 964 0.054305
964 965 1.248993
965 966 7.652407
965 967 7.711139
964 968 0.075405
968 969 0.183039
969 970 1
970 971 0.108128
971 972 8.485484999999999
971 973 0.178978
973 974 0.22429899999999997
974 975 8.078911
974 976 8.313320000000001
973 977 8.261092
970 978 8.698624
969 979 0.092823
979 980 0.22860799999999998
980 981 8.439343000000001
980 982 8.183987
979 983 0.162635
983 984 8.04487
983 985 8.117179
968 986 0.326607
986 987 8.52573
986 988 8.329618
449 989 0.152174
989 990 0.070427
990 991 8.918394000000001
990 992 0.45229600000000003
992 993 8.824052
992 994 8.909669000000001
989 995 8.952042
448 996 5.237048
996 997 4.939754
996 998 1.3779970000000001
998 999 3.594013
998 1000 3.465405
447 1001 3.6900370000000002
1001 1002 2.713374
1002 1003 0.6955549999999999
1003 1004 1.5517889999999999
1004 1005 0.09828300000000001
1005 1006 0.084092
1006 1007 0.489738
1006 1008 0.220256
1008 1009 0.28181999999999996
1008 1010 0.274217
1005 1011 0.16825
1011 1012 0.401434
1011 1013 0.178363
1013 1014 0.21560500000000002
1013 1015 0.211567
1004 1016 0.659416
1003 1017 0.8894320000000001
1017 1018 0.88983
1018 1019 0.346246
1018 1020 0.33899
1017 1021 1.1495790000000001
1021 1022 0.44444
1021 1023 0.45686600000000005
1002 1024 3.0762080000000003
1001 1025 0.274846
1025 1026 1.49675
1026 1027 0.211942
1027 1028 0.884373
1028 1029 3.109551
1028 1030 1.2222250000000001
1030 1031 2.249893
1030 1032 2.193024
1027 1033 4.494114
1026 1034 4.498627
1025 1035 1.988531
1035 1036 0.656408
1036 1037 2.988748
1036 1038 3.82739
1035 1039 3.43789
446 1040 10.3613
445 1041 5.026382
1041 1042 4.994148
1041 1043 5.176896
412 1044 1.582408
1044 1045 0.173608
1045 1046 1.533984
1046 1047 6.537635999999999
1046 1048 5.900114
1045 1049 7.372974999999999
1044 1050 0.7872530000000001
1050 1051 6.7458149999999995
1050 1052 6.833246
353 1053 2.870743
1053 1054 2.007946
1054 1055 4.807714
1054 1056 4.951683
1053 1057 1.054615
1057 1058 6.2878359999999995
1057 1059 6.365531000000001
352 1060 2.873825
1060 1061 2.8258010000000002
1061 1062 1.6488619999999998
1062 1063 0.171311
1063 1064 2.658721
1063 1065 2.626283
1062 1066 0.9111819999999999
1066 1067 0.542358
1067 1068 1.2840310000000001
1067 1069 1.29029
1066 1070 1.0542829999999999
1070 1071 0.598685
1071 1072 0.167039
1071 1073 0.174406
1070 1074 0.678591
1074 1075 0.085731
1074 1076 0.0847
1061 1077 3.207016
1077 1078 1.251721
1077 1079 0.40348199999999995
1079 1080 0.7666649999999999
1080 1081 0.089834
1080 1082 0.080597
1079 1083 0.09538100000000001
1083 1084 0.757409
1083 1085 0.9764200000000001
1085 1086 0.08732
1085 1087 0.083111
1060 1088 0.846291
1088 1089 6.368163
1088 1090 6.555893
315 1091 0.538505
1091 1092 10.316033
1091 1093 9.397463
290 1094 2.147137
1094 1095 8.302571
1094 1096 2.241406
1096 1097 6.472208
1096 1098 6.1271770000000005
289 1099 0.153592
1099 1100 0.184482
1100 1101 10.931951
1100 1102 9.394715
1099 1103 0.203943
1103 1104 6.784084999999999
1104 1105 4.004723
1104 1106 4.2380700000000004
1103 1107 10.229842
288 1108 1.167772
1108 1109 9.594324
1108 1110 10.119172
279 1111 10.751574
278 1112 0.09667200000000001
1112 1113 2.064218
1113 1114 8.943304000000001
1113 1115 9.086155
1112 1116 0.499182
1116 1117 9.710887
1116 1118 10.862812
277 1119 1.358763
1119 1120 10.448868000000001
1119 1121 9.754661
260 1122 11.304992
137 1123 0.10872099999999998
1123 1124 0.7991480000000001
1124 1125 10.529848
1124 1126 10.916531
1123 1127 12.985475
136 1128 6.826300000000001
1128 1129 4.513901
1128 1130 4.684488
105 1131 0.051779
1131 1132 0.248196
1132 1133 0.038381
1133 1134 0.362052
1134 1135 10.613961
1134 1136 10.832418
1133 1137 0.478731
1137 1138 10.88817
1137 1139 10.872954
1132 1140 0.11636400000000001
1140 1141 0.476472
1141 1142 10.866572
1141 1143 11.020909
1140 1144 0.247554
1144 1145 11.579504
1144 1146 10.625021
1131 1147 0.071955
1147 1148 0.210577
1148 1149 0.493997
1149 1150 10.600192999999999
1149 1151 11.604332000000001
1148 1152 10.672172
1147 1153 0.177863
1153 1154 12.198056
1153 1155 12.802823
104 1156 11.772606
103 1157 0.21921699999999997
1157 1158 11.968291
1157 1159 11.391405
102 1160 0.35956299999999997
1160 1161 1
1161 1162 0.13308599999999998
1162 1163 0.22431199999999998
1163 1164 0.173708
1164 1165 11.222287999999999
1164 1166 12.462181
1163 1167 0.224062
1167 1168 0.225763
1168 1169 0.279585
1169 1170 12.286234
1169 1171 11.724726
1168 1172 12.484486
1167 1173 11.52496
1162 1174 0.279609
1174 1175 11.209840999999999
1174 1176 11.377326
1161 1177 12.861220000000001
1160 1178 0.5259240000000001
1178 1179 10.970004999999999
1178 1180 11.745242000000001
101 1181 2.766252
1181 1182 8.856551
1181 1183 2.510641
1183 1184 6.569653000000001
1183 1185 7.064335
100 1186 2.098435
1186 1187 9.727776
1186 1188 9.802988
99 1189 2.384123
1189 1190 2.168075
1190 1191 9.241789
1190 1192 3.713046
1192 1193 3.7486770000000003
1192 1194 1.278756
1194 1195 2.399906
1194 1196 2.6028949999999997
1189 1197 3.227044
1197 1198 0.834009
1198 1199 5.321385
1198 1200 5.472963
1197 1201 7.268511
4 1202 1
1202 1203 0.326438
1203 1204 1
1204 1205 1.857431
1205 1206 10.582849
1205 1207 10.550410000000001
1204 1208 0.036114
1208 1209 0.125349
1209 1210 1.5309659999999998
1210 1211 1.209557
1211 1212 10.12488
1211 1213 2.794554
1213 1214 6.883067
1213 1215 7.081606999999999
1210 1216 11.348968
1209 1217 0.23793
1217 1218 1
1218 1219 0.192515
1219 1220 0.724487
1220 1221 12.457798
1220 1222 11.815602
1219 1223 12.146644
1218 1224 0.510946
1224 1225 1
1225 1226 0.14363900000000002
1226 1227 0.739337
1227 1228 0.724211
1228 1229 1.762929
1229 1230 1.065491
1230 1231 4.902597999999999
1231 1232 3.849494
1231 1233 4.443175
1230 1234 9.002288
1229 1235 8.990720000000001
1228 1236 0.522173
1236 1237 3.141819
1237 1238 13.71724
1237 1239 9.847953
1239 1240 1.642675
1239 1241 1.698237
1236 1242 5.123776
1242 1243 11.6218
1242 1244 11.286071999999999
1227 1245 2.3040689999999997
1245 1246 0.320181
1246 1247 9.72855
1246 1248 11.655075
1245 1249 10.134174
1226 1250 0.05444
1250 1251 0.169003
1251 1252 1
1252 1253 13.243260000000001
1252 1254 0.289628
1254 1255 1
1255 1256 0.305593
1256 1257 1
1257 1258 0.611763
1258 1259 4.394136
1259 1260 9.718022
1259 1261 10.362622
1258 1262 0.203339
1262 1263 0.105497
1263 1264 1
1264 1265 0.474047
1265 1266 0.020696000000000003
1266 1267 0.09669900000000001
1267 1268 0.6389670000000001
1268 1269 14.859607
1268 1270 0.311582
1270 1271 16.269112999999997
1270 1272 15.610345
1267 1273 0.252492
1273 1274 1.290891
1274 1275 13.417114999999999
1274 1276 15.423658000000001
1273 1277 13.876741
1266 1278 1
1278 1279 0.5236550000000001
1279 1280 10.934961999999999
1280 1281 4.398038
1280 1282 4.698967
1279 1283 9.934406
1283 1284 5.2562999999999995
1283 1285 5.904918
1278 1286 0.0406
1286 1287 1.333037
1287 1288 14.813628000000001
1287 1289 3.724447
1289 1290 11.03182
1289 1291 11.747568
1286 1292 1
1292 1293 14.811423000000001
1292 1294 0.300328
1294 1295 2.69633
1295 1296 16.885339
1295 1297 4.582331
1297 1298 0.45128700000000005
1298 1299 7.377636999999999
1299 1300 0.26069499999999995
1299 1301 0.252351
1298 1302 3.776847
1302 1303 4.841725
1302 1304 4.204658
1297 1305 8.057501
1305 1306 0.147405
1305 1307 0.151232
1294 1308 1
1308 1309 0.206955
1309 1310 0.155503
1310 1311 0.15438100000000002
1311 1312 0.357445
1312 1313 3.155418
1313 1314 12.666506
1313 1315 12.314941
1315 1316 0.749634
1315 1317 0.761644
1312 1318 16.093493
1311 1319 2.1183899999999998
1319 1320 12.854476
1319 1321 13.55919
1310 1322 0.004566
1322 1323 0.19065300000000002
1323 1324 5.176345
1324 1325 10.804598
1324 1326 4.376791
1326 1327 6.086943
1326 1328 6.0289280000000005
1323 1329 1
1329 1330 4.40724
1330 1331 12.138541
1330 1332 11.937926000000001
1329 1333 1
1333 1334 0.536105
1334 1335 1.15155
1335 1336 18.585244
1335 1337 15.707545
1334 1338 1
1338 1339 0.437504
1339 1340 0.647597
1340 1341 0.099406
1341 1342 15.050004
1341 1343 0.503505
1343 1344 17.884938000000002
1343 1345 0.801981
1345 1346 15.894147
1345 1347 15.395492999999998
1340 1348 1.323502
1348 1349 13.374735
1348 1350 15.113608000000001
1339 1351 0.026233000000000003
1351 1352 0.728042
1352 1353 2.205961
1353 1354 13.852948000000001
1353 1355 14.705727
1352 1356 16.063843
1351 1357 0.13725600000000002
1357 1358 4.942429000000001
1358 1359 5.567252
1359 1360 6.301194000000001
1359 1361 6.244261
1358 1362 12.838206999999999
1357 1363 0.385228
1363 1364 0.287931
1364 1365 13.339174000000002
1365 1366 3.454474
1365 1367 3.4588430000000003
1364 1368 18.075713
1363 1369 1
1369 1370 16.201699
1369 1371 0.755035
1371 1372 1.396759
1372 1373 1
1373 1374 0.466615
1374 1375 1
1375 1376 1
1376 1377 0.599657
1377 1378 0.673746
1378 1379 1
1379 1380 0.081465
1380 1381 2.0222670000000003
1381 1382 18.180154
1381 1383 4.033828
1383 1384 14.233747999999999
1383 1385 14.465821000000002
1380 1386 1
1386 1387 0.163873
1387 1388 0.5889420000000001
1388 1389 1
1389 1390 10.708115
1390 1391 2.105994
1391 1392 5.218922
1391 1393 5.1072880000000005
1390 1394 7.400487
1389 1395 1.176091
1395 1396 1
1396 1397 17.858376
1396 1398 0.24356999999999998
1398 1399 0.522629
1399 1400 0.46440099999999995
1400 1401 0.310432
1401 1402 18.730843
1401 1403 0.912839
1403 1404 18.727286000000003
1403 1405 23.109726
1400 1406 1
1406 1407 1.726939
1407 1408 0.458453
1408 1409 1
1409 1410 0.9428250000000001
1410 1411 0.419044
1411 1412 0.9455389999999999
1412 1413 0.9809669999999999
1413 1414 22.410833
1413 1415 23.935288
1412 1416 22.972387
1411 1417 24.158548
1410 1418 21.463765000000002
1409 1419 21.764174
1408 1420 0.10526699999999999
1420 1421 0.686234
1421 1422 25.929055
1421 1423 27.595382
1420 1424 28.79157
1407 1425 1
1425 1426 0.542489
1426 1427 0.0196
1427 1428 22.965226
1427 1429 0.479248
1429 1430 0.611345
1430 1431 23.018853
1430 1432 25.174922
1429 1433 25.003751
1426 1434 0.461736
1434 1435 21.232664
1434 1436 22.339052000000002
1425 1437 19.483943
1406 1438 25.802370000000003
1399 1439 0.37452399999999997
1439 1440 23.292537
1439 1441 17.777482
1398 1442 17.891389
1395 1443 1
1443 1444 1
1444 1445 8.612018
1445 1446 10.433349
1445 1447 11.264696
1444 1448 0.9903439999999999
1448 1449 12.587508
1449 1450 7.909479
1450 1451 2.338674
1451 1452 1
1452 1453 3.792079
1453 1454 19.37514
1453 1455 20.434856
1452 1456 3.6436459999999995
1456 1457 3.544119
1457 1458 11.620508000000001
1457 1459 10.966658
1456 1460 0.72263
1460 1461 14.296299000000001
1460 1462 13.146246999999999
1451 1463 3.900961
1463 1464 1.752733
1464 1465 7.040317
1465 1466 15.855789000000001
1465 1467 0.837707
1467 1468 4.635899
1467 1469 16.248026
1464 1470 11.989184999999999
1463 1471 6.368996
1471 1472 7.231008
1471 1473 8.759003
1450 1474 13.990863000000001
1474 1475 5.978578
1474 1476 6.999772999999999
1449 1477 1.515023
1477 1478 23.706543
1477 1479 22.822265
1448 1480 0.997256
1480 1481 1
1481 1482 1.048355
1482 1483 0.8028749999999999
1483 1484 0.444444
1484 1485 27.034066000000003
1484 1486 1.272027
1486 1487 25.300547
1486 1488 27.823288
1483 1489 22.166142
1482 1490 22.992066
1481 1491 19.108629999999998
1480 1492 1
1492 1493 1.9294909999999998
1493 1494 1
1494 1495 2.464737
1495 1496 18.200438
1495 1497 18.198499
1494 1498 1
1498 1499 21.951341
1498 1500 1.3023959999999999
1500 1501 0.252639
1501 1502 20.895752
1501 1503 22.325632000000002
1500 1504 1
1504 1505 0.8894279999999999
1505 1506 0.226619
1506 1507 1.046531
1507 1508 0.448526
1508 1509 2.360606
1509 1510 36.079281
1509 1511 27.617351
1508 1512 24.511504000000002
1507 1513 1
1513 1514 0.880441
1514 1515 0.690568
1515 1516 1.925285
1516 1517 32.445262
1516 1518 1.271714
1518 1519 27.612094
1518 1520 33.279008
1515 1521 28.119764000000004
1514 1522 23.660686000000002
1513 1523 23.890474
1506 1524 8.466286
1524 1525 4.442800999999999
1525 1526 11.765717
1526 1527 0.5696640000000001
1526 1528 0.442505
1528 1529 0.130792
1528 1530 0.125073
1525 1531 12.201081
1524 1532 18.10794
1505 1533 1
1533 1534 0.8723160000000001
1534 1535 1.6797900000000001
1535 1536 22.997062
1535 1537 37.016497
1534 1538 1
1538 1539 0.230287
1539 1540 0.38022300000000003
1540 1541 0.694832
1541 1542 3.025164
1542 1543 1.7887650000000002
1543 1544 26.880068
1543 1545 36.361114
1542 1546 38.551868999999996
1541 1547 23.018757
1540 1548 26.183769
1539 1549 22.254487
1538 1550 23.611041
1533 1551 21.944577000000002
1504 1552 21.056196999999997
1493 1553 0.7615270000000001
1553 1554 0.15015
1554 1555 30.783195000000003
1554 1556 1.055043
1556 1557 30.397564
1556 1558 3.7187159999999997
1558 1559 23.61856
1558 1560 23.645584
1553 1561 7.187544999999999
1561 1562 21.452337
1561 1563 20.987025
1492 1564 5.770654
1564 1565 14.738693
1564 1566 16.258016
1443 1567 0.002373
1567 1568 0.690369
1568 1569 21.009095
1568 1570 8.17134
1570 1571 17.231003
1570 1572 17.061786
1567 1573 2.490047
1573 1574 16.676178999999998
1573 1575 16.77711
1388 1576 1.327953
1576 1577 2.599838
1577 1578 7.621561000000001
1578 1579 10.321964999999999
1578 1580 10.313651
1577 1581 16.703112
1576 1582 8.338734
1582 1583 10.239803
1582 1584 11.395228
1387 1585 9.828789
1585 1586 11.118728
1585 1587 11.404498
1386 1588 0.838213
1588 1589 17.356208000000002
1588 1590 17.244482
1379 1591 1.608783
1591 1592 18.496088999999998
1591 1593 2.246878
1593 1594 19.901926
1593 1595 20.493263
1378 1596 0.233155
1596 1597 0.682343
1597 1598 2.455593
1598 1599 19.659332
1598 1600 20.400861
1597 1601 17.158202
1596 1602 18.409723
1377 1603 0.311774
1603 1604 17.857803999999998
1603 1605 17.675136
1376 1606 23.675867
1375 1607 3.650257
1607 1608 13.965572000000002
1607 1609 13.754182
1374 1610 0.112951
1610 1611 0.12761
1611 1612 0.686605
1612 1613 19.213193
1612 1614 17.503408
1611 1615 16.061045
1610 1616 0.512513
1616 1617 16.057806
1616 1618 18.158228
1373 1619 0.131824
1619 1620 0.743931
1620 1621 17.089430999999998
1620 1622 0.316834
1622 1623 15.989732
1622 1624 16.410189
1619 1625 14.906343999999999
1372 1626 1
1626 1627 0.020132999999999998
1627 1628 17.668015
1627 1629 0.409029
1629 1630 17.936252
1629 1631 16.664438
1626 1632 1.866806
1632 1633 1
1633 1634 2.4560579999999996
1634 1635 0.623884
1635 1636 21.607133
1635 1637 6.741546
1637 1638 4.217278
1638 1639 10.624888
1639 1640 0.487453
1639 1641 0.500542
1638 1642 2.6888680000000003
1642 1643 8.975267
1642 1644 9.470735
1637 1645 12.945763
1634 1646 3.3005060000000004
1646 1647 1.246709
1647 1648 1.5986589999999998
1648 1649 14.748231
1648 1650 15.738986999999998
1647 1651 16.85868
1646 1652 0.7530870000000001
1652 1653 16.409466000000002
1652 1654 7.414674000000001
1654 1655 1.461957
1655 1656 8.611849000000001
1655 1657 8.418121000000001
1654 1658 10.137943
1633 1659 16.486931
1632 1660 1
1660 1661 1
1661 1662 1
1662 1663 19.092624
1662 1664 1.6126120000000002
1664 1665 2.542375
1665 1666 2.830088
1666 1667 12.587661
1667 1668 3.7559960000000006
1667 1669 3.793329
1666 1670 0.574415
1670 1671 11.275003
1671 1672 5.9307609999999995
1671 1673 6.292198
1670 1674 15.384626
1674 1675 2.50109
1674 1676 2.361177
1665 1677 4.788164999999999
1677 1678 17.632868
1677 1679 15.517749
1664 1680 1
1680 1681 1.126799
1681 1682 0.555581
1682 1683 0.607584
1683 1684 0.309434
1684 1685 0.596566
1685 1686 0.757794
1686 1687 7.161181
1687 1688 17.133910999999998
1687 1689 26.000157
1686 1690 4.146756
1690 1691 27.874405000000003
1690 1692 30.840667999999997
1685 1693 28.970689
1684 1694 26.765613
1683 1695 0.537686
1695 1696 0.6472829999999999
1696 1697 0.9780570000000001
1697 1698 2.578972
1698 1699 3.9891089999999996
1699 1700 35.808726
1699 1701 36.797819
1698 1702 20.175214999999998
1702 1703 9.489833
1702 1704 10.652222
1697 1705 25.583643000000002
1696 1706 11.008897
1706 1707 6.414148999999999
1707 1708 12.620611
1707 1709 13.453783
1706 1710 20.236671
1695 1711 0.09239699999999999
1711 1712 2.3643199999999998
1712 1713 1.158037
1713 1714 10.6354
1714 1715 32.953472
1714 1716 33.059129999999996
1713 1717 26.838866
1712 1718 38.236453
1711 1719 1.01028
1719 1720 17.449052000000002
1720 1721 14.963604
1720 1722 15.668778
1719 1723 32.465497
1682 1724 0.402001
1724 1725 8.970242
1725 1726 15.793745000000001
1725 1727 16.457052
1724 1728 23.37938
1681 1729 0.624319
1729 1730 0.17973799999999998
1730 1731 21.520881
1731 1732 2.1805660000000002
1731 1733 2.262352
1730 1734 23.892485
1729 1735 0.445953
1735 1736 1.045696
1736 1737 24.449756999999998
1736 1738 23.701324
1738 1739 0.572112
1738 1740 0.546196
1735 1741 0.658349
1741 1742 0.402966
1742 1743 2.324874
1743 1744 26.452927999999996
1743 1745 0.174711
1745 1746 25.848664999999997
1745 1747 2.026209
1747 1748 24.730007
1747 1749 28.393828
1742 1750 24.599558
1741 1751 32.525797
1680 1752 1.54012
1752 1753 21.979142
1752 1754 18.332148
1661 1755 6.8738220000000005
1755 1756 13.418892
1755 1757 14.370353
1660 1758 8.77429
1758 1759 9.673435
1759 1760 1.082122
1759 1761 1.090953
1758 1762 10.436071
1371 1763 0.500492
1763 1764 19.892912
1763 1765 1.079742
1765 1766 17.645689
1765 1767 2.8014259999999997
1767 1768 7.523823999999999
1768 1769 3.335693
1769 1770 2.800583
1769 1771 2.626094
1768 1772 6.1296040000000005
1767 1773 14.442934
1338 1774 15.864963000000001
1333 1775 15.046201
1322 1776 0.367746
1776 1777 13.346592
1776 1778 1.8953540000000002
1778 1779 14.137844999999999
1778 1780 14.702929000000001
1309 1781 3.446372
1781 1782 12.240546
1781 1783 12.62743
1308 1784 2.791136
1784 1785 12.999348999999999
1784 1786 11.339834999999999
1265 1787 1.226767
1787 1788 2.894646
1788 1789 12.154139
1788 1790 3.178078
1790 1791 8.625157999999999
1790 1792 8.931832
1787 1793 0.31361700000000003
1793 1794 1.446662
1794 1795 12.770893
1794 1796 12.097083999999999
1793 1797 0.20799
1797 1798 13.302737
1797 1799 14.347602
1264 1800 1.5686820000000001
1800 1801 13.387523000000002
1800 1802 13.298879999999999
1263 1803 1.768581
1803 1804 1.834632
1804 1805 10.650654
1804 1806 14.951813
1803 1807 1.292966
1807 1808 11.643259
1807 1809 9.489999000000001
1262 1810 1
1810 1811 4.3154900000000005
1811 1812 10.667967
1811 1813 11.156304
1810 1814 14.479774
1257 1815 12.993945000000002
1256 1816 1.331218
1816 1817 6.850275
1817 1818 5.353707
1817 1819 5.649984
1816 1820 12.918309
1255 1821 13.680316000000001
1254 1822 2.871092
1822 1823 11.109138
1822 1824 1.837413
1824 1825 9.105896
1824 1826 8.099221
1251 1827 0.254205
1827 1828 0.453065
1828 1829 0.270572
1829 1830 0.474736
1830 1831 13.889197000000001
1830 1832 14.739885999999998
1829 1833 16.03039
1828 1834 14.492923999999999
1827 1835 0.081212
1835 1836 0.29405
1836 1837 0.058371
1837 1838 13.999359
1837 1839 12.687045
1836 1840 0.327132
1840 1841 15.153783
1840 1842 0.244566
1842 1843 15.416857
1842 1844 0.44347299999999995
1844 1845 17.026232
1844 1846 16.50294
1835 1847 0.6414259999999999
1847 1848 14.575137
1847 1849 12.111266
1250 1850 2.978892
1850 1851 4.2730690000000005
1851 1852 4.270432
1852 1853 2.2410550000000002
1853 1854 0.18907100000000002
1853 1855 0.19522
1852 1856 2.546199
1851 1857 1.718801
1857 1858 4.301114
1857 1859 4.593686
1850 1860 2.34168
1860 1861 0.8548999999999999
1861 1862 7.482601999999999
1861 1863 7.711266
1860 1864 5.431714
1864 1865 2.8957360000000003
1864 1866 2.682575
1866 1867 0.296335
1866 1868 0.302732
1225 1869 0.17824399999999999
1869 1870 0.075574
1870 1871 1
1871 1872 0.983335
1872 1873 11.865012
1872 1874 13.335754
1871 1875 12.805918
1870 1876 0.344834
1876 1877 0.6013219999999999
1877 1878 12.606163
1877 1879 12.527903000000002
1876 1880 13.381678999999998
1869 1881 0.35078000000000004
1881 1882 0.187218
1882 1883 0.5482009999999999
1883 1884 13.355812
1883 1885 11.978568000000001
1882 1886 0.21261499999999997
1886 1887 12.587118
1886 1888 12.881161999999998
1881 1889 0.30656300000000003
1889 1890 13.230095
1889 1891 13.456308
1224 1892 1
1892 1893 0.303911
1893 1894 0.102786
1894 1895 1
1895 1896 0.971467
1896 1897 0.18315700000000001
1897 1898 8.477366
1898 1899 2.241628
1899 1900 8.321503
1899 1901 8.186162
1898 1902 10.865645
1897 1903 0.518736
1903 1904 10.839464
1903 1905 1.105275
1905 1906 8.997329
1905 1907 0.556437
1907 1908 0.830841
1908 1909 0.528957
1909 1910 9.772343
1909 1911 8.197849
1908 1912 0.615727
1912 1913 8.655661
1912 1914 8.491016
1907 1915 9.816885000000001
1896 1916 0.720961
1916 1917 1.166741
1917 1918 2.09042
1918 1919 9.06086
1918 1920 0.642915
1920 1921 6.256137000000001
1921 1922 1.1062260000000002
1921 1923 1.155743
1920 1924 7.8915299999999995
1917 1925 0.704937
1925 1926 8.560409
1925 1927 9.409783
1916 1928 2.081397
1928 1929 3.277247
1929 1930 6.217472
1929 1931 6.11278
1928 1932 9.88153
1895 1933 12.397397
1894 1934 0.128037
1934 1935 13.055215
1934 1936 1.585157
1936 1937 9.796402
1937 1938 1.6009619999999998
1937 1939 1.558545
1936 1940 11.629684
1893 1941 1
1941 1942 1.26522
1942 1943 0.82737
1943 1944 2.8077419999999997
1944 1945 4.389816
1945 1946 4.705279
1945 1947 4.7984
1944 1948 11.592855
1943 1949 5.439544000000001
1949 1950 6.688078999999999
1949 1951 6.836106999999999
1942 1952 0.939385
1952 1953 10.743289
1952 1954 11.207469
1941 1955 12.166319
1892 1956 2.3654129999999998
1956 1957 4.279623
1957 1958 5.9634920000000005
1957 1959 6.152378
1956 1960 10.862848999999999
1217 1961 0.445555
1961 1962 0.727646
1962 1963 12.916535000000001
1962 1964 4.400805
1964 1965 9.480080000000001
1964 1966 7.143249
1961 1967 0.25308
1967 1968 0.893863
1968 1969 12.125893
1968 1970 1.251614
1970 1971 3.379613
1971 1972 1.9107119999999997
1972 1973 5.394782
1972 1974 5.243078000000001
1971 1975 7.191382
1970 1976 10.228772999999999
1967 1977 12.940788
1208 1978 4.053331
1978 1979 8.364131
1978 1980 8.66584
1203 1981 0.28948799999999997
1981 1982 2.706715
1982 1983 10.733642999999999
1982 1984 3.291061
1984 1985 6.557599
1984 1986 6.420752
1981 1987 3.3772580000000003
1987 1988 8.945098999999999
1987 1989 5.6579619999999995
1989 1990 3.4510199999999998
1989 1991 3.4622970000000004
1202 1992 2.0634550000000003
1992 1993 18.039557000000002
1992 1994 27.490090000000002
3 1995 13.813350999999999
2 1996 13.624311
1 1997 13.642918000000002
1 1998 12.161369
