1 2 0.306205
2 3 0.221229
3 4 9.613045000000001
3 5 0.126268
5 6 0.329413
6 7 0.102442
7 8 0.10993699999999999
8 9 0.13769800000000001
9 10 10.67613
9 11 10.186031
8 12 0.11210099999999999
12 13 10.376987
12 14 0.058251
14 15 0.10737800000000002
15 16 11.183479
15 17 0.102055
17 18 0.312052
18 19 1.7845550000000001
19 20 1.448987
20 21 7.843061
20 22 4.716811
19 23 9.194973
18 24 9.737532
17 25 0.221601
25 26 0.20328500000000002
26 27 11.36692
26 28 0.474485
28 29 11.752501
28 30 10.653034
25 31 0.242327
31 32 0.012452000000000001
32 33 0.294852
33 34 12.133105
33 35 0.129069
35 36 0.16653
36 37 6.23904
37 38 5.133023
37 39 5.883475
36 40 0.526527
40 41 1.8244799999999999
41 42 10.16107
41 43 10.541431
40 44 12.225546
35 45 4.317238000000001
45 46 7.239962
45 47 7.555141999999999
32 48 0.181424
48 49 1.664894
49 50 10.408746
49 51 10.400195
48 52 0.19779900000000003
52 53 10.829917
52 54 0.266411
54 55 11.615424
54 56 10.790111
31 57 3.322621
57 58 8.34452
57 59 10.06953
14 60 0.148846
60 61 12.144192
60 62 10.421002
7 63 0.176393
63 64 0.173409
64 65 0.20581000000000002
65 66 0.19532500000000003
66 67 0.162597
67 68 10.931609
67 69 10.249871
66 70 10.348313000000001
65 71 0.127458
71 72 0.095791
72 73 10.843335
72 74 0.47252400000000006
74 75 10.384928
74 76 7.044556
76 77 1.907545
77 78 1.7322060000000001
77 79 1.088443
76 80 4.292562
71 81 0.117899
81 82 0.126508
82 83 0.086071
83 84 0.119234
84 85 11.229076000000001
84 86 11.070019
83 87 1.5838
87 88 9.438627
87 89 10.678457
82 90 0.137853
90 91 0.112689
91 92 0.186402
92 93 0.208029
93 94 0.143096
94 95 0.098132
95 96 12.933193000000001
95 97 11.707573
94 98 11.557004
93 99 0.14358400000000002
99 100 0.260994
100 101 12.037876
100 102 11.911033
99 103 0.11788499999999999
103 104 0.184079
104 105 0.34536100000000003
105 106 0.164413
106 107 0.256275
107 108 14.118632
107 109 0.303933
109 110 15.849217
109 111 15.071485000000001
106 112 14.392474
105 113 12.694821000000001
104 114 0.16688
114 115 0.339903
115 116 11.597579
115 117 12.510989
114 118 13.124706
103 119 0.031086999999999997
119 120 0.20895599999999998
120 121 11.857285
120 122 0.117169
122 123 11.394142
122 124 11.437151
119 125 0.469596
125 126 12.595989
125 127 0.36303199999999997
127 128 12.451618999999999
127 129 14.051839999999999
92 130 0.018696
130 131 0.186854
131 132 0.390657
132 133 11.614881
132 134 0.9220189999999999
134 135 0.537615
135 136 1.330466
136 137 6.982177
137 138 2.2002569999999997
137 139 0.966321
139 140 1.329426
139 141 1.384783
136 142 8.118941
135 143 10.131748
134 144 1.214688
144 145 1.536657
145 146 10.456807
145 147 10.884331999999999
144 148 4.244344
148 149 6.050514
148 150 4.513616
150 151 0.663774
150 152 0.028082999999999997
152 153 0.607003
152 154 0.6170519999999999
131 155 0.145875
155 156 0.371002
156 157 3.5194499999999995
157 158 0.99519
158 159 8.354133
158 160 0.18099200000000001
160 161 0.527883
161 162 9.683171
161 163 11.498308999999999
160 164 0.656257
164 165 9.476239999999999
164 166 12.290657000000001
157 167 9.129877
156 168 12.592844
155 169 0.220159
169 170 0.17482699999999998
170 171 4.088819
171 172 9.164762
171 173 9.568607
170 174 1.705487
174 175 10.611273
174 176 0.29213300000000003
176 177 1.397869
177 178 5.255626
178 179 4.0638250000000005
178 180 5.196419
177 181 3.578861
181 182 4.78099
181 183 6.235508
176 184 1.915064
184 185 0.37566299999999997
185 186 10.347487
185 187 7.1618260000000005
184 188 10.481176
169 189 0.406433
189 190 14.370511
189 191 14.048861000000002
130 192 0.13281199999999999
192 193 12.990753
192 194 11.543574
91 195 0.153084
195 196 2.47398
196 197 1.177962
197 198 2.119302
198 199 3.495477
199 200 4.029759
199 201 4.857947
198 202 2.305481
202 203 3.4623920000000004
202 204 4.893117
197 205 1.3932039999999999
205 206 11.03527
205 207 3.067976
207 208 4.492484
207 209 0.962546
209 210 3.321988
209 211 5.35284
196 212 8.883906
195 213 11.235107
90 214 0.22222999999999998
214 215 0.337268
215 216 1.771404
216 217 8.769571
216 218 11.453953
215 219 0.36404
219 220 10.805553
219 221 0.34399399999999997
221 222 10.500366
221 223 10.840772999999999
214 224 0.21595899999999998
224 225 0.18939499999999998
225 226 0.765316
226 227 13.739129
226 228 0.959514
228 229 12.298831999999999
228 230 0.8181849999999999
230 231 1.352643
231 232 0.9534670000000001
232 233 11.71969
232 234 1.0796709999999998
234 235 9.024697
234 236 9.016814
231 237 0.184106
237 238 8.788683
237 239 11.64772
230 240 2.153211
240 241 7.839404
240 242 8.179755
225 243 0.21363799999999997
243 244 4.684623
244 245 8.779217000000001
244 246 7.452822
243 247 13.03757
224 248 0.13850500000000002
248 249 0.203844
249 250 0.21427400000000002
250 251 0.370004
251 252 1.256993
252 253 6.171364
253 254 7.435815
253 255 6.827091
252 256 12.588615
251 257 0.356232
257 258 0.677728
258 259 12.85508
258 260 13.754819
257 261 0.147179
261 262 0.412424
262 263 16.095789
262 264 17.113364999999998
261 265 0.42578800000000006
265 266 0.352609
266 267 14.437078
266 268 16.004646
265 269 0.671873
269 270 14.761335
269 271 14.722432999999999
250 272 0.138623
272 273 0.17820799999999998
273 274 0.135801
274 275 2.983523
275 276 2.0478110000000003
276 277 8.172463
276 278 9.44329
275 279 0.732923
279 280 9.748213999999999
279 281 10.794628000000001
274 282 0.145214
282 283 1.245304
283 284 0.35563700000000004
284 285 0.493644
285 286 1.6799149999999998
286 287 9.973103
286 288 9.718222
288 289 0.152764
288 290 0.11333499999999999
285 291 0.335785
291 292 1.924363
292 293 8.977137
292 294 9.915891
291 295 2.013902
295 296 10.582772
295 297 10.385829000000001
284 298 0.90005
298 299 15.301988
298 300 15.565494
283 301 0.544941
301 302 4.446052
302 303 10.505654
302 304 3.4113230000000003
304 305 7.089165
304 306 7.705939000000001
301 307 3.5502230000000004
307 308 9.627189
307 309 9.425498000000001
282 310 0.21334499999999998
310 311 0.16439499999999999
311 312 0.27082999999999996
312 313 2.347845
313 314 2.9054
314 315 10.662662000000001
314 316 8.602905
313 317 12.554951
312 318 0.306493
318 319 16.157261000000002
318 320 14.550562
311 321 0.120107
321 322 0.23243500000000003
322 323 0.09467300000000001
323 324 0.065064
324 325 0.386721
325 326 0.165043
326 327 0.074212
327 328 2.392061
328 329 15.831697
328 330 1.331688
330 331 15.885769
330 332 14.875274
327 333 0.33545400000000003
333 334 2.943509
334 335 3.8993809999999995
335 336 13.714518
335 337 8.265258000000001
334 338 14.727547999999999
333 339 0.47170500000000004
339 340 0.354205
340 341 1.682503
341 342 16.109743
341 343 5.603934
343 344 10.714503
343 345 11.903911
340 346 4.880164
346 347 5.853602
347 348 9.129715
347 349 5.984707
346 350 13.411964000000001
339 351 0.301064
351 352 17.355211
351 353 1.404767
353 354 16.023506
353 355 15.003636
326 356 0.11239299999999999
356 357 0.153697
357 358 0.168322
358 359 17.587706999999998
358 360 0.7864279999999999
360 361 5.067079
361 362 6.440669000000001
362 363 4.402232
362 364 4.219375
361 365 13.676415
360 366 17.883958
357 367 1.149699
367 368 15.549335000000001
367 369 2.013198
369 370 12.563524000000001
369 371 15.909066999999999
356 372 0.197303
372 373 0.072939
373 374 0.265868
374 375 0.12328599999999999
375 376 0.512663
376 377 0.315388
377 378 0.50508
378 379 0.20108399999999998
379 380 19.063325
379 381 0.22552599999999998
381 382 0.18968
382 383 3.426792
383 384 6.513784
384 385 10.990353
384 386 11.521621
383 387 5.327621
387 388 14.955919000000002
387 389 14.527849000000002
382 390 6.3856079999999995
390 391 15.926193999999999
390 392 15.739586
381 393 20.635892
378 394 20.849009
377 395 0.395343
395 396 0.41218699999999997
396 397 0.24517599999999998
397 398 1.6137329999999999
398 399 17.372256
398 400 21.371757
397 401 23.452792
396 402 0.140668
402 403 21.865988
402 404 23.264401
395 405 20.995477
376 406 1.4961119999999999
406 407 1.4477769999999999
407 408 20.399514999999997
407 409 2.990586
409 410 0.959355
410 411 11.889049
410 412 13.762894000000001
409 413 14.713875000000002
406 414 18.536257
375 415 0.652208
415 416 19.91432
415 417 20.585946
374 418 18.737311000000002
373 419 0.13586600000000001
419 420 1.10857
420 421 17.388092999999998
420 422 2.9418699999999998
422 423 16.542219
422 424 16.666935
419 425 1.120009
425 426 17.585128
425 427 17.593158
372 428 0.160066
428 429 0.07180399999999999
429 430 0.34546699999999997
430 431 1.156924
431 432 1.626681
432 433 15.87547
432 434 15.949969
431 435 1.44011
435 436 16.707709
435 437 1.307193
437 438 16.171238
437 439 15.973519
430 440 2.338952
440 441 15.128775
440 442 19.996291
429 443 0.217707
443 444 0.874565
444 445 13.577319
445 446 5.501509
445 447 5.30211
444 448 1.763288
448 449 16.97286
448 450 17.779668
443 451 5.62324
451 452 12.615035999999998
451 453 0.9693169999999999
453 454 9.250911
454 455 2.189499
454 456 2.227744
453 457 4.160478
457 458 9.219415999999999
457 459 8.130237999999999
428 460 0.278179
460 461 7.547083000000001
461 462 12.996364999999999
461 463 13.187776000000001
460 464 18.291128
325 465 0.11485899999999999
465 466 0.14382
466 467 0.284614
467 468 0.370547
468 469 0.583272
469 470 2.168699
470 471 11.189904
471 472 9.487614
471 473 7.489501
470 474 18.932502
469 475 19.837687000000003
468 476 0.181115
476 477 0.46424099999999996
477 478 0.509039
478 479 9.399411
479 480 11.130752
479 481 10.210387
478 482 0.136323
482 483 0.36902100000000004
483 484 0.434043
484 485 0.43186300000000005
485 486 0.543771
486 487 0.7949940000000001
487 488 0.457776
488 489 0.37187000000000003
489 490 0.60272
490 491 27.785161000000002
490 492 25.541076
489 493 0.23549199999999998
493 494 1.033677
494 495 21.144842999999998
494 496 22.282511999999997
493 497 23.47404
488 498 0.5587489999999999
498 499 0.562488
499 500 0.793857
500 501 22.92014
500 502 0.310302
502 503 20.603724
502 504 0.857159
504 505 0.841051
505 506 18.569699
505 507 19.482456
504 508 21.404824
499 509 0.098406
509 510 0.40441699999999997
510 511 26.380008
510 512 23.753042
509 513 1.212134
513 514 0.372185
514 515 24.700968
514 516 23.995147
513 517 25.758734999999998
498 518 25.822474
487 519 0.291615
519 520 26.666646
519 521 27.564328
486 522 1.595599
522 523 0.40044599999999997
523 524 1.479487
524 525 4.580941999999999
525 526 6.711047000000001
526 527 13.357979
526 528 6.865544
525 529 17.211251999999998
524 530 3.012857
530 531 22.175804
530 532 1.613446
532 533 22.853812
532 534 0.669338
534 535 19.286797
534 536 17.275205
523 537 10.825928
537 538 13.257366000000001
537 539 11.6495
522 540 0.39431700000000003
540 541 3.7241950000000004
541 542 21.834332
541 543 19.251352
540 544 1.285118
544 545 5.851521
545 546 13.618736
545 547 18.632461
544 548 19.773812
485 549 23.763194000000002
484 550 0.36008799999999996
550 551 0.318417
551 552 1.546528
552 553 23.031075
552 554 20.981697999999998
551 555 0.575611
555 556 2.317181
556 557 24.572002
556 558 22.900057
555 559 1.8539199999999998
559 560 14.542731999999999
560 561 10.473027
560 562 10.389134
559 563 25.611606
550 564 3.8011280000000003
564 565 19.810575
564 566 21.009009
483 567 0.27734499999999995
567 568 22.914249
567 569 22.482238
482 570 21.335672
477 571 0.297306
571 572 0.17602900000000002
572 573 4.020494
573 574 2.015221
574 575 12.260604
574 576 12.646261
573 577 14.828845
572 578 0.330224
578 579 24.795724
578 580 18.525191
571 581 0.139339
581 582 0.18521500000000002
582 583 0.220604
583 584 1.802064
584 585 15.865624
584 586 7.577697
586 587 10.067059
586 588 9.624267
583 589 17.822736
582 590 0.20182899999999998
590 591 1.338398
591 592 26.643622
591 593 21.573515
590 594 17.927169000000003
581 595 0.206034
595 596 0.384522
596 597 4.016201
597 598 16.337488999999998
597 599 15.807268999999998
596 600 3.873634
600 601 18.487693999999998
600 602 18.021086999999998
595 603 19.552945
476 604 18.654807
467 605 3.7497999999999996
605 606 1.76105
606 607 4.58819
607 608 9.312744
607 609 9.048086
606 610 12.388925
605 611 2.669498
611 612 15.929616999999999
611 613 20.632384000000002
466 614 0.167795
614 615 1.889361
615 616 17.512855
616 617 0.619985
616 618 0.60407
615 619 6.409444000000001
619 620 10.476893
619 621 13.205917
614 622 0.334229
622 623 2.130979
623 624 9.137066
624 625 8.952345000000001
624 626 8.450528
623 627 16.860805
622 628 18.292119
465 629 1.376304
629 630 16.395122
629 631 4.360599
631 632 15.725288
631 633 13.173062
324 634 0.169364
634 635 0.13322699999999998
635 636 8.042016
636 637 9.480184999999999
636 638 9.199964
635 639 0.18044300000000002
639 640 16.430855
639 641 5.256212
641 642 5.581487999999999
642 643 6.115928
642 644 4.4215919999999995
641 645 10.357842
634 646 3.5040139999999997
646 647 9.462383
647 648 3.9030549999999997
647 649 2.9090789999999997
646 650 12.464174
323 651 0.136409
651 652 0.25081499999999995
652 653 16.701639
652 654 16.880054
651 655 8.557061000000001
655 656 7.601324
655 657 6.448703
322 658 0.021073
658 659 7.411128
659 660 9.123343
659 661 8.598849
658 662 3.352576
662 663 8.596913
663 664 6.45925
663 665 4.131489
662 666 13.675571999999999
321 667 3.938465
667 668 12.433532999999999
667 669 12.260453
310 670 0.076719
670 671 0.138799
671 672 0.5506139999999999
672 673 2.4668639999999997
673 674 12.113777
673 675 11.888351
672 676 14.137713
671 677 0.146233
677 678 0.21254
678 679 4.410373
679 680 14.117408000000001
679 681 8.607446000000001
681 682 6.923731
681 683 2.975152
678 684 2.661207
684 685 11.855586
684 686 12.412642
677 687 2.167383
687 688 2.271502
688 689 9.894471000000001
688 690 14.001218000000001
687 691 12.044623
670 692 0.040402
692 693 0.192226
693 694 9.80307
694 695 5.181646
695 696 0.15709800000000002
695 697 0.21544
694 698 5.8614619999999995
698 699 0.286433
698 700 0.352205
693 701 0.9040879999999999
701 702 16.050742
701 703 5.210567
703 704 8.831183
703 705 9.157108
692 706 5.096492
706 707 2.9817489999999998
707 708 7.429217
707 709 6.141832
706 710 9.338633999999999
273 711 0.312401
711 712 0.245669
712 713 1.018486
713 714 11.445598
713 715 12.396870999999999
712 716 0.23217899999999997
716 717 1.5749389999999999
717 718 11.547894
717 719 11.07052
716 720 12.927456000000001
711 721 0.205577
721 722 0.170436
722 723 0.081248
723 724 0.103451
724 725 0.127582
725 726 0.26842699999999997
726 727 12.008928000000001
726 728 10.982025
725 729 0.33029600000000003
729 730 10.990816
729 731 12.958093000000002
724 732 12.478857
723 733 1.839903
733 734 11.04313
733 735 0.439041
735 736 2.277551
736 737 8.749125000000001
736 738 8.600529
735 739 11.213668
722 740 0.135373
740 741 0.27968200000000004
741 742 12.874066000000001
741 743 12.352117999999999
740 744 13.078486999999999
721 745 0.29309399999999997
745 746 0.134438
746 747 0.107916
747 748 0.12832
748 749 0.144543
749 750 0.171112
750 751 0.14058199999999998
751 752 0.066756
752 753 0.165133
753 754 16.132926
753 755 14.149139
752 756 1.517943
756 757 14.319490000000002
756 758 2.737456
758 759 13.355385
758 760 11.657919999999999
751 761 0.187792
761 762 0.361949
762 763 12.939511000000001
763 764 3.0578830000000004
763 765 3.275273
762 766 15.77257
761 767 0.081691
767 768 0.117294
768 769 14.824704
768 770 0.32733100000000004
770 771 0.3973
771 772 0.19266699999999998
772 773 0.132472
773 774 0.13272399999999998
774 775 0.154643
775 776 0.408412
776 777 0.19326600000000002
777 778 0.5040560000000001
778 779 19.881982
778 780 17.797635
777 781 0.135413
781 782 18.587878
781 783 0.48809300000000005
783 784 24.671440999999998
783 785 0.257045
785 786 0.192163
786 787 1.196924
787 788 18.206971
787 789 20.590262
786 790 0.572634
790 791 1.021677
791 792 19.930241000000002
791 793 19.34597
790 794 20.106583
785 795 0.41653799999999996
795 796 0.13089099999999998
796 797 23.508623
796 798 0.360456
798 799 20.217762
798 800 20.122844
795 801 20.398646
776 802 0.459612
802 803 0.329946
803 804 19.883972999999997
803 805 21.521029
802 806 20.612043999999997
775 807 0.18527000000000002
807 808 0.067601
808 809 19.733619
808 810 18.850734
807 811 0.324895
811 812 16.74327
811 813 0.074186
813 814 18.940501
813 815 16.397444999999998
774 816 0.400995
816 817 18.396989
816 818 0.30977
818 819 16.448264
818 820 16.814109
773 821 0.16811199999999998
821 822 19.150626000000003
821 823 0.234686
823 824 20.165338
823 825 0.30432699999999996
825 826 0.513687
826 827 0.19448
827 828 16.923544
827 829 16.711368
826 830 17.98008
825 831 18.046717
772 832 0.10428799999999999
832 833 0.175989
833 834 0.150905
834 835 0.14211600000000002
835 836 0.378639
836 837 15.860769999999999
836 838 15.166372
835 839 16.092889
834 840 16.901524000000002
833 841 0.167426
841 842 14.993474
841 843 0.245682
843 844 1.280068
844 845 0.8827349999999999
845 846 12.570999999999998
845 847 0.62751
847 848 11.120645999999999
847 849 11.604208
844 850 0.172514
850 851 14.412749
850 852 0.721631
852 853 2.022238
853 854 10.591306
853 855 0.34536300000000003
855 856 9.909047
855 857 8.398564
852 858 14.489205
843 859 15.864607
832 860 0.367527
860 861 0.05262
861 862 16.868647
861 863 15.967969000000002
860 864 0.064168
864 865 0.10254400000000001
865 866 16.025844
865 867 0.192629
867 868 1.823528
868 869 15.225404000000001
868 870 0.664863
870 871 0.632548
871 872 11.508121000000001
871 873 1.2704520000000001
873 874 4.017066
874 875 12.038146
874 876 9.409433
873 877 2.138137
877 878 0.518088
878 879 9.295390000000001
878 880 2.5061
880 881 5.991672
880 882 4.918386
882 883 4.65686
882 884 5.0291429999999995
877 885 8.569192000000001
870 886 13.265304
867 887 0.332393
887 888 15.792681
887 889 16.990714
864 890 0.201014
890 891 0.271936
891 892 0.6336160000000001
892 893 18.298446
892 894 17.0395
891 895 17.514335
890 896 0.157148
896 897 15.311115000000001
896 898 1.053973
898 899 17.655296
898 900 16.458593999999998
771 901 0.371768
901 902 15.438929000000002
901 903 19.420039
770 904 0.275403
904 905 16.691978
904 906 18.805627
767 907 15.57698
750 908 0.084547
908 909 0.21575600000000003
909 910 0.07683
910 911 14.851690000000001
910 912 15.483595
909 913 16.341478000000002
908 914 0.165098
914 915 0.153432
915 916 13.985397999999998
915 917 0.304118
917 918 14.895812999999999
917 919 14.162197
914 920 0.127635
920 921 0.209055
921 922 14.42281
921 923 0.7448319999999999
923 924 13.896875
923 925 12.500144999999998
920 926 0.522717
926 927 13.241168
926 928 13.368731
749 929 0.241611
929 930 1.760786
930 931 13.763300000000001
930 932 1.031803
932 933 12.879626
932 934 12.293338
929 935 16.041236
748 936 0.33984000000000003
936 937 0.5156970000000001
937 938 13.782857000000002
937 939 17.084626
936 940 14.705165000000001
747 941 0.305786
941 942 13.873846
941 943 14.545526
746 944 0.08237900000000001
944 945 0.26659299999999997
945 946 0.26418200000000003
946 947 12.919312
946 948 12.785850000000002
945 949 0.214796
949 950 13.047657
949 951 12.497845
944 952 0.066031
952 953 13.797661
952 954 13.078337000000001
745 955 0.067039
955 956 0.113226
956 957 0.369201
957 958 14.581685
957 959 13.252269
956 960 13.148628
955 961 12.686135000000002
272 962 1.212327
962 963 0.10312299999999999
963 964 0.8597799999999999
964 965 1.310482
965 966 2.535981
966 967 7.5526469999999994
966 968 7.6149949999999995
965 969 9.411864
964 970 0.387562
970 971 13.625150999999999
970 972 0.704279
972 973 10.514988
972 974 1.22663
974 975 8.327683
974 976 3.2476230000000004
976 977 7.087665
976 978 4.80696
978 979 1.6306169999999998
978 980 1.296472
963 981 1.520662
981 982 2.7624329999999997
982 983 9.207594
982 984 8.2485
981 985 5.692863
985 986 6.416511
985 987 5.5047239999999995
987 988 0.884424
987 989 0.871829
962 990 3.0960419999999997
990 991 10.146138
990 992 9.598407
249 993 2.016226
993 994 11.145284
993 995 11.36669
248 996 0.302428
996 997 0.3199
997 998 0.450415
998 999 12.68145
998 1000 0.30750700000000003
1000 1001 15.157398
1000 1002 0.40606699999999996
1002 1003 0.47685999999999995
1003 1004 4.283301
1004 1005 11.642375000000001
1004 1006 9.592324000000001
1003 1007 13.092963
1002 1008 5.570239
1008 1009 1.448726
1009 1010 8.188955
1009 1011 9.001038999999999
1008 1012 10.525727999999999
997 1013 13.448267
996 1014 7.043143000000001
1014 1015 4.822315
1014 1016 4.863688
81 1017 6.691911
1017 1018 4.511939
1017 1019 4.641866
64 1020 10.035412
63 1021 11.09193
6 1022 0.08862600000000001
1022 1023 0.19646400000000003
1023 1024 0.373338
1024 1025 9.249343
1024 1026 9.430806
1023 1027 0.11044500000000002
1027 1028 5.972231
1028 1029 4.427368
1028 1030 4.03458
1027 1031 0.26185200000000003
1031 1032 1.316441
1032 1033 8.140677
1032 1034 8.41068
1031 1035 0.340421
1035 1036 0.33342499999999997
1036 1037 0.148542
1037 1038 0.17519300000000002
1038 1039 0.163916
1039 1040 0.310386
1040 1041 0.169266
1041 1042 0.10734500000000001
1042 1043 11.647955
1042 1044 12.247734000000001
1041 1045 0.25854099999999997
1045 1046 0.13137
1046 1047 0.357489
1047 1048 14.276425000000001
1047 1049 11.827886
1049 1050 0.026602
1049 1051 0.026617
1046 1052 0.387588
1052 1053 11.636906
1052 1054 0.6036480000000001
1054 1055 10.911845000000001
1055 1056 1.5339260000000001
1055 1057 1.339943
1054 1058 11.733177999999999
1045 1059 11.280949999999999
1040 1060 3.280873
1060 1061 8.633661
1060 1062 9.354631
1039 1063 0.223917
1063 1064 0.647264
1064 1065 1.37894
1065 1066 2.360963
1066 1067 7.9637
1066 1068 4.995321
1068 1069 2.195717
1068 1070 2.381185
1065 1071 10.797632
1064 1072 1.0475510000000001
1072 1073 3.537025
1073 1074 3.814573
1074 1075 1.389623
1074 1076 1.218147
1073 1077 6.0576989999999995
1072 1078 1.113055
1078 1079 8.033597
1078 1080 7.825902999999999
1063 1081 0.311524
1081 1082 10.986376
1081 1083 10.727302
1038 1084 0.184101
1084 1085 1.060992
1085 1086 10.210242
1085 1087 9.960061000000001
1084 1088 0.26250700000000005
1088 1089 0.366851
1089 1090 1.8983010000000002
1090 1091 2.410865
1091 1092 6.648776000000001
1092 1093 0.699048
1093 1094 3.07626
1093 1095 2.352159
1092 1096 2.254651
1091 1097 5.831266
1097 1098 2.571851
1097 1099 2.59047
1090 1100 11.220056
1089 1101 12.254838999999999
1088 1102 0.208492
1102 1103 11.346923
1102 1104 0.335086
1104 1105 0.271504
1105 1106 0.180776
1106 1107 12.743056
1106 1108 12.855666
1105 1109 1.354561
1109 1110 0.736636
1110 1111 1.475242
1111 1112 2.610125
1112 1113 10.238706
1112 1114 6.738408999999999
1111 1115 9.816698
1110 1116 1.1272849999999999
1116 1117 0.818431
1117 1118 10.270945
1117 1119 0.652418
1119 1120 0.5402
1120 1121 9.957069
1120 1122 10.638993
1119 1123 9.917489999999999
1116 1124 0.378337
1124 1125 0.14486
1125 1126 1.035085
1126 1127 10.411471
1126 1128 5.966922
1128 1129 5.98758
1128 1130 3.033175
1130 1131 3.05545
1130 1132 2.426189
1125 1133 0.318369
1133 1134 0.44802899999999996
1134 1135 12.721756000000001
1134 1136 0.5499310000000001
1136 1137 1.10858
1137 1138 1.911678
1138 1139 7.732588
1138 1140 7.275395
1137 1141 2.505565
1141 1142 9.968978
1141 1143 8.87083
1136 1144 0.541234
1144 1145 10.220285
1144 1146 0.423675
1146 1147 11.970274999999999
1146 1148 0.6162080000000001
1148 1149 10.948501
1148 1150 8.370284999999999
1133 1151 0.381997
1151 1152 0.573045
1152 1153 0.373266
1153 1154 1.0809900000000001
1154 1155 4.116885
1155 1156 7.642417
1155 1157 4.651357
1154 1158 10.38551
1153 1159 2.123839
1159 1160 1.118619
1160 1161 6.052095
1161 1162 1.454449
1161 1163 0.940442
1160 1164 3.02188
1164 1165 4.49108
1164 1166 7.643034
1159 1167 3.28532
1167 1168 7.013686
1167 1169 4.58823
1152 1170 0.8593129999999999
1170 1171 2.136177
1171 1172 6.810889
1172 1173 2.676524
1172 1174 2.5922359999999998
1171 1175 9.04861
1170 1176 0.696114
1176 1177 1.171637
1177 1178 10.070617
1177 1179 2.5690850000000003
1179 1180 6.784682
1179 1181 8.43618
1176 1182 1.113488
1182 1183 7.500919000000001
1183 1184 3.3254810000000004
1183 1185 2.954455
1182 1186 9.742294999999999
1151 1187 1.2201089999999999
1187 1188 6.191791
1188 1189 10.881074
1188 1190 11.098702000000001
1187 1191 4.904536
1191 1192 5.546767
1192 1193 6.977479000000001
1192 1194 5.369514000000001
1191 1195 12.441524
1124 1196 0.391967
1196 1197 1.203438
1197 1198 8.685252
1197 1199 1.160411
1199 1200 4.129646
1200 1201 5.58073
1200 1202 2.8812170000000004
1199 1203 10.718677
1196 1204 0.61591
1204 1205 0.46461899999999995
1205 1206 0.753123
1206 1207 8.500579
1206 1208 1.012459
1208 1209 2.185326
1209 1210 8.773653
1209 1211 6.3939889999999995
1208 1212 8.059484999999999
1205 1213 11.048367
1204 1214 0.8931089999999999
1214 1215 1.3562889999999999
1215 1216 0.775495
1216 1217 2.513452
1217 1218 4.902457
1217 1219 7.923515
1216 1220 2.4359889999999997
1220 1221 3.8454469999999996
1220 1222 6.106656
1215 1223 10.014819
1214 1224 3.087565
1224 1225 7.372566999999999
1224 1226 5.6130640000000005
1109 1227 0.5337459999999999
1227 1228 11.737514000000001
1227 1229 10.77446
1104 1230 11.919845
1037 1231 0.163797
1231 1232 0.161244
1232 1233 9.307804
1232 1234 0.918713
1234 1235 10.139666
1234 1236 1.410693
1236 1237 1.811829
1237 1238 7.053445
1237 1239 3.3111099999999998
1239 1240 1.043139
1240 1241 2.072967
1240 1242 1.8120779999999999
1239 1243 3.1080050000000004
1236 1244 2.961322
1244 1245 5.085775
1244 1246 6.6758
1231 1247 0.258901
1247 1248 0.795788
1248 1249 8.175091
1248 1250 0.765835
1250 1251 11.549798
1250 1252 8.620506
1247 1253 1.6922380000000001
1253 1254 10.23484
1253 1255 10.041903000000001
1036 1256 0.295976
1256 1257 0.302764
1257 1258 9.571693
1257 1259 10.332511
1256 1260 0.508838
1260 1261 8.698692
1260 1262 9.12994
1035 1263 0.104806
1263 1264 0.18748700000000001
1264 1265 9.885587999999998
1264 1266 0.631975
1266 1267 0.52825
1267 1268 5.7549969999999995
1268 1269 5.271077
1268 1270 5.319663
1267 1271 8.986887000000001
1266 1272 8.785214
1263 1273 0.597505
1273 1274 9.318794
1273 1275 9.680674
1022 1276 0.152426
1276 1277 0.10862999999999999
1277 1278 9.992968000000001
1277 1279 9.485478
1276 1280 0.530007
1280 1281 8.462748000000001
1280 1282 9.153005
5 1283 0.062199
1283 1284 9.175994
1283 1285 0.28231799999999996
1285 1286 0.145699
1286 1287 0.17925
1287 1288 0.11447600000000001
1288 1289 0.140145
1289 1290 0.19938999999999998
1290 1291 0.223765
1291 1292 0.5634819999999999
1292 1293 10.432193
1292 1294 10.589627
1291 1295 3.414698
1295 1296 8.236854000000001
1295 1297 6.824349000000001
1290 1298 0.10220599999999999
1298 1299 0.139626
1299 1300 10.221949
1299 1301 0.6348900000000001
1301 1302 11.805247000000001
1301 1303 11.664684
1298 1304 9.972135
1289 1305 1.7531109999999999
1305 1306 7.357057
1305 1307 1.7302229999999998
1307 1308 3.5312219999999996
1308 1309 1.680933
1308 1310 1.884794
1307 1311 9.055261
1288 1312 10.443942
1287 1313 0.185633
1313 1314 0.311647
1314 1315 9.230139
1314 1316 9.077472
1313 1317 0.099143
1317 1318 10.101265
1317 1319 0.088871
1319 1320 0.13683499999999998
1320 1321 0.086422
1321 1322 7.678964000000001
1321 1323 0.144346
1323 1324 0.163556
1324 1325 9.183966
1324 1326 7.952808999999999
1323 1327 7.739583999999999
1320 1328 0.306074
1328 1329 7.264381
1328 1330 8.701559
1319 1331 0.142153
1331 1332 0.18810000000000002
1332 1333 0.39767600000000003
1333 1334 8.488621
1333 1335 9.180352
1332 1336 8.410201
1331 1337 0.497105
1337 1338 7.460152000000001
1337 1339 7.601051
1286 1340 0.201178
1340 1341 8.781118000000001
1340 1342 0.10658799999999999
1342 1343 10.403273
1342 1344 11.470064
1285 1345 8.844835
2 1346 0.279148
1346 1347 0.272691
1347 1348 0.084096
1348 1349 0.09955299999999999
1349 1350 0.30688
1350 1351 8.102511
1350 1352 0.359437
1352 1353 9.099846
1352 1354 9.314204
1349 1355 0.358367
1355 1356 7.229679999999999
1355 1357 6.873566
1348 1358 7.903374
1347 1359 0.156568
1359 1360 0.08489
1360 1361 0.32988100000000004
1361 1362 0.15197
1362 1363 0.0995
1363 1364 0.24088199999999999
1364 1365 0.188178
1365 1366 0.143498
1366 1367 0.14705300000000002
1367 1368 0.303271
1368 1369 4.732169
1368 1370 4.528076
1367 1371 0.11999300000000002
1371 1372 0.067108
1372 1373 0.828384
1373 1374 3.706798
1373 1375 0.657226
1375 1376 3.57117
1375 1377 3.560283
1372 1378 0.289231
1378 1379 0.287214
1379 1380 5.61909
1379 1381 0.288308
1381 1382 5.288705
1381 1383 5.887452
1378 1384 0.11858699999999998
1384 1385 0.24179499999999998
1385 1386 5.914298
1385 1387 5.900497
1384 1388 0.250489
1388 1389 6.42863
1388 1390 5.1200660000000005
1371 1391 6.24609
1366 1392 0.083952
1392 1393 0.19453700000000002
1393 1394 0.149862
1394 1395 0.23315800000000003
1395 1396 0.33631999999999995
1396 1397 4.7367420000000005
1396 1398 4.576722
1395 1399 1.060699
1399 1400 3.2520569999999998
1399 1401 3.7197359999999997
1394 1402 0.162664
1402 1403 4.315411
1402 1404 0.288101
1404 1405 0.8944300000000001
1405 1406 3.366101
1405 1407 3.5524729999999995
1404 1408 4.055011
1393 1409 0.192741
1409 1410 5.46131
1409 1411 6.353485
1392 1412 0.077407
1412 1413 6.731081999999999
1412 1414 0.02387
1414 1415 0.24097200000000002
1415 1416 0.313301
1416 1417 0.06566999999999999
1417 1418 6.045211
1417 1419 0.234725
1419 1420 5.65795
1419 1421 0.48893699999999995
1421 1422 5.407601
1421 1423 5.502457000000001
1416 1424 5.801812
1415 1425 0.287531
1425 1426 0.28331
1426 1427 0.07328799999999999
1427 1428 0.221237
1428 1429 0.043011
1429 1430 0.185113
1430 1431 0.412169
1431 1432 7.6605870000000005
1431 1433 7.187736999999999
1430 1434 0.193206
1434 1435 3.702025
1434 1436 0.28946
1436 1437 3.244057
1436 1438 4.898572000000001
1429 1439 0.219025
1439 1440 0.088665
1440 1441 2.487448
1440 1442 0.253371
1442 1443 2.739783
1442 1444 2.475758
1439 1445 0.43022800000000005
1445 1446 3.901177
1445 1447 2.591638
1428 1448 0.262074
1448 1449 0.13971299999999998
1449 1450 0.14799800000000002
1450 1451 0.321787
1451 1452 0.24118699999999998
1452 1453 2.047745
1452 1454 3.3806750000000005
1451 1455 2.579463
1455 1456 0.079303
1455 1457 0.08035600000000001
1450 1458 0.117277
1458 1459 0.046509999999999996
1459 1460 3.553617
1459 1461 3.8439349999999997
1458 1462 2.747529
1449 1463 0.048611
1463 1464 0.21165099999999998
1464 1465 0.060203000000000007
1465 1466 0.269876
1466 1467 0.268184
1467 1468 0.052075
1468 1469 0.058673
1469 1470 1.167871
1469 1471 0.08279399999999999
1471 1472 2.112142
1471 1473 2.198661
1468 1474 0.10888600000000001
1474 1475 1.209182
1474 1476 0.058114
1476 1477 0.048194
1477 1478 0.957184
1477 1479 0.120517
1479 1480 0.25217500000000004
1480 1481 0.722707
1480 1482 1.831843
1479 1483 0.572732
1476 1484 0.171338
1467 1485 0.9484980000000001
1466 1486 0.18426199999999998
1486 1487 0.46178900000000006
1487 1488 1.660847
1487 1489 1.585561
1486 1490 0.24337400000000003
1490 1491 0.32416799999999996
1491 1492 0.641023
1492 1493 1.168022
1492 1494 1.492968
1491 1495 1.7538680000000002
1490 1496 2.084028
1465 1497 0.048001
1497 1498 0.126968
1498 1499 2.210024
1498 1500 2.10078
1497 1501 2.108264
1464 1502 2.318758
1463 1503 0.588062
1503 1504 2.805645
1503 1505 0.20127299999999998
1505 1506 2.217259
1505 1507 2.625742
1448 1508 0.08824599999999999
1508 1509 0.16098600000000002
1509 1510 0.324477
1510 1511 4.338046
1510 1512 3.538484
1509 1513 0.085481
1513 1514 0.283448
1514 1515 0.48709
1515 1516 6.738657000000001
1515 1517 0.898384
1517 1518 3.9984150000000005
1517 1519 2.54762
1514 1520 0.084191
1520 1521 0.29995
1521 1522 1.041591
1522 1523 6.712152000000001
1522 1524 5.262303
1521 1525 0.355429
1525 1526 0.328492
1526 1527 5.681941
1526 1528 6.079635
1525 1529 1.72047
1529 1530 5.373311
1529 1531 4.472352
1520 1532 4.7293210000000006
1513 1533 0.414646
1533 1534 0.41715700000000006
1534 1535 3.819873
1534 1536 4.1630970000000005
1533 1537 4.585504
1508 1538 0.186709
1538 1539 0.066142
1539 1540 0.230623
1540 1541 3.895239
1540 1542 0.10955
1542 1543 0.27223400000000003
1543 1544 2.5253729999999996
1543 1545 2.6901669999999998
1542 1546 0.39301400000000003
1546 1547 4.134842
1546 1548 3.36915
1539 1549 3.700989
1538 1550 0.620726
1550 1551 3.9022300000000003
1550 1552 3.282443
1427 1553 4.734023
1426 1554 0.10150599999999999
1554 1555 3.792019
1554 1556 3.499094
1425 1557 4.316187
1414 1558 4.993219
1365 1559 0.24789299999999997
1559 1560 6.427312000000001
1559 1561 6.292219
1364 1562 0.102973
1562 1563 0.239032
1563 1564 6.227018
1563 1565 5.747437
1562 1566 0.233294
1566 1567 0.140187
1567 1568 0.233334
1568 1569 5.6887550000000005
1568 1570 1.602358
1570 1571 5.6142959999999995
1570 1572 4.657125
1567 1573 5.926858
1566 1574 5.966784
1363 1575 0.15831499999999998
1575 1576 6.369347
1575 1577 6.084085
1362 1578 0.18101899999999999
1578 1579 6.544772
1578 1580 0.320582
1580 1581 7.6473260000000005
1580 1582 5.551184
1361 1583 0.172608
1583 1584 6.340839
1583 1585 7.6559680000000006
1360 1586 0.125344
1586 1587 0.151908
1587 1588 0.152492
1588 1589 0.204535
1589 1590 0.317106
1590 1591 8.207735
1590 1592 8.450061
1589 1593 0.334837
1593 1594 9.432082999999999
1593 1595 8.662648
1588 1596 0.131318
1596 1597 0.374688
1597 1598 9.618996000000001
1597 1599 9.486912
1596 1600 0.135454
1600 1601 0.066123
1601 1602 0.089597
1602 1603 0.204974
1603 1604 0.132702
1604 1605 0.21285900000000002
1605 1606 0.034862000000000004
1606 1607 10.757742
1606 1608 8.827144
1605 1609 10.449438
1604 1610 9.486449
1603 1611 9.633131
1602 1612 0.6698270000000001
1612 1613 9.543238
1612 1614 10.573846000000001
1601 1615 1.01305
1615 1616 8.670758000000001
1615 1617 8.572457
1600 1618 0.212814
1618 1619 0.34681500000000004
1619 1620 2.828971
1620 1621 8.074779999999999
1620 1622 8.157259
1619 1623 0.8964150000000001
1623 1624 5.636563
1624 1625 2.4276240000000002
1625 1626 2.5225779999999998
1625 1627 2.160764
1624 1628 4.544169
1623 1629 9.930228000000001
1618 1630 0.40364
1630 1631 0.148401
1631 1632 0.45420699999999997
1632 1633 11.878805
1632 1634 11.484686
1631 1635 0.343698
1635 1636 0.071481
1636 1637 1.3618160000000001
1637 1638 10.596875
1637 1639 11.75544
1636 1640 0.387369
1640 1641 0.359503
1641 1642 0.249218
1642 1643 9.379560000000001
1642 1644 0.126826
1644 1645 9.312134
1644 1646 0.42708900000000005
1646 1647 9.060533
1646 1648 0.19971199999999997
1648 1649 8.910181
1648 1650 9.982847
1641 1651 0.332873
1651 1652 11.797932
1651 1653 10.181845000000001
1640 1654 9.511106
1635 1655 0.579261
1655 1656 1.7041049999999998
1656 1657 6.042301
1657 1658 4.7123669999999995
1658 1659 1.009323
1659 1660 0.9101009999999999
1659 1661 0.207515
1661 1662 0.60112
1661 1663 0.782595
1658 1664 0.647143
1664 1665 0.7346980000000001
1664 1666 0.223259
1666 1667 0.47567699999999996
1666 1668 0.32261999999999996
1657 1669 1.443331
1669 1670 0.848113
1670 1671 0.176397
1671 1672 1.2477850000000001
1671 1673 0.21192199999999997
1673 1674 0.9935299999999999
1674 1675 0.194256
1675 1676 0.12426799999999999
1676 1677 0.145296
1677 1678 0.191996
1678 1679 0.42318599999999995
1678 1680 0.109012
1680 1681 0.29359
1680 1682 0.23860800000000001
1677 1683 0.30694
1683 1684 0.257013
1683 1685 0.06230600000000001
1685 1686 0.073153
1686 1687 0.19713999999999998
1686 1688 0.015739
1685 1689 0.086507
1676 1690 0.260504
1690 1691 0.279746
1690 1692 0.412111
1675 1693 0.065535
1693 1694 0.121104
1694 1695 0.12151600000000001
1695 1696 0.787563
1695 1697 0.489712
1694 1698 0.184498
1698 1699 0.352396
1698 1700 0.179802
1693 1701 0.96325
1674 1702 0.6022740000000001
1702 1703 0.666493
1702 1704 0.078585
1704 1705 0.400997
1705 1706 0.228355
1705 1707 0.303843
1704 1708 0.583569
1673 1709 0.416829
1709 1710 0.303612
1710 1711 0.15854000000000001
1711 1712 0.05542299999999999
1712 1713 0.10041
1713 1714 0.061669999999999996
1714 1715 0.44189
1714 1716 0.516066
1713 1717 0.137904
1717 1718 0.035755
1718 1719 0.36211099999999996
1718 1720 0.649065
1717 1721 0.390003
1712 1722 0.058002
1722 1723 0.25321
1723 1724 0.240873
1723 1725 0.184886
1722 1726 0.08274000000000001
1726 1727 0.086907
1727 1728 0.195739
1728 1729 0.361171
1728 1730 0.064588
1730 1731 0.107119
1730 1732 0.052539999999999996
1727 1733 0.336459
1726 1734 0.09271
1734 1735 0.351159
1734 1736 0.101209
1736 1737 0.267999
1736 1738 0.21097999999999997
1711 1739 0.123986
1739 1740 0.28768299999999997
1739 1741 0.350955
1710 1742 0.10381699999999999
1742 1743 0.137185
1743 1744 0.377351
1743 1745 0.075017
1745 1746 0.18759499999999998
1745 1747 0.184944
1742 1748 0.168829
1748 1749 0.062029999999999995
1749 1750 0.288563
1749 1751 0.030756000000000002
1748 1752 0.204069
1709 1753 0.520776
1753 1754 0.274683
1754 1755 0.411263
1754 1756 0.08102
1756 1757 0.064813
1757 1758 0.460494
1757 1759 0.603902
1756 1760 0.314378
1760 1761 0.197009
1761 1762 0.058805
1761 1763 0.047635000000000004
1760 1764 0.188834
1764 1765 0.063001
1764 1766 0.362758
1753 1767 0.29743
1767 1768 0.19928200000000001
1767 1769 0.439356
1670 1770 0.644721
1770 1771 0.947927
1770 1772 0.122497
1772 1773 0.183823
1773 1774 0.028915
1774 1775 0.058100000000000006
1775 1776 0.043189
1776 1777 0.574453
1776 1778 0.117404
1778 1779 0.352978
1778 1780 0.285659
1775 1781 0.04662
1781 1782 0.10597899999999999
1782 1783 0.487277
1782 1784 0.09813999999999999
1781 1785 0.31978
1774 1786 0.249577
1773 1787 0.03761
1787 1788 0.46439400000000003
1787 1789 0.333903
1772 1790 0.712182
1790 1791 0.45562199999999997
1790 1792 0.236235
1792 1793 0.271925
1792 1794 0.153834
1669 1795 4.077757
1656 1796 25.263922
1655 1797 10.32699
1630 1798 0.403942
1798 1799 3.3343730000000003
1799 1800 8.7167
1799 1801 8.792613000000001
1798 1802 0.22470099999999998
1802 1803 1.107337
1803 1804 2.9266739999999998
1804 1805 7.876435
1804 1806 6.812229
1803 1807 11.86843
1802 1808 0.16328600000000001
1808 1809 0.561368
1809 1810 13.245071999999999
1809 1811 12.247212000000001
1808 1812 0.5495950000000001
1812 1813 3.8482719999999997
1813 1814 7.371237999999999
1813 1815 7.689965
1812 1816 0.316177
1816 1817 11.3326
1816 1818 12.24377
1587 1819 0.087739
1819 1820 0.113517
1820 1821 8.491835
1820 1822 7.793422999999999
1819 1823 0.277316
1823 1824 0.061622
1824 1825 9.398964999999999
1824 1826 0.15398799999999999
1826 1827 9.747974
1826 1828 0.283958
1828 1829 1.095618
1829 1830 7.604444000000001
1829 1831 8.787254
1828 1832 8.723435
1823 1833 9.451417
1586 1834 0.061534000000000005
1834 1835 0.16486
1835 1836 1.192457
1836 1837 7.891896
1836 1838 7.728115000000001
1838 1839 0.459302
1838 1840 0.498655
1835 1841 0.252793
1841 1842 8.225198
1841 1843 0.675813
1843 1844 1.121257
1844 1845 6.610365
1844 1846 6.109167
1843 1847 6.755273000000001
1834 1848 0.164243
1848 1849 0.5315799999999999
1849 1850 3.248949
1850 1851 3.223334
1851 1852 0.10389
1852 1853 0.48191199999999995
1853 1854 0.611139
1854 1855 0.08165499999999999
1855 1856 0.666684
1855 1857 0.5041519999999999
1854 1858 0.769861
1853 1859 0.41666899999999996
1859 1860 0.069996
1860 1861 0.27734000000000003
1860 1862 0.308078
1859 1863 0.222712
1852 1864 0.667303
1864 1865 0.442848
1864 1866 0.355449
1851 1867 0.328521
1867 1868 1.465782
1867 1869 0.822669
1850 1870 4.624091
1870 1871 2.0072
1870 1872 1.026328
1849 1873 9.143364
1848 1874 7.542860999999999
1359 1875 0.342713
1875 1876 0.168871
1876 1877 0.374509
1877 1878 1.135332
1878 1879 6.3465419999999995
1878 1880 6.426208999999999
1877 1881 1.240952
1881 1882 0.7135769999999999
1882 1883 0.719054
1883 1884 0.9551280000000001
1884 1885 3.3905320000000003
1884 1886 3.90058
1883 1887 0.7759699999999999
1887 1888 0.699419
1888 1889 0.7558900000000001
1889 1890 0.43326800000000004
1890 1891 3.106214
1890 1892 4.184899000000001
1889 1893 0.38831299999999996
1893 1894 0.239706
1894 1895 2.918581
1894 1896 5.117609
1893 1897 1.370193
1897 1898 2.401131
1897 1899 0.04698
1899 1900 2.039421
1899 1901 2.111723
1888 1902 3.3769599999999995
1887 1903 0.490958
1903 1904 3.262016
1903 1905 0.373562
1905 1906 1.973149
1905 1907 0.681189
1907 1908 1.181424
1908 1909 0.025568999999999998
1908 1910 0.02765
1907 1911 0.188985
1911 1912 0.78113
1911 1913 0.8686839999999999
1913 1914 0.055026
1913 1915 0.15785300000000002
1882 1916 0.294286
1916 1917 1.046572
1917 1918 0.9983010000000001
1918 1919 0.2718
1919 1920 1.079107
1920 1921 3.1942180000000002
1921 1922 1
1921 1923 1
1920 1924 2.074542
1919 1925 0.39109
1925 1926 1.352867
1926 1927 1.813928
1926 1928 1.805018
1925 1929 3.8360640000000004
1918 1930 2.665268
1917 1931 2.033565
1931 1932 0.695106
1932 1933 2.3451530000000003
1932 1934 2.923607
1934 1935 1
1934 1936 1
1931 1937 1.859444
1916 1938 2.442443
1938 1939 4.961875
1938 1940 1.078572
1940 1941 2.487718
1941 1942 2.165165
1941 1943 1.453781
1940 1944 1.982745
1881 1945 0.82461
1945 1946 5.068071
1945 1947 5.735548
1947 1948 0.040173
1947 1949 0.013047
1876 1950 0.136099
1950 1951 0.367469
1951 1952 10.304114
1951 1953 0.61925
1953 1954 9.913038
1953 1955 1.981586
1955 1956 6.693741
1955 1957 7.8352640000000005
1950 1958 0.12918000000000002
1958 1959 0.201353
1959 1960 0.16698100000000002
1960 1961 0.17860499999999999
1961 1962 0.47727200000000003
1962 1963 7.514239
1962 1964 8.025941
1961 1965 0.081536
1965 1966 8.887392
1965 1967 9.473438000000002
1960 1968 8.070463
1959 1969 0.122402
1969 1970 0.582357
1970 1971 8.769366000000002
1970 1972 8.207749999999999
1969 1973 9.050426
1958 1974 0.248936
1974 1975 0.276509
1975 1976 8.409967
1975 1977 7.662412000000001
1974 1978 1.206992
1978 1979 5.568912
1979 1980 0.8204629999999999
1979 1981 0.9890100000000001
1978 1982 3.01278
1982 1983 4.283384
1982 1984 2.58197
1875 1985 0.25766500000000003
1985 1986 7.520867000000001
1985 1987 9.296588999999999
1346 1988 9.120366
1 1989 0.19593599999999997
1989 1990 0.040588
1990 1991 0.268388
1991 1992 8.658487
1991 1993 8.318628
1990 1994 0.41016400000000003
1994 1995 8.745925
1994 1996 9.721345000000001
1989 1997 8.521147
1 1998 9.243925
