1 2 1.208075
2 3 0.135685
3 4 0.370911
4 5 0.166622
5 6 0.21373999999999999
6 7 0.177601
7 8 0.157388
8 9 0.26345999999999997
9 10 0.420274
10 11 0.151007
11 12 0.771494
12 13 12.052583
12 14 0.048497
14 15 11.36114
14 16 11.387195
11 17 0.569751
17 18 13.273746000000001
17 19 15.63063
10 20 0.229918
20 21 0.529203
21 22 10.747963
21 23 11.920134000000001
20 24 0.345593
24 25 0.20441199999999998
25 26 0.441081
26 27 0.336035
27 28 0.253813
28 29 0.580439
29 30 11.609211
29 31 11.380473
28 32 0.181627
32 33 0.763504
33 34 13.96999
33 35 0.388976
35 36 13.849967
35 37 13.307074
32 38 0.079417
38 39 8.032838
39 40 4.3099609999999995
39 41 4.937215999999999
38 42 0.253499
42 43 0.34506200000000004
43 44 0.23630800000000002
44 45 0.3862
45 46 0.124095
46 47 12.91235
46 48 13.986678
45 49 13.199258
44 50 12.699798000000001
43 51 0.119815
51 52 0.221775
52 53 0.216583
53 54 0.038362
54 55 0.25003
55 56 0.21050499999999997
56 57 0.195187
57 58 0.248156
58 59 15.060343000000001
58 60 17.487261
57 61 0.279208
61 62 0.192591
62 63 0.26075899999999996
63 64 1.01198
64 65 0.35862099999999997
65 66 21.641811
65 67 0.325637
67 68 1.018347
68 69 23.733224
68 70 22.796032999999998
67 71 20.269457
64 72 0.385023
72 73 20.028579
72 74 16.772754
63 75 0.080483
75 76 0.272811
76 77 0.725081
77 78 0.6903509999999999
78 79 19.474979
78 80 16.631406000000002
77 81 16.829587
76 82 0.450666
82 83 14.784133999999998
82 84 14.832734
75 85 0.28776999999999997
85 86 15.279371999999999
85 87 16.245919
62 88 0.35410400000000003
88 89 0.28279
89 90 14.905622
89 91 0.65906
91 92 16.775713
91 93 17.86508
88 94 14.95839
61 95 0.212688
95 96 17.44673
95 97 15.288464
56 98 0.448407
98 99 0.207703
99 100 0.750242
100 101 6.228014
101 102 10.881777
101 103 1.888834
103 104 9.634134
103 105 0.5634359999999999
105 106 0.766391
106 107 14.958293000000001
106 108 11.940736000000001
105 109 1.212006
109 110 16.293357999999998
109 111 11.556885999999999
100 112 16.673692000000003
99 113 1.31841
113 114 2.501983
114 115 12.56206
114 116 2.1930169999999998
116 117 9.689224000000001
116 118 8.968189
118 119 1.062757
119 120 1.426056
119 121 1.3641510000000001
118 122 2.280974
113 123 14.218239999999998
98 124 0.444974
124 125 0.169354
125 126 0.668257
126 127 6.467434
127 128 11.721532
127 129 11.348812
126 130 3.8059959999999995
130 131 15.619852000000002
130 132 2.6626049999999997
132 133 8.480237
133 134 2.684394
133 135 2.759965
132 136 7.629049999999999
136 137 0.985766
137 138 2.446719
137 139 3.294445
136 140 2.157859
125 141 0.618414
141 142 19.952177
141 143 19.80566
124 144 3.077848
144 145 0.36928500000000003
145 146 2.098991
146 147 5.032074000000001
147 148 7.476646000000001
147 149 4.909103
146 150 7.138474
150 151 5.8687830000000005
150 152 4.340141
145 153 13.742586000000001
144 154 3.091211
154 155 12.943108
154 156 0.9005930000000001
156 157 8.284949
156 158 12.956634000000001
55 159 14.644691000000002
54 160 0.22430499999999998
160 161 0.40486999999999995
161 162 0.36444699999999997
162 163 0.19715000000000002
163 164 0.280488
164 165 0.42602100000000004
165 166 0.83702
166 167 0.765435
167 168 0.707097
168 169 0.768204
169 170 17.759733999999998
169 171 7.699432000000001
171 172 11.508854
171 173 15.476061999999999
168 174 10.433728
174 175 13.345668
174 176 2.19761
176 177 11.056925
176 178 9.716519
167 179 0.331907
179 180 21.642932000000002
179 181 17.389597000000002
166 182 18.505424
165 183 15.799694
164 184 0.389576
184 185 0.20071300000000003
185 186 0.23580900000000002
186 187 15.261827
186 188 0.374799
188 189 0.300615
189 190 14.632980000000002
189 191 0.708019
191 192 1.124585
192 193 15.341436999999999
192 194 14.935609
194 195 1.318155
194 196 1.641056
191 197 15.105972000000001
188 198 0.487095
198 199 15.518467
199 200 0.02674
199 201 0.026508
198 202 19.87339
185 203 5.448025
203 204 11.497637
203 205 10.453019
184 206 0.23737699999999998
206 207 0.484692
207 208 1.125714
208 209 1.7398029999999998
209 210 1.5834689999999998
210 211 9.250679
210 212 9.610591
209 213 4.939624
213 214 7.002884
213 215 4.246282
215 216 1.221311
215 217 1.456535
208 218 2.1233370000000003
218 219 13.772733
218 220 3.486942
220 221 6.089613
221 222 2.521032
221 223 2.276204
220 224 9.51463
207 225 0.464581
225 226 14.115145000000002
225 227 13.648034
206 228 0.277668
228 229 0.7987150000000001
229 230 0.469799
230 231 15.161791999999998
230 232 1.9897870000000002
232 233 0.816887
233 234 13.728781000000001
233 235 15.352981
232 236 1.6069529999999999
236 237 1.947662
237 238 0.5704009999999999
238 239 0.305966
239 240 0.368672
240 241 0.692311
241 242 2.640823
242 243 3.99246
243 244 4.7819769999999995
243 245 10.149367
242 246 4.038921
246 247 7.362721
246 248 3.693565
241 249 1.883052
249 250 1.712265
250 251 1.201665
251 252 2.22573
252 253 7.005796999999999
252 254 7.7148460000000005
251 255 1.290195
255 256 11.864151
255 257 3.09927
257 258 7.039821
257 259 6.776667
250 260 12.55099
249 261 1.848722
261 262 9.101074
262 263 15.999395
262 264 8.920469
264 265 4.76175
264 266 9.331414
261 267 10.011101
240 268 1.249955
268 269 0.8120240000000001
269 270 14.295714
269 271 1.0981070000000002
271 272 1.536947
272 273 3.4972440000000002
273 274 7.150932999999999
273 275 10.739809000000001
272 276 9.384286999999999
271 277 10.175691
268 278 3.151954
278 279 7.44963
279 280 1.892379
279 281 7.354798
278 282 8.795472
239 283 0.75692
283 284 2.143367
284 285 1.1976799999999999
285 286 1.890945
286 287 4.060532
287 288 10.447352
287 289 7.517480999999999
286 290 12.442541
285 291 1.8838139999999999
291 292 12.300013
291 293 9.977007
293 294 3.074576
293 295 3.627734
284 296 3.4422550000000003
296 297 11.639666
296 298 8.287426
298 299 2.740317
298 300 2.822563
283 301 0.6821579999999999
301 302 0.944896
302 303 0.122696
303 304 1.7052230000000002
304 305 3.820819
305 306 10.704813
305 307 12.527173
304 308 2.892188
308 309 8.451263
308 310 9.217764
303 311 0.81464
311 312 0.8342449999999999
312 313 0.929167
313 314 15.954999
313 315 0.752902
315 316 9.799924
315 317 14.164746000000001
312 318 12.604296000000001
311 319 17.498737000000002
302 320 13.682855
320 321 14.350578
320 322 13.849117
301 323 0.569467
323 324 3.705308
324 325 2.1057699999999997
325 326 5.110329
325 327 8.020325
324 328 9.893839999999999
328 329 1.2181980000000001
328 330 1.235666
323 331 7.539978
331 332 5.635927000000001
331 333 8.387941999999999
238 334 2.071171
334 335 8.126768
335 336 3.5267340000000003
336 337 2.491668
336 338 3.3090590000000004
335 339 6.914401000000001
334 340 13.863792
237 341 1.392182
341 342 0.942868
342 343 0.9067310000000001
343 344 12.473787
343 345 13.488114000000001
342 346 12.341309
341 347 13.047239
236 348 2.263459
348 349 12.311764
348 350 4.1024400000000005
350 351 7.411167000000001
350 352 13.052193
229 353 0.369725
353 354 15.629494
353 355 0.40127
355 356 17.190555
355 357 17.257213
228 358 0.40572600000000003
358 359 0.465597
359 360 0.32056
360 361 1.312241
361 362 1.388936
362 363 14.949766
362 364 10.339259
361 365 9.550105
360 366 2.7019029999999997
366 367 12.443674
366 368 13.012893
359 369 0.378228
369 370 11.146288
369 371 11.924056
358 372 1.3450449999999998
372 373 12.950571
372 374 1.937914
374 375 4.103477
375 376 7.791309
375 377 5.544223000000001
374 378 2.515504
378 379 4.050211
379 380 3.3251160000000004
379 381 1.145572
381 382 1.881636
381 383 2.161017
378 384 8.201991999999999
163 385 0.198109
385 386 0.20983999999999997
386 387 0.7742490000000001
387 388 21.688019999999998
387 389 4.056027
389 390 2.0950759999999997
390 391 3.546659
391 392 1.186976
392 393 6.0511099999999995
392 394 3.4508829999999997
391 395 4.952009
390 396 14.495827
389 397 0.596108
397 398 12.59807
397 399 2.740501
399 400 2.039812
400 401 5.527115
400 402 3.5930999999999997
399 403 5.417849
403 404 5.474812
403 405 4.2831920000000006
386 406 0.15440399999999999
406 407 1.5470869999999999
407 408 16.774911
407 409 1.550563
409 410 7.1328249999999995
410 411 5.148266
411 412 0.600537
411 413 0.046422
413 414 0.620239
413 415 0.67362
410 416 6.826493999999999
409 417 1.3209359999999999
417 418 13.864123000000001
417 419 13.292918
406 420 20.103415
385 421 0.293527
421 422 7.764143
422 423 8.825828
422 424 10.564701999999999
421 425 2.986927
425 426 13.476263
425 427 11.896478
162 428 0.295397
428 429 3.6403909999999997
429 430 14.816597000000002
429 431 14.265165
428 432 0.498715
432 433 0.370659
433 434 0.45919200000000004
434 435 5.3432390000000005
435 436 10.654097
435 437 11.933866
434 438 0.6488820000000001
438 439 16.262087
438 440 15.818861
433 441 0.200229
441 442 2.381348
442 443 16.554921
442 444 10.110074
444 445 7.7599979999999995
444 446 8.885321
441 447 0.90826
447 448 26.429740000000002
447 449 1.160811
449 450 19.185491
449 451 17.118728
432 452 0.21869799999999998
452 453 0.676131
453 454 0.383413
454 455 0.5403899999999999
455 456 0.361385
456 457 0.555617
457 458 15.596295
457 459 15.469517
456 460 0.27602299999999996
460 461 18.439106
460 462 1.063334
462 463 0.45837200000000006
463 464 0.569376
464 465 16.318528
464 466 14.564390999999999
463 467 5.849968
467 468 9.204916
467 469 8.537922
462 470 0.409241
470 471 5.992814
471 472 8.038216
471 473 9.18988
470 474 5.55548
474 475 10.40904
474 476 10.832543
455 477 3.3985719999999997
477 478 2.4581950000000004
478 479 18.127445
478 480 26.25782
477 481 11.948402
454 482 2.515387
482 483 1.709138
483 484 5.705712999999999
484 485 11.690336
484 486 11.866211999999999
483 487 8.252601
487 488 5.131329
488 489 9.066595
488 490 8.308109
487 491 13.330414
482 492 0.23744500000000002
492 493 1.9548820000000002
493 494 22.802997
493 495 21.916601999999997
492 496 0.41165999999999997
496 497 2.765939
497 498 12.057886
498 499 0.101588
498 500 0.165223
497 501 12.556321
496 502 0.609916
502 503 3.002303
503 504 12.442441
503 505 10.870524
502 506 3.502429
506 507 13.103482
506 508 13.45316
453 509 5.083093000000001
509 510 2.457815
510 511 11.698041
510 512 9.700398999999999
509 513 2.0160080000000002
513 514 13.806814000000001
513 515 12.070582
452 516 2.481326
516 517 2.466768
517 518 8.309664
518 519 6.348693
519 520 0.883575
519 521 0.904186
518 522 7.443039
517 523 4.674526999999999
523 524 9.821337
523 525 11.341971000000001
516 526 0.18992499999999998
526 527 1.6936039999999999
527 528 2.293684
528 529 11.766368
528 530 3.5858109999999996
530 531 8.896689
530 532 8.994052
527 533 0.48803199999999997
533 534 0.7978310000000001
534 535 1.9664609999999998
535 536 4.7940190000000005
536 537 5.553452
537 538 1.270983
537 539 1.7446860000000002
536 540 8.365426
535 541 9.843106
534 542 13.297132000000001
533 543 18.948957999999998
526 544 5.372183
544 545 11.972798
544 546 12.650522
161 547 2.469461
547 548 12.724426
547 549 12.480997
160 550 2.577512
550 551 1.088843
551 552 0.9598509999999999
552 553 10.998655
552 554 1.181068
554 555 1.6431529999999999
555 556 11.109288000000001
555 557 10.920668
554 558 15.279356
551 559 2.523142
559 560 2.425366
560 561 9.874602000000001
560 562 9.212916
559 563 17.42611
550 564 14.438766
53 565 0.244217
565 566 14.118986
565 567 14.608493
52 568 9.513667
568 569 5.137353
568 570 4.9423580000000005
51 571 0.11716199999999999
571 572 0.849667
572 573 9.795918
573 574 4.895873
573 575 1.8967870000000002
575 576 1.063388
575 577 1.839426
572 578 13.085894000000001
571 579 13.775507000000001
42 580 0.17505
580 581 0.167937
581 582 0.18761
582 583 6.738466999999999
583 584 9.645
583 585 7.729705000000001
582 586 0.188998
586 587 0.095013
587 588 0.23262500000000003
588 589 13.072019000000001
588 590 14.344088
587 591 0.148113
591 592 0.8192639999999999
592 593 11.541746
592 594 2.83968
594 595 2.0978380000000003
595 596 11.489471
595 597 4.794555000000001
594 598 9.340285
591 599 0.406126
599 600 14.239360000000001
599 601 0.325051
601 602 0.311527
602 603 0.503249
603 604 0.309991
604 605 0.325957
605 606 14.169777999999999
605 607 17.355513000000002
604 608 0.278685
608 609 0.29374100000000003
609 610 0.11182900000000001
610 611 3.243892
611 612 0.819809
612 613 3.682011
613 614 10.388171999999999
613 615 10.618887
612 616 14.325868
611 617 14.099699
610 618 0.34167400000000003
618 619 0.449619
619 620 16.445373
619 621 17.331155000000003
618 622 17.789669999999997
609 623 0.153441
623 624 0.270656
624 625 0.43581699999999995
625 626 16.785727
625 627 0.29624
627 628 0.26487
628 629 17.877618000000002
628 630 0.689191
630 631 17.965767999999997
630 632 20.655677
627 633 0.207392
633 634 0.20475200000000002
634 635 0.648956
635 636 20.49013
635 637 19.267706
634 638 0.171097
638 639 0.359564
639 640 0.309156
640 641 0.127488
641 642 0.225175
642 643 0.395621
643 644 24.348781
643 645 0.09186
645 646 22.463137
645 647 21.148004
642 648 0.42418500000000003
648 649 19.989713000000002
648 650 0.251573
650 651 22.837119
650 652 23.463454
641 653 0.308771
653 654 0.251048
654 655 20.683622
654 656 0.922805
656 657 18.303138
656 658 18.001079999999998
653 659 0.289662
659 660 19.334963
659 661 0.699909
661 662 19.767215
661 663 21.251817
640 664 0.5147200000000001
664 665 0.779342
665 666 0.6626
666 667 15.933785
666 668 19.975343000000002
665 669 1.311622
669 670 1.13014
670 671 20.557191
670 672 1.057779
672 673 3.1375979999999997
673 674 0.49210499999999996
674 675 10.059311
674 676 13.497237
673 677 12.350256
672 678 2.115548
678 679 0.824507
679 680 15.195882999999998
679 681 14.242123000000001
678 682 17.054679
669 683 19.355850999999998
664 684 3.1013949999999997
684 685 4.444472
685 686 14.761495
685 687 18.634477
684 688 20.994349
639 689 0.319307
689 690 3.67237
690 691 1.473034
691 692 16.313134
691 693 19.892096000000002
690 694 16.936168
689 695 0.045927
695 696 0.6253879999999999
696 697 0.395895
697 698 0.541746
698 699 4.2461590000000005
699 700 15.861699000000002
699 701 4.266817
701 702 19.733362
701 703 11.699774999999999
698 704 0.476209
704 705 5.03669
705 706 16.730890000000002
705 707 15.350058
704 708 9.004613
708 709 13.315175000000002
709 710 1.7099030000000002
709 711 9.280737
708 712 19.907363
697 713 0.20556799999999997
713 714 0.141903
714 715 0.48471800000000004
715 716 0.348895
716 717 0.535332
717 718 6.952279
718 719 19.156309
718 720 13.155971
720 721 3.7001770000000005
720 722 8.149972
717 723 0.11591800000000001
723 724 0.259028
724 725 0.200969
725 726 0.242902
726 727 15.202525999999999
727 728 11.206757
727 729 11.782926
726 730 0.270187
730 731 10.780128
731 732 14.852185
731 733 1.9276149999999999
733 734 9.770455
734 735 37.667757
734 736 20.082938
733 737 7.495507
737 738 11.148303
737 739 11.359631
730 740 0.296141
740 741 24.3498
740 742 9.928105
742 743 12.927469
742 744 8.184287
744 745 4.499917
744 746 7.283643
725 747 0.5284610000000001
747 748 0.35535
748 749 14.284316
749 750 7.337103000000001
749 751 9.019002
748 752 0.645161
752 753 0.363888
753 754 0.710056
754 755 2.201815
755 756 26.694821
755 757 1.445161
757 758 0.536698
758 759 0.699531
759 760 0.883974
760 761 1.450526
761 762 0.816968
762 763 0.792516
763 764 41.521775
763 765 2.168139
765 766 40.763079000000005
765 767 46.093947
762 768 0.086629
768 769 20.321164
769 770 12.078880999999999
769 771 15.078159999999999
768 772 37.418745
761 773 1.65224
773 774 1.254591
774 775 1.6672429999999998
775 776 9.312835999999999
776 777 41.545075
776 778 49.116504
775 779 8.617844
779 780 52.9065
779 781 36.639344
781 782 12.958294
781 783 13.427848000000001
774 784 5.399140999999999
784 785 35.331880999999996
784 786 43.497128000000004
773 787 0.301568
787 788 12.338325999999999
788 789 35.884349
788 790 33.257348
787 791 6.7266259999999996
791 792 9.438030999999999
792 793 28.573143
792 794 3.1097710000000003
794 795 6.169814
795 796 22.574996
795 797 42.833822999999995
794 798 41.141386000000004
791 799 3.531732
799 800 2.260831
800 801 27.415879999999998
801 802 13.626798
801 803 19.579707
800 804 2.594598
804 805 13.273739
805 806 29.626263
805 807 40.282363
804 808 15.446750000000002
808 809 22.61673
808 810 17.08091
810 811 3.580334
810 812 21.792407
799 813 2.12378
813 814 34.426974
813 815 14.211976000000002
815 816 30.728999
815 817 16.954514
760 818 1.151425
818 819 0.344502
819 820 1.264063
820 821 16.788963000000003
821 822 22.613201
821 823 23.801625
820 824 0.404535
824 825 9.7854
825 826 12.915493
826 827 19.917752
826 828 21.95483
825 829 12.737962999999999
829 830 15.234091
829 831 13.847671
824 832 0.629824
832 833 0.12787099999999998
833 834 1.0238239999999998
834 835 31.165562
834 836 1.883831
836 837 33.688756
836 838 55.432527
833 839 35.229111
832 840 31.051379
819 841 10.3185
841 842 24.656454
841 843 22.794752
818 844 10.064444
844 845 28.548627999999997
844 846 29.069401
759 847 0.688217
847 848 1.336137
848 849 29.039675
848 850 47.597214
847 851 0.39797799999999994
851 852 8.468423
852 853 20.673519000000002
852 854 4.233732
854 855 17.077243
854 856 16.129262999999998
851 857 30.991484000000003
758 858 0.22992500000000002
858 859 0.697861
859 860 3.801287
860 861 38.901758
860 862 54.516701
859 863 32.228082
858 864 4.282955
864 865 14.309944
865 866 11.957042
865 867 12.583562
864 868 23.407532
757 869 27.443976
754 870 2.841798
870 871 24.836802
870 872 9.322369
872 873 17.978275
872 874 22.723323
753 875 0.8821910000000001
875 876 23.589634
875 877 20.241835
752 878 1.187766
878 879 3.985679
879 880 19.398708
879 881 20.463364000000002
878 882 23.886543
747 883 6.859005
883 884 17.04799
883 885 13.288385
885 886 2.741727
885 887 4.570252
724 888 0.596591
888 889 0.453077
889 890 0.716784
890 891 28.669520999999996
890 892 5.553903
892 893 25.772152999999996
892 894 16.932267
894 895 9.964188
894 896 11.120945
889 897 0.9519629999999999
897 898 1.065722
898 899 34.122102999999996
898 900 1.8821149999999998
900 901 32.677207
900 902 6.294341
902 903 32.07678
902 904 20.881806
904 905 7.449742
904 906 13.013619000000002
897 907 4.305884
907 908 13.707517999999999
908 909 18.30075
908 910 12.765061999999999
907 911 27.534068
911 912 0.6089950000000001
911 913 0.6302829999999999
888 914 0.504112
914 915 0.230178
915 916 0.189043
916 917 0.98108
917 918 1.122746
918 919 28.100188
918 920 10.32778
920 921 19.392255
920 922 8.264072
922 923 4.671514999999999
922 924 4.766662
917 925 5.984553
925 926 2.7793020000000004
926 927 22.063109999999998
926 928 22.433428
925 929 23.315551
916 930 27.529406
915 931 0.23010999999999998
931 932 0.212482
932 933 0.508199
933 934 0.625352
934 935 34.647695
934 936 0.735524
936 937 1.519746
937 938 1.9363769999999998
938 939 6.689452999999999
939 940 6.878151000000001
940 941 2.408466
941 942 19.510444
941 943 15.033767000000001
940 944 20.332148
939 945 33.612463
938 946 0.8238779999999999
946 947 1.7171329999999998
947 948 2.350448
948 949 1.626112
949 950 2.298969
950 951 44.681436000000005
950 952 56.207092
949 953 4.726786000000001
953 954 1.846619
954 955 45.945442
954 956 49.28787
953 957 52.836589000000004
948 958 0.966455
958 959 35.04394
958 960 42.597967
947 961 1.349487
961 962 0.868999
962 963 32.591468
962 964 28.966963
961 965 38.820119
946 966 1.9210580000000002
966 967 2.886602
967 968 2.4851140000000003
968 969 52.477273000000004
968 970 62.234469999999995
967 971 1.965471
971 972 43.287592000000004
971 973 3.1475959999999996
973 974 61.153587
973 975 57.828097
966 976 35.652468999999996
937 977 1.7795109999999998
977 978 1.840565
978 979 42.918074
978 980 0.496274
980 981 0.919671
981 982 44.225120000000004
981 983 4.639664000000001
983 984 37.997233
983 985 25.392409
980 986 39.44621
977 987 35.298764
936 988 29.623209
933 989 25.600796999999996
989 990 5.600817
989 991 6.51649
932 992 2.791205
992 993 27.566756999999996
992 994 26.805790000000002
931 995 0.682521
995 996 17.445187
996 997 17.92813
996 998 17.588197
995 999 0.910146
999 1000 28.413278
999 1001 12.835162
1001 1002 2.0941270000000003
1002 1003 6.797795
1003 1004 9.306626
1003 1005 11.700433
1002 1006 12.521075000000002
1006 1007 2.345141
1006 1008 2.276988
1001 1009 16.567116000000002
914 1010 0.239952
1010 1011 0.8669720000000001
1011 1012 0.36305
1012 1013 0.800531
1013 1014 28.752708
1013 1015 6.251774
1015 1016 34.744855
1015 1017 19.500656
1012 1018 0.394325
1018 1019 0.46374399999999993
1019 1020 25.150597
1019 1021 0.628818
1021 1022 0.307278
1022 1023 0.234369
1023 1024 0.455648
1024 1025 23.829708
1024 1026 3.741118
1026 1027 1.233454
1027 1028 18.001902
1027 1029 1.252221
1029 1030 2.612279
1030 1031 3.2752330000000005
1031 1032 0.99953
1032 1033 3.9086870000000005
1033 1034 7.022276
1034 1035 5.653008000000001
1034 1036 5.075827
1033 1037 6.325413
1032 1038 11.360552
1031 1039 10.083817
1030 1040 7.255329000000001
1040 1041 11.135666
1040 1042 16.193968
1029 1043 14.775634000000002
1026 1044 21.923541999999998
1023 1045 23.516223
1022 1046 0.439971
1046 1047 0.091698
1047 1048 0.573153
1048 1049 2.108229
1049 1050 24.675522
1049 1051 27.195515999999998
1048 1052 22.247913
1047 1053 25.647532
1046 1054 23.318731
1021 1055 24.458329
1018 1056 1.273706
1056 1057 2.5542249999999997
1057 1058 7.6701950000000005
1058 1059 25.925048
1058 1060 23.882724
1057 1061 26.171920999999998
1056 1062 30.972948
1011 1063 2.3057190000000003
1063 1064 25.394676
1063 1065 26.476361999999998
1010 1066 0.6221209999999999
1066 1067 0.821568
1067 1068 2.53597
1068 1069 2.777269
1069 1070 25.528454
1069 1071 2.571078
1071 1072 23.457725
1071 1073 23.993481
1068 1074 4.38677
1074 1075 23.360144
1074 1076 23.398516
1067 1077 0.766326
1077 1078 0.9080380000000001
1078 1079 10.75907
1079 1080 19.427038999999997
1079 1081 8.611592
1081 1082 6.093516999999999
1081 1083 11.723227
1078 1084 0.7894399999999999
1084 1085 2.417755
1085 1086 21.828139999999998
1085 1087 23.227349
1084 1088 27.328191
1077 1089 3.5586550000000003
1089 1090 12.569222
1090 1091 16.406023
1090 1092 12.853613999999999
1089 1093 22.279407000000003
1066 1094 6.377173999999999
1094 1095 21.730726999999998
1094 1096 7.142729
1096 1097 8.163462
1096 1098 20.036233
723 1099 0.20870699999999998
1099 1100 13.005083
1100 1101 9.842488000000001
1100 1102 11.713215
1099 1103 25.263201000000002
716 1104 7.899307
1104 1105 16.408623
1104 1106 16.420566
715 1107 0.429911
1107 1108 4.485863999999999
1108 1109 16.8485
1108 1110 4.895408
1110 1111 10.073167
1110 1112 13.809662
1107 1113 0.579171
1113 1114 20.511762
1113 1115 23.873503
714 1116 8.910456
1116 1117 11.054297
1116 1118 4.731802999999999
1118 1119 6.552811999999999
1118 1120 9.15779
713 1121 0.34424899999999997
1121 1122 16.078096
1122 1123 7.000319000000001
1123 1124 0.36492199999999997
1123 1125 0.277835
1122 1126 5.553943
1126 1127 0.229587
1126 1128 0.14434999999999998
1121 1129 1.986619
1129 1130 8.774118999999999
1130 1131 11.302987
1130 1132 10.647669
1129 1133 23.702973
696 1134 0.646525
1134 1135 19.555748
1134 1136 4.759298
1136 1137 15.864111
1136 1138 15.753464000000001
695 1139 0.237745
1139 1140 0.137492
1140 1141 21.079725999999997
1140 1142 0.851179
1142 1143 0.8750239999999999
1143 1144 22.313404000000002
1143 1145 33.600089
1142 1146 20.433216
1146 1147 3.291446
1146 1148 3.4715169999999995
1139 1149 0.539712
1149 1150 1.1294250000000001
1150 1151 27.9107
1150 1152 0.682401
1152 1153 0.36437200000000003
1153 1154 24.622994000000002
1153 1155 28.990470000000002
1152 1156 25.784327
1149 1157 0.398632
1157 1158 0.769343
1158 1159 0.154531
1159 1160 23.872037
1159 1161 0.127682
1161 1162 21.765917
1161 1163 0.656724
1163 1164 21.657035999999998
1163 1165 23.398453999999997
1158 1166 25.751613000000003
1157 1167 0.329619
1167 1168 0.139293
1168 1169 0.312315
1169 1170 0.38048499999999996
1170 1171 1.1555980000000001
1171 1172 0.491154
1172 1173 1.13606
1173 1174 1.374627
1174 1175 35.573315
1174 1176 37.79428
1173 1177 32.238012
1172 1178 27.605237
1171 1179 0.5308860000000001
1179 1180 0.841627
1180 1181 3.325466
1181 1182 35.080143
1181 1183 28.452087
1180 1184 0.47636
1184 1185 1.334326
1185 1186 34.511201
1185 1187 0.154092
1187 1188 34.333189
1187 1189 44.325261
1184 1190 3.1437239999999997
1190 1191 31.281118000000003
1190 1192 40.496885
1179 1193 0.5519109999999999
1193 1194 1.3104319999999998
1194 1195 2.070977
1195 1196 31.609802
1195 1197 33.217024
1194 1198 34.505303999999995
1193 1199 1.261227
1199 1200 33.072689
1199 1201 1.458158
1201 1202 47.022286
1201 1203 29.448207
1170 1204 1.056234
1204 1205 4.78589
1205 1206 29.513207
1205 1207 23.84889
1204 1208 30.325535999999996
1169 1209 0.763693
1209 1210 0.363155
1210 1211 32.553752
1210 1212 30.409620999999998
1209 1213 25.380518000000002
1168 1214 0.5865630000000001
1214 1215 1.20796
1215 1216 25.034585
1215 1217 24.892999
1214 1218 0.902476
1218 1219 23.555543
1218 1220 28.315495000000002
1167 1221 0.776813
1221 1222 1.035564
1222 1223 24.973124
1222 1224 30.166061
1221 1225 1.1997630000000001
1225 1226 21.977685
1225 1227 31.635779000000003
638 1228 0.359875
1228 1229 0.552697
1229 1230 24.000502
1229 1231 20.496035000000003
1228 1232 1.416824
1232 1233 25.641857
1232 1234 19.077742999999998
633 1235 0.12440400000000001
1235 1236 0.12407399999999999
1236 1237 17.724525999999997
1236 1238 19.076805999999998
1235 1239 0.498002
1239 1240 0.477969
1240 1241 17.193343
1240 1242 17.447449000000002
1239 1243 0.40011300000000005
1243 1244 16.676294
1243 1245 17.675169
624 1246 0.692462
1246 1247 0.6401
1247 1248 17.410631
1247 1249 2.006926
1249 1250 14.523718999999998
1249 1251 16.817393
1246 1252 2.396438
1252 1253 14.048617
1252 1254 15.211020999999999
623 1255 16.63679
608 1256 0.42954200000000003
1256 1257 14.02159
1256 1258 15.864503
603 1259 0.275534
1259 1260 0.368966
1260 1261 9.121876
1261 1262 6.842302
1261 1263 5.543447
1260 1264 0.374499
1264 1265 0.620748
1265 1266 2.480768
1266 1267 13.381973
1266 1268 12.749282000000001
1265 1269 16.769465
1264 1270 10.396269
1270 1271 5.733265
1270 1272 4.995569
1259 1273 15.939941
602 1274 0.269345
1274 1275 0.255994
1275 1276 13.675694
1275 1277 15.228682
1274 1278 0.33995800000000004
1278 1279 2.96699
1279 1280 13.480735999999998
1279 1281 12.820328
1278 1282 13.816192
601 1283 14.886821999999999
586 1284 0.322055
1284 1285 0.368255
1285 1286 15.810369
1285 1287 13.005498
1284 1288 16.076422
581 1289 12.870706000000002
580 1290 0.212982
1290 1291 0.422106
1291 1292 0.386509
1292 1293 10.779766
1292 1294 0.220455
1294 1295 0.345147
1295 1296 0.27426999999999996
1296 1297 0.117497
1297 1298 0.171866
1298 1299 0.22109299999999998
1299 1300 10.124998
1299 1301 0.576363
1301 1302 11.235484
1301 1303 10.241536
1298 1304 0.743078
1304 1305 8.938352
1304 1306 8.804487
1297 1307 0.16638899999999998
1307 1308 0.169237
1308 1309 0.385944
1309 1310 10.498406000000001
1309 1311 8.5136
1308 1312 0.186538
1312 1313 9.06662
1312 1314 0.21767000000000003
1314 1315 9.183586
1314 1316 0.20718899999999998
1316 1317 9.46095
1316 1318 11.234822999999999
1307 1319 12.655116
1296 1320 0.614623
1320 1321 0.310365
1321 1322 10.227166
1321 1323 10.857967
1320 1324 11.138926
1295 1325 0.130031
1325 1326 13.202457
1325 1327 0.24419899999999997
1327 1328 2.54477
1328 1329 2.649588
1329 1330 11.167031
1329 1331 3.774412
1331 1332 1.984743
1331 1333 1.713307
1328 1334 8.536547
1327 1335 0.319519
1335 1336 0.35661299999999996
1336 1337 0.9156630000000001
1337 1338 13.447648000000001
1337 1339 13.194416
1336 1340 5.1673610000000005
1340 1341 7.711784
1340 1342 10.031055
1335 1343 0.190085
1343 1344 12.444182
1343 1345 0.23981699999999997
1345 1346 1.02061
1346 1347 15.228945999999999
1346 1348 15.471593
1345 1349 12.844259
1294 1350 0.329769
1350 1351 10.575878
1350 1352 0.166668
1352 1353 13.165075000000002
1352 1354 14.859656
1291 1355 0.253591
1355 1356 11.061114
1355 1357 12.089998
1290 1358 0.25621900000000003
1358 1359 0.803891
1359 1360 11.278724
1359 1361 10.119715
1358 1362 0.167891
1362 1363 11.712299
1362 1364 0.309352
1364 1365 13.21921
1364 1366 12.237358
27 1367 2.295445
1367 1368 10.046522
1367 1369 9.801437
26 1370 0.506734
1370 1371 0.8288850000000001
1371 1372 0.8032330000000001
1372 1373 11.015981
1372 1374 8.139520000000001
1374 1375 5.971254
1374 1376 5.878896
1371 1377 10.679621000000001
1370 1378 12.489381
25 1379 0.08514100000000001
1379 1380 10.359793
1379 1381 10.103567
24 1382 0.24421500000000002
1382 1383 10.406246
1382 1384 11.307131
9 1385 0.142424
1385 1386 0.20940799999999998
1386 1387 0.40352699999999997
1387 1388 9.120629
1387 1389 0.143124
1389 1390 0.6116039999999999
1390 1391 10.038171
1390 1392 9.963047
1389 1393 10.786431
1386 1394 1.040655
1394 1395 13.72454
1394 1396 11.480882000000001
1385 1397 0.9813419999999999
1397 1398 11.0836
1397 1399 11.105266
8 1400 0.48561699999999997
1400 1401 13.608044999999999
1400 1402 0.289148
1402 1403 0.341383
1403 1404 1.9951150000000002
1404 1405 13.659002000000001
1404 1406 11.630023000000001
1403 1407 12.793510999999999
1402 1408 0.47293999999999997
1408 1409 10.46596
1408 1410 11.247416000000001
7 1411 1.531683
1411 1412 10.124400999999999
1411 1413 10.726814
6 1414 0.07396
1414 1415 0.765345
1415 1416 11.769875
1415 1417 11.868082000000001
1414 1418 0.34756000000000004
1418 1419 0.385447
1419 1420 1.464041
1420 1421 8.152909999999999
1421 1422 4.979312
1421 1423 2.8390519999999997
1423 1424 2.239087
1423 1425 2.675214
1420 1426 12.082241
1419 1427 4.318497000000001
1427 1428 9.754799
1427 1429 9.635731
1418 1430 1.204369
1430 1431 3.34655
1431 1432 9.613072
1431 1433 7.3957999999999995
1430 1434 11.88796
5 1435 0.307141
1435 1436 0.32643500000000003
1436 1437 0.371313
1437 1438 10.449948000000001
1437 1439 1.7331260000000002
1439 1440 10.50247
1439 1441 9.116335000000001
1436 1442 0.176759
1442 1443 11.681982
1442 1444 0.137435
1444 1445 0.377881
1445 1446 11.342874
1445 1447 2.152326
1447 1448 14.207438999999999
1447 1449 14.608428000000002
1444 1450 12.111942
1435 1451 0.20282799999999998
1451 1452 0.242523
1452 1453 8.74722
1452 1454 0.8783080000000001
1454 1455 11.233673
1454 1456 4.376104
1456 1457 3.5640579999999997
1457 1458 0.099497
1458 1459 0.674253
1459 1460 0.356775
1459 1461 0.44796899999999995
1458 1462 0.520841
1462 1463 0.647228
1463 1464 0.084352
1464 1465 0.508394
1464 1466 0.676361
1463 1467 0.7814949999999999
1462 1468 0.41099099999999994
1468 1469 0.22084600000000001
1468 1470 0.07359299999999999
1470 1471 0.310828
1470 1472 0.278049
1457 1473 0.359525
1473 1474 0.812101
1473 1475 1.530139
1456 1476 5.511861
1476 1477 0.922185
1476 1478 2.2065870000000003
1451 1479 9.275483
4 1480 0.205888
1480 1481 0.072998
1481 1482 0.326664
1482 1483 9.337053
1482 1484 0.17096399999999998
1484 1485 9.953502
1484 1486 8.983088
1481 1487 0.346644
1487 1488 0.45460700000000004
1488 1489 10.315107
1488 1490 0.192776
1490 1491 0.327669
1491 1492 11.800718999999999
1491 1493 13.823841
1490 1494 11.994537
1487 1495 0.302625
1495 1496 11.315269
1495 1497 1.412896
1497 1498 9.330597000000001
1498 1499 0.518672
1498 1500 0.44858299999999995
1497 1501 9.386754
1480 1502 0.46844900000000006
1502 1503 0.8792070000000001
1503 1504 7.821272
1503 1505 1.498428
1505 1506 6.959237999999999
1505 1507 7.621368
1502 1508 9.903839
3 1509 0.16749
1509 1510 0.386685
1510 1511 0.12075199999999998
1511 1512 0.1678
1512 1513 0.330245
1513 1514 7.1815370000000005
1513 1515 6.222453
1512 1516 0.14323999999999998
1516 1517 0.19960199999999997
1517 1518 0.197755
1518 1519 0.009922
1519 1520 0.147188
1520 1521 0.211752
1521 1522 0.104861
1522 1523 0.05303000000000001
1523 1524 0.080289
1524 1525 0.546406
1525 1526 3.5916089999999996
1525 1527 4.151313999999999
1524 1528 0.426025
1528 1529 0.6737759999999999
1529 1530 0.926301
1530 1531 2.725705
1530 1532 4.280568
1529 1533 7.834971
1528 1534 0.15342999999999998
1534 1535 0.283578
1535 1536 0.31539799999999996
1536 1537 1.2731249999999998
1537 1538 6.250533
1537 1539 7.359330999999999
1536 1540 13.320586
1535 1541 0.24351
1541 1542 0.513896
1542 1543 7.112347
1542 1544 6.223185
1541 1545 2.115171
1545 1546 5.015542
1545 1547 5.90953
1534 1548 0.19173300000000001
1548 1549 5.355506
1548 1550 0.8763299999999999
1550 1551 3.7067910000000004
1550 1552 4.971379
1523 1553 0.181838
1553 1554 0.27680299999999997
1554 1555 0.15167
1555 1556 0.292091
1556 1557 2.836968
1556 1558 2.666618
1555 1559 0.45980400000000005
1559 1560 3.615777
1559 1561 4.4993
1554 1562 4.203831
1553 1563 3.9923689999999996
1522 1564 0.381255
1564 1565 0.183557
1565 1566 0.19088899999999998
1566 1567 2.918511
1566 1568 0.096017
1568 1569 0.39803299999999997
1569 1570 2.643121
1570 1571 0.07914
1570 1572 0.080776
1569 1573 0.361552
1573 1574 2.0426469999999997
1573 1575 3.698517
1568 1576 0.061289
1576 1577 0.184174
1577 1578 0.098313
1578 1579 0.244896
1579 1580 2.163409
1579 1581 0.115577
1581 1582 2.225479
1581 1583 0.089879
1583 1584 0.093555
1584 1585 0.320052
1585 1586 2.11061
1585 1587 0.25664400000000004
1587 1588 5.109127
1587 1589 4.841674
1584 1590 0.262119
1590 1591 0.228181
1591 1592 0.886661
1591 1593 0.117074
1593 1594 0.119348
1594 1595 0.059405000000000006
1595 1596 0.145821
1596 1597 2.246979
1596 1598 0.075652
1598 1599 1.080786
1598 1600 8.677218
1595 1601 0.040216
1601 1602 0.145415
1601 1603 0.16407
1603 1604 1.188685
1603 1605 0.064541
1605 1606 0.900567
1605 1607 8.921627
1594 1608 0.9612050000000001
1593 1609 0.612242
1590 1610 1.6462649999999999
1583 1611 2.212198
1578 1612 2.353284
1577 1613 0.166237
1613 1614 0.174358
1614 1615 3.9184200000000002
1614 1616 0.485528
1616 1617 1.360744
1616 1618 1.373252
1613 1619 0.21618900000000002
1619 1620 0.43860899999999997
1620 1621 2.064571
1620 1622 1.9780829999999998
1619 1623 0.616934
1623 1624 1.654532
1623 1625 1.701198
1576 1626 0.77183
1626 1627 0.15081999999999998
1627 1628 2.8131150000000003
1627 1629 3.0472409999999996
1626 1630 2.275318
1565 1631 3.770005
1564 1632 0.108217
1632 1633 0.150052
1633 1634 0.27121100000000004
1634 1635 0.39469600000000005
1635 1636 2.70064
1635 1637 4.244702
1634 1638 0.198628
1638 1639 2.520957
1638 1640 0.379205
1640 1641 2.643434
1640 1642 2.860153
1633 1643 0.324932
1643 1644 0.066836
1644 1645 5.068448
1644 1646 3.609722
1643 1647 4.151013
1632 1648 0.18992
1648 1649 5.126844
1648 1650 0.214213
1650 1651 0.514764
1651 1652 5.605656
1651 1653 3.2615209999999997
1650 1654 0.191785
1654 1655 4.156407
1654 1656 3.772271
1521 1657 1.00273
1657 1658 0.554737
1658 1659 3.8809820000000004
1658 1660 3.800165
1657 1661 4.220914
1520 1662 0.19566000000000003
1662 1663 0.109607
1663 1664 0.360971
1664 1665 4.42947
1664 1666 1.037405
1666 1667 3.7940910000000003
1666 1668 3.640662
1663 1669 4.711412
1662 1670 0.371432
1670 1671 1.239415
1671 1672 4.038926
1671 1673 3.4573189999999996
1670 1674 0.427356
1674 1675 5.036862999999999
1674 1676 5.236782
1519 1677 0.151029
1677 1678 5.374972
1677 1679 0.459957
1679 1680 2.57127
1680 1681 43.749735
1680 1682 8.471076
1682 1683 2.343165
1683 1684 0.562465
1684 1685 0.7054320000000001
1685 1686 0.125975
1686 1687 0.741981
1687 1688 0.238051
1688 1689 0.152579
1688 1690 0.275006
1687 1691 0.461211
1686 1692 0.17882499999999998
1692 1693 0.030264000000000003
1693 1694 0.24865299999999999
1693 1695 0.060777
1695 1696 0.046827
1696 1697 0.321532
1696 1698 0.10830200000000001
1698 1699 0.492553
1698 1700 0.09632500000000001
1695 1701 0.044303
1701 1702 0.581666
1701 1703 0.118527
1703 1704 0.287047
1703 1705 0.355709
1692 1706 0.037698
1706 1707 0.33504199999999995
1706 1708 0.46970199999999995
1685 1709 0.9688749999999999
1684 1710 0.15874000000000002
1710 1711 0.24124400000000001
1711 1712 1.060408
1712 1713 0.632131
1713 1714 0.082943
1714 1715 0.590996
1714 1716 0.408104
1716 1717 0.306753
1716 1718 0.228303
1713 1719 0.673357
1712 1720 0.19781600000000002
1720 1721 0.125632
1721 1722 0.266401
1722 1723 0.41735799999999995
1722 1724 0.279336
1721 1725 0.148459
1725 1726 0.311227
1726 1727 0.061837
1727 1728 0.08631799999999999
1727 1729 0.07393999999999999
1729 1730 0.015092999999999999
1729 1731 0.198242
1726 1732 0.259254
1725 1733 0.196611
1733 1734 0.42750499999999997
1733 1735 0.10973999999999999
1735 1736 0.23957399999999998
1735 1737 0.29548199999999997
1720 1738 0.070241
1738 1739 0.983622
1738 1740 0.122217
1740 1741 0.18422899999999998
1741 1742 0.179068
1741 1743 0.355987
1740 1744 0.127727
1744 1745 0.49361199999999994
1744 1746 0.8002469999999999
1711 1747 0.430033
1747 1748 0.5504519999999999
1748 1749 0.279962
1749 1750 0.08617899999999999
1750 1751 0.075955
1751 1752 0.612756
1751 1753 0.46313200000000004
1750 1754 0.31097400000000003
1754 1755 0.191545
1755 1756 0.366643
1755 1757 0.060941999999999996
1754 1758 0.19794499999999998
1758 1759 0.047869999999999996
1758 1760 0.05868400000000001
1749 1761 0.410891
1748 1762 0.305834
1762 1763 0.452954
1762 1764 0.189803
1747 1765 0.255741
1765 1766 0.127611
1766 1767 0.08771799999999999
1767 1768 0.082262
1768 1769 0.159516
1769 1770 0.397389
1769 1771 0.032156
1771 1772 0.6579200000000001
1771 1773 0.363622
1768 1774 0.044458
1774 1775 0.504567
1774 1776 0.462687
1767 1777 0.059612
1777 1778 0.124827
1778 1779 0.282152
1778 1780 0.25500700000000004
1780 1781 0.10670700000000001
1780 1782 0.320878
1777 1783 0.359078
1766 1784 0.109107
1784 1785 0.093273
1785 1786 0.08624
1786 1787 0.219528
1786 1788 0.261764
1785 1789 0.36983699999999997
1784 1790 0.089296
1790 1791 0.373684
1790 1792 0.163766
1792 1793 0.060338
1793 1794 0.052331
1793 1795 0.107585
1792 1796 0.367878
1765 1797 0.155923
1797 1798 0.182517
1798 1799 0.064568
1799 1800 0.184082
1799 1801 0.189854
1798 1802 0.39122100000000004
1797 1803 0.12764799999999998
1803 1804 0.20361400000000002
1803 1805 0.064058
1805 1806 0.030399000000000002
1805 1807 0.289946
1710 1808 1.275377
1683 1809 4.77929
1682 1810 4.955946
1810 1811 0.565827
1811 1812 0.220807
1812 1813 0.324627
1812 1814 0.48011699999999996
1811 1815 0.7530260000000001
1810 1816 1.1732879999999999
1816 1817 0.194346
1817 1818 0.798361
1817 1819 0.604838
1816 1820 0.9472619999999999
1679 1821 7.386297
1518 1822 0.36219300000000004
1822 1823 0.330221
1823 1824 5.8679179999999995
1823 1825 0.167664
1825 1826 0.41233800000000004
1826 1827 6.46471
1826 1828 0.173014
1828 1829 0.154289
1829 1830 6.734113
1829 1831 5.853814
1828 1832 7.994749
1825 1833 0.21294500000000002
1833 1834 6.659224
1833 1835 6.744766
1822 1836 7.143908000000001
1517 1837 0.179403
1837 1838 7.19393
1837 1839 0.357089
1839 1840 5.004734
1839 1841 5.204191
1516 1842 0.39363899999999996
1842 1843 7.265196
1842 1844 7.31541
1511 1845 0.41914500000000005
1845 1846 0.242566
1846 1847 0.33418800000000004
1847 1848 0.47604500000000005
1848 1849 6.181121
1848 1850 6.070246
1847 1851 6.528967
1846 1852 6.607391999999999
1845 1853 6.649351
1510 1854 0.092939
1854 1855 0.126574
1855 1856 0.172382
1856 1857 0.12146
1857 1858 6.651195
1857 1859 6.958669
1856 1860 0.259715
1860 1861 1.988384
1861 1862 5.1079680000000005
1861 1863 6.343831
1860 1864 6.490706
1855 1865 7.370993
1854 1866 0.25146
1866 1867 0.473758
1867 1868 6.644804
1867 1869 6.965059999999999
1866 1870 0.20024399999999998
1870 1871 0.31417
1871 1872 6.300806000000001
1871 1873 7.653851
1870 1874 0.160008
1874 1875 6.855461999999999
1874 1876 7.376546
1509 1877 0.42249899999999996
1877 1878 1.036481
1878 1879 1.711757
1879 1880 0.8734719999999999
1880 1881 1.162016
1881 1882 1.1049579999999999
1882 1883 2.848258
1882 1884 0.306887
1884 1885 0.508655
1885 1886 4.1266039999999995
1885 1887 1.5227600000000001
1887 1888 1.880751
1887 1889 1.874574
1884 1890 0.761683
1890 1891 2.620689
1890 1892 1.108611
1892 1893 2.3435729999999997
1893 1894 1
1893 1895 1
1892 1896 5.647166
1881 1897 2.46148
1897 1898 1.778928
1897 1899 0.913805
1899 1900 3.1575930000000003
1900 1901 1
1900 1902 1
1899 1903 2.405287
1880 1904 3.139798
1904 1905 1.111503
1905 1906 1.9579
1905 1907 2.870928
1907 1908 1.478739
1907 1909 2.276586
1904 1910 5.674893
1879 1911 0.368377
1911 1912 1.141182
1912 1913 4.250441
1912 1914 3.6162479999999997
1911 1915 0.9511749999999999
1915 1916 0.47033300000000006
1916 1917 0.369326
1917 1918 0.710327
1918 1919 0.194622
1919 1920 0.888184
1920 1921 0.160476
1920 1922 0.052859
1919 1923 0.792939
1918 1924 1.2140440000000001
1924 1925 0.027493999999999998
1924 1926 0.025754
1917 1927 2.067065
1916 1928 3.5169409999999997
1915 1929 0.928541
1929 1930 3.566982
1929 1931 0.9234849999999999
1931 1932 0.41577000000000003
1932 1933 1.5411009999999998
1933 1934 2.120894
1933 1935 0.044898
1935 1936 2.205103
1935 1937 2.533698
1932 1938 0.33121700000000004
1938 1939 3.0475149999999998
1938 1940 5.693584
1931 1941 0.54531
1941 1942 3.256669
1941 1943 4.610019
1878 1944 7.353173
1944 1945 0.025484999999999997
1944 1946 0.027763
1877 1947 1.570245
1947 1948 7.599164999999999
1947 1949 7.051417
2 1950 0.33429000000000003
1950 1951 0.456038
1951 1952 0.144217
1952 1953 0.34991900000000004
1953 1954 0.597289
1954 1955 1.580034
1955 1956 3.552267
1956 1957 2.46057
1956 1958 4.9127600000000005
1955 1959 6.71687
1959 1960 1.014878
1959 1961 0.8280600000000001
1954 1962 10.302781
1953 1963 0.7817869999999999
1963 1964 9.482254
1963 1965 10.981107
1952 1966 0.41128400000000004
1966 1967 9.427765
1966 1968 0.19946400000000003
1968 1969 0.13868
1969 1970 0.10318899999999999
1970 1971 11.644239
1970 1972 0.745797
1972 1973 9.292212
1972 1974 9.119138
1969 1975 10.799056
1968 1976 0.58565
1976 1977 0.265777
1977 1978 0.829122
1978 1979 12.620880000000001
1978 1980 0.311423
1980 1981 15.773015000000001
1980 1982 15.201286
1977 1983 0.23091399999999998
1983 1984 0.191612
1984 1985 0.658925
1985 1986 0.305504
1986 1987 12.48264
1986 1988 10.830326
1985 1989 11.071845
1984 1990 11.449964
1983 1991 11.554579
1976 1992 12.03941
1951 1993 10.889202000000001
1950 1994 0.414793
1994 1995 9.230546
1994 1996 11.001297000000001
1 1997 8.612083
1 1998 8.469772
