32179 2
29605 13
6862 14
21539 15
4944 19
34989 21
44244 22
30750 29
36189 31
16167 32
38508 34
10459 35
34734 39
39886 40
33728 41
11643 43
44108 44
21452 50
22934 51
15578 52
7520 53
43322 56
29303 57
13138 59
7370 60
16657 64
10145 65
17915 67
26159 68
23148 73
22910 74
14529 78
40957 79
31463 81
30203 82
35648 83
26198 87
7478 88
34456 89
33726 91
35680 94
22435 95
14451 96
18598 101
36703 103
43767 104
34002 105
27016 106
11442 109
28192 110
2543 111
39696 114
32838 115
6337 116
12465 117
4024 126
21165 127
1811 132
38767 133
11927 137
29378 138
42028 146
4367 147
19453 149
8175 150
42056 154
33326 156
21911 157
28627 160
39648 161
2007 164
16609 165
25613 168
7864 176
29265 178
42377 179
38379 186
14846 187
20569 188
29163 190
19866 191
3796 193
21584 194
36836 202
28475 203
4313 204
16449 209
21029 210
17429 211
20698 212
22402 214
28110 215
29374 218
304 219
27992 220
630 223
2950 225
40130 226
11785 232
25265 235
35329 236
39071 239
5815 248
9963 249
8481 254
11572 255
42764 256
25306 260
43648 261
15415 262
15060 263
18926 265
43277 268
27355 269
31420 274
32413 282
23358 284
4768 286
5599 287
31622 288
26375 290
1783 292
19740 294
5188 296
42412 297
38334 299
11303 300
31392 303
26596 305
899 306
20544 307
24144 310
23535 311
41211 313
9580 315
41004 316
37293 319
43920 321
22173 322
22668 324
16096 328
21529 329
42199 331
23772 332
29936 334
21255 335
37673 338
40690 341
2292 342
35342 343
26781 344
23604 345
6670 346
9715 348
22513 350
14962 352
12409 353
13580 356
25672 358
22967 359
3211 362
18162 364
37012 366
40575 375
2535 376
8298 378
18479 379
29245 383
17020 384
11070 385
41039 388
35378 389
10211 395
18323 397
14007 398
30628 403
21736 405
43117 406
35391 410
12327 411
2215 412
43742 416
41535 423
16099 425
23564 426
32284 437
19320 438
9526 439
7181 440
20362 441
36337 442
11451 444
41363 445
42637 447
25844 448
24066 450
41676 452
6736 453
16120 455
24859 456
29161 460
9896 461
32171 469
42398 470
31150 475
5023 476
1944 478
4692 479
15249 480
18979 483
30361 484
2052 488
28569 493
3346 497
33909 498
29298 501
24326 502
40883 507
19422 508
5307 509
22906 511
12601 513
30571 515
8270 516
11153 519
13181 522
33959 523
14388 524
39831 525
41527 526
43927 530
24962 533
38149 534
38625 535
20151 547
19211 548
8285 549
24183 550
18672 551
2227 555
42166 556
13283 558
17184 559
43477 560
34775 562
4307 563
33639 567
17706 569
2711 570
35777 574
42289 575
730 577
27688 578
32591 580
42296 581
39090 586
17504 587
28375 589
27570 591
36899 594
7333 596
101 597
20820 600
11207 601
38217 603
11000 605
9310 606
42865 609
22593 610
21245 611
21876 616
10227 617
13050 618
34711 620
8938 623
38066 624
18789 625
34925 626
19130 628
17661 629
35493 630
5750 631
5127 632
15537 634
41196 635
3611 637
34819 638
37694 644
18978 645
31704 649
12716 650
25577 658
32973 659
23001 660
25023 661
11426 663
18153 664
25289 665
30157 672
40622 676
25854 680
8418 682
21356 683
7593 685
18971 686
8202 687
23640 690
32793 693
22706 694
23849 695
10441 696
43916 697
1670 700
25586 703
39013 704
1104 706
37276 709
14869 710
40223 711
15514 712
6215 715
1223 716
9520 721
30877 724
13415 725
32474 726
1443 727
13814 729
32617 730
23236 734
42473 736
25680 737
6814 739
40664 740
5142 743
28645 744
32097 747
32079 748
44004 750
30739 752
31032 753
34816 754
2199 755
20891 759
21465 760
36640 761
16968 762
37111 766
15821 767
17046 768
31901 770
40317 772
27824 773
39028 774
24435 780
28478 781
18396 783
9881 784
16745 789
40381 790
9397 793
25069 794
8580 796
22398 797
35090 798
2099 800
33305 801
27491 805
11524 806
17927 807
36994 808
27466 810
21028 812
17793 815
11541 816
9149 817
40573 819
3227 821
24271 822
39425 823
12075 825
1128 826
32289 829
41221 830
42525 831
36628 834
8290 835
13803 837
1087 839
11803 840
21689 843
36045 844
24091 845
18818 847
2178 848
29196 850
32921 852
33858 853
8526 856
9795 861
21252 862
6067 865
27981 866
15056 867
39771 870
20451 871
15673 875
36938 876
19322 878
42863 879
15163 881
12213 883
5595 884
28387 885
22209 888
31432 889
36378 890
23508 891
13879 893
35635 894
11441 896
40683 899
22142 900
36572 901
12267 903
1653 907
42150 908
15255 909
31081 911
24516 912
35552 915
28529 916
12423 918
17342 919
20565 921
1292 922
4512 927
24358 929
8612 931
4687 932
34416 933
35098 935
9595 937
14458 938
38945 939
29758 940
2006 942
40017 943
23339 945
38653 946
14568 947
5991 949
43182 951
32551 953
10723 954
21952 957
38851 960
9173 961
4095 962
23928 964
43018 965
38410 967
16705 969
4701 972
37410 973
10862 974
4092 977
30210 978
33010 980
26937 981
30795 983
38566 985
14898 986
29732 988
7025 989
5940 992
28596 993
29258 994
4558 997
4200 999
3666 1000
23933 1002
43232 1003
19393 1007
37372 1008
39438 1010
27884 1011
665 1014
24352 1015
35547 1017
13005 1018
17992 1021
15636 1022
27246 1024
23463 1025
24760 1026
38888 1027
1634 1030
25725 1031
30042 1035
24471 1036
27437 1037
7300 1038
38766 1040
25220 1044
30736 1045
29860 1046
14542 1047
15388 1050
18159 1051
14248 1052
36026 1054
43185 1056
35275 1057
16763 1058
16604 1059
25125 1062
19540 1063
16053 1065
41076 1066
5601 1074
23478 1077
21698 1078
38159 1081
7159 1082
37863 1083
2024 1084
7354 1086
38555 1088
13273 1089
37948 1092
17159 1093
26385 1094
15935 1096
10853 1097
7413 1098
8230 1099
41256 1100
28286 1103
13074 1104
39197 1106
10530 1108
30138 1109
1067 1111
38828 1112
32341 1113
17294 1115
1062 1116
42074 1117
545 1119
41562 1120
9802 1125
7681 1126
36531 1128
1370 1129
22868 1131
26644 1139
6199 1141
6605 1142
22867 1147
17888 1148
27142 1150
30225 1151
41044 1152
43419 1153
2788 1155
7480 1156
87 1160
17421 1161
32203 1162
1606 1163
6315 1165
39337 1167
24219 1168
21408 1170
7 1172
34261 1173
3668 1174
10760 1177
21669 1178
6978 1179
2903 1182
12159 1183
36247 1185
3897 1186
20305 1189
23459 1191
2077 1192
20185 1193
43138 1194
21434 1205
37064 1206
34636 1209
26201 1210
23526 1212
8430 1214
28713 1215
18220 1219
14792 1222
15617 1223
22736 1224
23534 1227
32501 1229
36975 1230
35124 1232
40919 1234
34307 1235
12222 1243
298 1244
38400 1247
7345 1248
4995 1254
25391 1258
28835 1259
8623 1260
21383 1261
41540 1263
35077 1264
23829 1271
4475 1272
40527 1273
4108 1274
37249 1275
15749 1282
29991 1283
17281 1285
30435 1286
26113 1289
15897 1290
14919 1291
36251 1294
21317 1296
12887 1297
39037 1300
26959 1301
20449 1303
16494 1304
8460 1306
35119 1308
7660 1311
22095 1318
7068 1319
37091 1322
26443 1323
14664 1325
24627 1326
6311 1328
3486 1329
42616 1332
14502 1333
3947 1334
29665 1336
8542 1338
13516 1339
40614 1340
3932 1341
40898 1344
27150 1345
23406 1347
23197 1348
33804 1349
35622 1351
3372 1352
8113 1353
12589 1357
3760 1358
41509 1360
5942 1361
9463 1364
43273 1366
2452 1367
44277 1368
4632 1371
37095 1373
30098 1374
36602 1377
10271 1378
32477 1381
40314 1383
25769 1384
34644 1385
8410 1388
33477 1389
18919 1391
22992 1392
9939 1394
26499 1395
33389 1398
39983 1399
26924 1400
25480 1402
31598 1404
14285 1405
17023 1409
34428 1410
15374 1413
24705 1414
35973 1416
14687 1417
5707 1420
16582 1423
13808 1424
14491 1425
22647 1428
15286 1429
39334 1430
3444 1431
18418 1432
37532 1433
19267 1434
23960 1437
19808 1438
35638 1440
37254 1441
11345 1445
24674 1446
9730 1448
30394 1449
41277 1452
5741 1453
19629 1457
40497 1458
32042 1459
26832 1461
22082 1462
4339 1463
16606 1465
33941 1466
15026 1474
42739 1475
1665 1478
20116 1479
40544 1482
33259 1483
35034 1485
18004 1486
26545 1487
13390 1488
105 1489
36409 1490
34649 1492
13397 1493
19916 1495
17920 1496
44093 1497
17775 1499
38271 1500
19357 1507
42102 1509
26288 1510
19600 1511
41966 1514
35496 1515
33372 1521
23071 1527
21716 1530
22384 1532
25963 1533
26811 1534
34319 1535
7862 1536
39267 1538
6792 1539
41667 1541
10871 1545
18240 1547
11702 1548
11967 1550
32546 1553
3266 1554
38673 1555
14380 1556
37081 1558
37609 1559
43360 1561
39507 1562
26239 1564
38119 1565
12707 1567
38706 1569
2666 1570
19728 1572
36831 1573
13247 1581
28410 1582
29095 1584
9560 1586
14211 1587
35718 1589
438 1591
8931 1592
41553 1596
1501 1597
41154 1599
21970 1600
1074 1603
19716 1605
32028 1606
15693 1616
7314 1622
8999 1624
44174 1625
16502 1626
2550 1628
29141 1629
22862 1632
42568 1633
40388 1636
14004 1637
40180 1641
3664 1642
23961 1645
6316 1646
20614 1647
7745 1648
11825 1651
5937 1652
32889 1653
1555 1655
19871 1656
3571 1657
6789 1660
41422 1661
28174 1662
8671 1663
9701 1664
35353 1667
29615 1675
13216 1676
10068 1680
7325 1681
29896 1682
14509 1684
7927 1685
41675 1688
21847 1689
19956 1691
20058 1692
25035 1696
41567 1697
31275 1699
6340 1700
9413 1703
16429 1709
27788 1711
26730 1712
20575 1714
38057 1716
14900 1717
23592 1724
13507 1725
17505 1726
17070 1732
32346 1733
12033 1738
2053 1743
33128 1745
20377 1746
35749 1747
15732 1750
3945 1752
33275 1756
4548 1757
38876 1759
35296 1760
10101 1761
41387 1762
7235 1764
6821 1765
21114 1767
31575 1769
4896 1774
43319 1775
31505 1776
35389 1778
39711 1780
36726 1781
17769 1782
28814 1784
8081 1789
23016 1791
36365 1792
35292 1795
35096 1797
27643 1798
11701 1800
6154 1801
22562 1802
23907 1803
21800 1804
43609 1805
36721 1807
25649 1808
32535 1811
29487 1815
13741 1816
30912 1817
39631 1819
34643 1821
15582 1822
19102 1824
7357 1825
4262 1827
15474 1828
34885 1830
31848 1833
34851 1834
38981 1835
31799 1838
44310 1839
19759 1841
39673 1842
4042 1845
15555 1846
27400 1847
24320 1850
40302 1852
16140 1853
29833 1856
12360 1858
14405 1859
19414 1861
17900 1863
3622 1864
19736 1865
10687 1868
42413 1869
34865 1872
19500 1874
6717 1875
6239 1877
5469 1878
33289 1882
5979 1883
11846 1885
21136 1886
16273 1888
7400 1891
13310 1892
11448 1893
27717 1894
7753 1896
19615 1897
6883 1902
39987 1903
417 1904
33053 1905
29885 1907
36800 1908
36199 1911
7732 1912
8568 1914
20619 1915
34569 1916
15520 1917
5473 1919
22325 1923
16241 1924
41512 1928
26257 1929
2016 1930
11202 1936
14346 1937
33778 1938
14220 1940
41552 1941
4130 1944
37813 1947
22903 1948
35066 1949
42404 1950
3368 1951
15847 1955
30707 1956
950 1957
36985 1959
3206 1961
32938 1962
27629 1965
22860 1966
5342 1968
4907 1969
31839 1972
7330 1973
5737 1974
6023 1978
18188 1980
21571 1981
20548 1983
17656 1984
42130 1986
31040 1987
3669 1988
11934 1990
36216 1991
25328 1994
13805 1995
32080 1996
25796 1997
26109 1998
