41562 9
545 10
1370 14
36531 15
20449 22
16494 23
12887 26
36251 27
21317 28
16609 41
28627 42
42056 43
21911 46
33326 47
39648 48
26644 57
17421 60
32203 62
87 63
28286 69
15749 73
29991 74
30435 76
17281 77
30138 82
10530 83
304 96
20698 97
42616 101
14502 102
35547 128
22513 134
17992 135
3211 138
43232 139
3486 143
6311 144
21736 146
7025 151
29732 152
38566 155
14898 158
30795 159
43648 166
9715 167
15636 168
7068 170
9173 177
21952 178
14007 181
18323 182
23339 189
38653 190
40017 193
2006 194
23604 219
43920 221
9580 222
29936 227
22668 228
31420 229
21529 233
16096 234
21255 236
42199 237
37293 239
22173 241
23772 242
17342 251
42637 258
25844 259
33858 260
35635 261
13879 264
24859 269
16120 270
41363 278
11451 279
20362 282
9526 286
19320 287
32284 288
7181 289
36337 290
24066 291
23508 292
41535 293
16099 294
23564 295
12423 296
5595 306
12213 307
29196 312
36045 315
21689 316
18818 317
32921 318
31392 319
15163 325
19322 327
28387 340
19211 342
35493 355
5127 357
3611 362
34819 366
24271 369
3227 370
40573 371
2052 372
37694 374
11541 381
17793 382
33959 385
13181 386
9149 387
36994 389
33305 393
2099 394
17927 396
27491 397
18396 400
28478 403
24435 404
9881 405
25069 409
9397 410
40381 412
16745 413
35090 414
21028 415
27466 416
5307 418
31032 421
8580 422
12601 423
42525 425
41221 427
32289 428
17504 432
31704 456
18971 472
7593 473
21356 474
8418 475
8202 476
40622 477
22398 478
25854 479
10441 480
43916 481
22706 485
32793 486
23849 487
23640 488
1223 494
13415 498
30877 499
32474 500
9520 501
1443 503
15514 504
44004 505
6215 506
28645 508
5142 509
32079 510
30739 511
16968 512
25680 519
42473 520
40664 523
23236 524
6814 525
15821 526
37111 527
31901 528
40317 529
2199 532
34816 533
36640 534
20891 535
25289 536
27824 537
21465 538
8270 539
18153 542
11524 543
11426 544
14869 551
32617 555
13814 556
25586 557
30157 560
1670 562
1104 563
39013 564
37276 565
40223 566
32973 568
25577 569
25023 570
42865 571
23001 572
11207 574
32097 575
20820 576
39028 580
12716 581
17046 582
18978 583
7333 586
36899 587
101 588
27570 589
10227 590
38217 591
11000 592
9310 593
24326 595
29298 597
14388 599
11153 600
39425 603
28569 604
41527 605
41196 607
15537 608
28375 610
39090 611
22593 613
21245 614
19422 618
40883 619
39831 622
30571 623
22906 624
24183 625
43927 626
38625 629
38149 631
33909 633
3346 634
24962 635
34711 640
13050 642
21876 643
38066 645
8938 646
18789 647
34925 648
17661 650
19130 651
4307 652
5750 653
18672 654
17184 656
13283 657
20151 659
8285 660
34775 661
43477 662
32591 663
6067 664
42166 666
2227 667
42296 668
2711 670
17706 671
27688 673
730 674
5023 679
15249 680
4692 682
1944 683
31432 684
8290 688
36628 689
31150 690
13803 693
1087 694
11803 695
42863 696
1128 700
12075 701
30361 703
18979 704
41676 706
6736 707
15056 708
36378 713
24091 715
8526 716
42398 719
32171 720
22209 721
2178 722
29161 724
9896 725
27981 726
21252 728
9795 729
20451 731
39771 732
15673 733
40683 735
22142 736
36572 737
36938 738
12267 739
899 741
26596 742
11441 743
38334 744
23535 746
24144 747
20544 748
42289 751
35777 752
33639 753
42150 755
1653 756
15255 758
31081 759
43742 760
35552 761
28529 762
31622 767
32413 768
4768 771
23358 772
5599 773
5188 775
42412 776
19740 779
1783 780
26375 781
2292 783
40690 784
11303 785
41004 788
41211 789
26781 790
1292 792
20565 794
24516 795
24358 797
4512 798
4687 800
8612 801
14458 805
9595 806
35098 807
34416 808
38945 809
18479 811
12327 812
11070 813
10723 816
32551 817
5991 818
2535 820
40575 821
8298 822
29758 824
2215 826
35391 827
10211 828
6670 831
25306 832
27355 834
43277 835
42764 836
17020 838
29245 839
10862 841
37410 843
4701 844
14568 845
35342 847
37673 848
8481 849
4095 851
43182 852
16705 853
38851 854
35378 856
41039 857
23928 858
25672 859
43018 860
38410 861
43117 863
30628 864
18926 868
5815 869
9963 870
14962 871
15060 873
15415 874
11572 876
18162 877
26937 879
33010 880
13580 882
22967 883
29258 885
5940 886
30210 888
4092 889
3666 893
4200 894
4558 895
23933 896
35329 898
12409 899
23463 902
27246 903
39438 904
24760 906
39071 907
28596 908
24627 909
3947 910
27884 912
19393 913
1634 914
26443 917
37091 918
14664 920
22095 921
13005 923
665 924
7300 926
25265 927
38888 929
11785 930
37372 931
22867 932
37012 933
25725 936
27437 937
22402 938
17888 940
24352 941
13516 945
8542 946
29665 947
40614 948
8460 949
37863 950
24471 952
30042 953
14542 955
38766 956
7354 959
5601 960
38555 962
13273 963
14248 966
29860 967
30736 969
25220 970
26385 973
7413 974
2024 975
15388 976
35119 977
10853 980
15935 981
17159 983
37948 984
28475 987
36836 988
4313 989
21029 991
16449 992
7159 996
38159 997
23478 998
21698 999
36026 1001
43185 1003
35275 1004
28110 1006
27992 1009
29374 1010
16763 1011
20569 1014
14846 1016
38379 1017
19866 1019
29163 1020
17429 1022
19540 1024
25125 1025
40130 1028
2950 1029
630 1030
3932 1032
7660 1033
41076 1036
16053 1037
42377 1041
29265 1042
7864 1043
21584 1046
3796 1047
16604 1048
8230 1050
41256 1051
30225 1053
27142 1054
35077 1056
41540 1057
23197 1060
23406 1061
40898 1062
43419 1064
41044 1065
15897 1068
26113 1069
14919 1070
1062 1073
17294 1074
2007 1075
4367 1077
42028 1078
27150 1081
4108 1082
33804 1085
40527 1087
4475 1089
23829 1090
37249 1091
18159 1092
7480 1094
2788 1095
44277 1098
5942 1101
41509 1102
3760 1103
298 1106
12222 1107
35622 1110
3372 1111
8113 1112
25613 1113
24219 1116
39337 1117
6315 1118
28835 1120
25391 1121
6199 1123
6605 1124
8623 1125
21383 1127
4995 1128
34261 1132
7 1133
21408 1134
3668 1135
7345 1137
38400 1138
42074 1139
7681 1142
22868 1143
1606 1144
13074 1147
39197 1148
38828 1150
1067 1151
9802 1152
21669 1154
10760 1155
8175 1158
36247 1159
19453 1160
26959 1162
39037 1163
42739 1168
15026 1169
26545 1170
33259 1174
40544 1175
35034 1178
1665 1179
18004 1180
20116 1181
12159 1188
2903 1189
32341 1192
32042 1196
19629 1197
22082 1199
26832 1200
11927 1208
29378 1209
39983 1213
33389 1214
26924 1215
4339 1219
19808 1222
23960 1223
15617 1230
14792 1231
22736 1232
3897 1234
13390 1243
25769 1251
40314 1252
32477 1253
12589 1254
36703 1258
43767 1259
18598 1260
34002 1262
27016 1263
18418 1266
14529 1282
40957 1283
30203 1285
31463 1286
28192 1295
11442 1296
12465 1297
13138 1301
35648 1304
10145 1308
16657 1309
6862 1322
29605 1323
21571 1327
18188 1328
19357 1329
12707 1341
21970 1346
10871 1348
1074 1355
32028 1359
13247 1360
19716 1361
1501 1367
41553 1368
9560 1375
28410 1376
14211 1377
29095 1378
8931 1380
438 1381
34569 1382
22384 1395
31839 1397
36216 1402
30912 1417
13741 1419
29487 1420
32346 1428
17070 1429
21800 1430
43609 1431
25649 1433
23907 1434
19102 1435
7357 1436
36721 1437
15582 1439
32535 1440
39631 1441
34643 1442
15474 1444
4262 1445
6717 1448
19500 1449
34865 1450
4896 1456
35292 1459
6154 1464
11701 1465
8081 1468
36365 1469
23016 1470
22562 1471
28814 1472
27643 1474
35096 1475
31505 1478
17505 1480
17769 1484
31575 1485
21114 1486
35389 1487
6821 1490
35296 1497
4548 1500
38876 1501
33275 1502
10101 1503
3945 1505
35749 1507
41387 1508
15732 1509
33128 1511
20377 1513
2053 1514
12033 1515
7235 1516
36726 1518
39711 1519
32179 1520
43319 1521
20575 1522
5469 1525
6239 1526
42413 1528
10687 1529
13507 1530
23592 1531
20058 1539
29896 1543
7325 1545
10068 1546
14509 1548
7927 1549
19956 1551
13216 1552
41675 1555
29615 1556
16273 1557
27717 1558
6340 1561
31275 1563
19736 1564
41567 1566
25035 1567
21847 1568
9413 1577
14900 1579
38057 1580
27788 1584
26730 1585
16429 1586
27400 1587
15555 1589
39673 1592
44310 1594
31799 1595
19759 1596
3622 1599
17900 1600
19414 1601
16140 1603
40302 1604
4042 1605
14405 1607
12360 1609
29833 1610
24320 1611
35353 1612
26109 1613
11448 1615
13310 1617
7400 1618
41422 1619
35718 1621
38981 1625
34885 1626
34851 1627
31848 1628
40388 1631
42568 1633
22862 1634
14004 1635
21136 1639
11846 1640
33289 1642
5979 1643
7753 1644
8999 1647
44174 1648
29141 1651
2550 1652
16502 1654
7314 1655
36800 1657
29885 1658
41154 1659
19615 1660
43360 1661
3669 1662
25796 1663
17656 1665
20548 1666
6789 1670
6316 1671
28174 1674
3664 1676
40180 1677
23961 1679
20614 1681
7745 1682
8671 1683
11934 1685
6023 1686
19871 1692
1555 1693
15693 1694
3571 1695
5937 1698
11825 1699
32889 1700
9701 1701
30707 1704
15847 1705
950 1706
7330 1707
32938 1712
3206 1713
36985 1714
22325 1715
5473 1716
33053 1718
417 1720
39987 1722
6883 1723
20619 1726
8568 1727
7732 1729
36199 1730
26239 1731
35066 1735
22903 1737
37813 1738
4130 1739
42404 1740
15520 1741
31040 1743
42130 1744
41552 1747
14220 1748
14346 1751
11202 1752
33778 1754
2016 1758
16241 1759
26257 1761
41512 1762
3368 1763
37609 1767
37081 1768
33372 1769
25963 1773
21716 1774
26811 1776
23071 1777
6792 1781
39267 1782
7862 1783
34319 1784
5737 1787
4907 1790
5342 1791
22860 1792
21539 1793
27629 1794
19600 1795
41667 1796
17775 1797
32080 1798
36831 1800
19728 1801
11702 1803
18240 1804
35496 1807
41966 1808
7370 1809
38119 1811
39507 1812
2543 1813
26288 1815
42102 1816
2666 1818
38706 1819
32838 1821
39696 1822
33728 1825
14380 1829
38673 1830
11967 1831
3266 1833
32546 1834
44108 1835
44244 1838
34989 1839
4944 1840
26159 1842
17915 1843
6337 1844
22910 1847
23148 1848
30750 1849
10459 1851
38508 1852
38271 1853
39886 1856
11643 1857
34734 1858
7478 1860
26198 1861
15578 1863
29303 1865
43322 1866
16167 1868
36189 1869
14491 1870
22934 1873
21452 1874
7520 1875
44093 1876
34456 1880
33726 1881
14451 1882
35680 1884
22435 1885
16582 1886
17920 1887
15374 1888
5707 1889
24705 1890
19916 1891
13397 1895
34649 1896
36409 1897
105 1898
39334 1900
22647 1902
15286 1903
31598 1904
13808 1906
34428 1907
3444 1908
33941 1910
16606 1911
14285 1913
17023 1915
25480 1916
14687 1919
35973 1920
18220 1921
37532 1922
13805 1924
25328 1925
36975 1928
23534 1930
32501 1931
34307 1934
40919 1935
35124 1936
37064 1938
21434 1939
23526 1941
26201 1942
43138 1943
8430 1945
34636 1946
21165 1948
4024 1949
37254 1951
35638 1952
28713 1953
9730 1954
5741 1956
41277 1957
38767 1959
1811 1960
34644 1963
26499 1965
9939 1966
10271 1968
36602 1969
24674 1971
11345 1972
19267 1973
33477 1974
18919 1977
22992 1978
8410 1979
30394 1982
6978 1983
40497 1984
2452 1987
43273 1988
9463 1989
30098 1992
37095 1993
4632 1994
23459 1995
20305 1996
20185 1997
2077 1998
