31799 10
44310 11
39673 12
19759 13
16429 16
27400 17
20575 19
38057 21
14900 22
19414 26
17900 28
3622 29
29833 31
12360 33
14405 34
40302 37
16140 38
9413 39
4042 41
15555 42
36985 51
22325 55
16241 57
14004 58
11934 69
6023 71
18188 73
21571 74
42130 75
31040 78
20548 80
17656 81
3669 82
39696 92
32838 93
6337 94
105 101
13390 103
15026 107
42739 108
1665 111
20116 112
40544 115
33259 116
35034 118
18004 119
26545 120
36409 121
13397 123
34649 124
17920 126
19916 127
44093 129
38271 130
4944 133
34989 135
44244 136
12465 137
33726 143
22435 146
35680 147
14451 148
26198 151
7478 152
34456 153
23148 156
22910 157
18598 163
32477 166
40314 168
25769 169
34002 170
36703 171
43767 172
27016 173
11442 175
28192 176
14529 180
40957 181
31463 183
30203 184
35648 185
15286 192
22647 193
39334 194
13074 202
28286 205
5601 214
38159 218
7159 219
23478 220
21698 221
2024 222
7354 224
38555 226
13273 227
37948 230
17159 231
26385 232
15935 234
10853 235
7413 236
8230 237
7864 241
29265 243
42377 244
38379 251
14846 252
20569 253
29163 255
19866 256
3796 258
21584 259
36836 267
28475 268
4313 269
17429 273
16449 275
21029 276
20698 277
22402 279
28110 280
29374 283
304 284
27992 285
38766 290
1634 295
25725 296
30042 300
24471 301
27437 302
7300 303
19393 306
37372 307
17992 312
15636 313
24760 314
40575 331
2535 332
8298 334
18479 335
41039 339
35378 340
14568 343
18323 348
14007 349
10211 350
4512 358
32921 367
31392 368
26596 370
899 371
24144 374
23535 375
41211 377
9580 379
41004 380
32413 387
23358 389
4768 391
5599 392
31622 393
26375 397
1783 398
19740 399
5188 401
42412 402
20544 403
43920 405
22173 406
38334 409
37293 410
16096 414
21529 415
42199 417
23772 418
22668 420
29936 422
21255 423
40690 426
2292 427
43277 433
27355 434
6670 435
23604 436
37673 438
26781 439
31420 440
11303 441
8612 443
4687 444
24358 445
34416 446
9595 449
14458 450
35098 451
38945 452
35391 456
12327 457
2215 458
43742 461
31432 473
2178 478
29161 481
9896 482
32171 487
42398 488
21689 491
36045 492
24091 493
31150 498
5023 499
1944 501
4692 502
18979 506
30361 507
32289 510
41221 511
42525 512
15249 513
36628 516
8290 517
13803 520
1087 521
11803 522
28387 524
18818 525
29196 526
8526 529
36938 535
15673 537
19322 539
42863 540
15163 542
12213 544
5595 545
9795 548
21252 549
6067 552
27981 553
15056 554
39771 555
20451 556
36378 557
22209 558
24066 560
41676 562
6736 563
23508 564
41535 567
16099 569
23564 570
32284 578
19320 579
9526 580
7181 581
20362 582
36337 583
11451 585
41363 586
16120 588
24859 589
33858 591
42637 593
25844 594
13879 596
35635 597
11441 599
22142 602
40683 603
36572 604
12267 605
1653 609
42150 610
15255 611
24516 613
31081 614
19211 627
9310 628
20151 630
8285 632
24183 633
18672 634
13283 638
17184 639
2227 641
42166 642
11426 653
18153 654
25023 655
25577 658
32973 659
23001 660
36899 663
7333 664
101 665
20820 667
32097 670
11207 671
38217 673
11000 674
39090 677
17504 678
27570 680
28375 681
21876 684
18789 688
8938 690
38066 691
34711 692
13050 693
10227 694
42865 697
22593 698
21245 699
34925 700
43477 701
16745 718
40381 719
9397 721
25069 722
35090 723
8580 725
22398 726
2099 728
33305 729
9881 732
18396 733
24435 735
28478 736
27491 740
11524 741
17927 742
36994 743
17793 747
11541 748
9149 749
21028 750
27466 751
37694 752
2052 756
12075 758
1128 759
34819 761
3227 763
40573 765
24271 766
18978 771
39028 774
31704 776
12716 777
37111 781
15821 782
25289 785
16968 788
1223 795
9520 800
30877 803
13415 804
32474 805
1443 806
13814 808
32617 809
5142 812
32079 813
23236 817
42473 819
25680 820
40664 822
6814 823
44004 826
30739 828
31032 829
28645 830
6215 831
37276 837
14869 838
40223 839
1104 840
1670 842
25586 845
39013 846
15514 847
40622 852
25854 857
8418 858
21356 859
7593 861
18971 862
8202 863
23640 866
32793 869
22706 870
23849 871
10441 872
43916 873
30157 874
34816 875
2199 876
36640 877
20891 879
21465 880
31901 883
40317 884
27824 885
17046 886
39425 887
3611 889
30571 892
11153 898
13181 901
33959 902
14388 903
39831 904
22906 905
5307 907
40883 909
19422 910
12601 911
8270 912
41527 915
3346 918
33909 919
29298 921
24326 922
28569 923
15537 925
41196 926
38625 929
38149 931
24962 932
43927 933
5127 934
5750 935
35493 937
19130 939
17661 940
34775 942
4307 943
32591 944
42296 945
730 947
27688 948
35777 950
42289 951
33639 953
17706 955
2711 956
35552 957
12423 960
17342 961
28529 962
20565 964
1292 965
29758 966
2006 968
40017 969
38653 971
23339 972
5991 975
35342 976
32551 979
10723 980
43182 981
29245 984
17020 985
11070 986
21952 989
38851 992
9173 993
4095 994
23928 996
43018 997
38410 999
16705 1001
4701 1004
37410 1005
10862 1006
4092 1009
30210 1010
30628 1014
43117 1015
21736 1016
33010 1018
26937 1019
30795 1021
14898 1023
38566 1024
29732 1026
7025 1027
37012 1028
18162 1029
3211 1030
5940 1033
28596 1034
29258 1035
42764 1040
8481 1042
11572 1043
15060 1045
25306 1048
43648 1049
15415 1050
9963 1053
5815 1055
18926 1056
9715 1058
14962 1061
22513 1062
12409 1063
25672 1066
22967 1067
13580 1068
23933 1071
43232 1072
4558 1074
4200 1076
3666 1077
665 1080
24352 1081
13005 1083
35547 1084
39438 1087
27884 1088
27246 1090
23463 1091
11785 1094
25265 1096
35329 1097
39071 1099
38888 1100
29860 1103
25220 1105
30736 1106
14542 1107
15388 1110
18159 1111
14248 1112
36026 1114
43185 1116
35275 1117
630 1119
2950 1121
40130 1122
16763 1123
16604 1124
25125 1127
19540 1128
16053 1130
41076 1131
41256 1132
39197 1134
10530 1136
30138 1137
1067 1139
38828 1140
32341 1142
28713 1143
18418 1145
37532 1147
19267 1149
21669 1160
10760 1161
6978 1162
22867 1174
17888 1175
27142 1177
30225 1178
41044 1179
26644 1183
6199 1184
17294 1186
6605 1187
43419 1188
2788 1190
7480 1191
87 1195
17421 1196
32203 1197
1606 1198
6315 1200
39337 1202
24219 1203
21408 1205
7 1207
34261 1208
3668 1209
22868 1210
9802 1213
7681 1214
36531 1216
1370 1217
28627 1223
2007 1227
16609 1228
1062 1230
25613 1231
39648 1232
42056 1234
21911 1236
33326 1237
42074 1238
42028 1241
4367 1242
19453 1244
8175 1245
545 1247
41562 1248
2903 1251
12159 1252
36247 1254
3897 1255
23459 1258
2077 1259
20305 1261
20185 1262
11927 1264
29378 1265
1811 1268
38767 1269
43138 1270
26832 1276
22082 1277
41277 1279
5741 1280
24674 1282
4339 1285
4024 1287
21165 1288
11345 1289
30394 1291
9730 1292
40497 1294
19629 1296
32042 1297
23960 1300
19808 1301
35638 1303
37254 1304
34636 1307
26201 1308
21434 1312
37064 1313
36975 1316
32501 1317
34644 1321
8410 1327
33477 1328
18919 1330
22992 1331
4632 1335
37095 1337
30098 1338
36602 1340
10271 1341
3760 1346
12589 1348
16606 1350
33941 1351
41509 1353
5942 1354
12222 1359
298 1360
35622 1363
3372 1364
8113 1366
4995 1369
28835 1372
25391 1374
8623 1375
21383 1376
23829 1384
4475 1385
40527 1386
4108 1387
37249 1388
8460 1392
35119 1394
7660 1397
22095 1404
7068 1405
37091 1408
26443 1409
14664 1411
24627 1412
6311 1414
3486 1415
42616 1418
14502 1419
3947 1420
29665 1422
8542 1424
13516 1425
40614 1426
3932 1427
15749 1432
29991 1433
17281 1435
30435 1436
26113 1439
15897 1440
14919 1441
36251 1444
21317 1446
12887 1447
39037 1450
26959 1451
20449 1453
16494 1454
40898 1457
27150 1458
23406 1460
23197 1461
33804 1462
41540 1464
35077 1465
38400 1467
7345 1468
44277 1469
9463 1471
43273 1473
2452 1474
9939 1476
26499 1477
33389 1480
39983 1481
26924 1482
14792 1485
15617 1486
22736 1487
40919 1492
23534 1493
35124 1494
34307 1495
18220 1496
8430 1498
23526 1499
34428 1504
3444 1505
35973 1507
14687 1508
17023 1509
25480 1511
31598 1513
14285 1514
5707 1516
13808 1519
16582 1520
14491 1521
15374 1523
24705 1524
30750 1528
36189 1530
16167 1531
38508 1533
10459 1534
32546 1539
3266 1540
11967 1543
33372 1548
37081 1550
37609 1551
23071 1555
21716 1558
22384 1560
25963 1561
26811 1562
34319 1563
7862 1565
39267 1567
6792 1568
41667 1569
14380 1570
18240 1573
11702 1574
38673 1575
44108 1576
11643 1579
34734 1581
39886 1582
33728 1583
43322 1587
29303 1588
21452 1592
22934 1593
15578 1594
7520 1595
13138 1597
7370 1598
16657 1601
10145 1602
17915 1604
26159 1605
29605 1609
6862 1610
21539 1611
2543 1612
19600 1615
19357 1617
42102 1619
26288 1620
43360 1626
39507 1627
26239 1628
38119 1629
41966 1631
35496 1632
12707 1634
38706 1636
2666 1637
19728 1639
36831 1640
15520 1642
17775 1645
34569 1646
5473 1647
27629 1649
22860 1650
5342 1652
4907 1653
31839 1655
5737 1656
4130 1659
42404 1660
37813 1663
22903 1664
35066 1665
3368 1667
14220 1670
41552 1671
14346 1674
11202 1675
33778 1676
41512 1679
26257 1680
2016 1681
3206 1683
32938 1684
15847 1687
30707 1688
950 1689
10871 1691
6883 1695
39987 1696
417 1697
33053 1698
8671 1701
9701 1702
1074 1704
41553 1709
1501 1710
8568 1712
21970 1713
28410 1717
13247 1718
29095 1720
14211 1722
9560 1723
35718 1725
438 1727
8931 1728
36199 1732
7732 1733
20619 1734
19716 1736
32028 1737
3571 1741
1555 1743
19871 1744
15693 1745
7314 1751
8999 1753
44174 1754
16502 1756
40180 1761
3664 1762
6789 1765
6316 1766
28174 1767
23961 1769
7745 1770
20614 1771
2550 1773
29141 1774
22862 1776
42568 1777
11825 1780
5937 1781
32889 1782
31848 1787
34851 1789
34885 1791
38981 1792
41154 1793
29885 1795
36800 1796
41422 1797
27788 1807
26730 1808
28814 1809
23907 1810
17070 1814
32346 1815
21800 1816
43609 1818
2053 1825
20377 1827
33128 1828
35749 1829
3945 1831
41387 1832
12033 1833
6821 1835
7235 1836
21114 1838
31575 1840
36726 1844
39711 1847
36216 1848
35389 1849
4896 1853
43319 1854
22562 1855
31505 1857
15732 1859
37863 1860
17769 1861
32535 1864
19102 1866
7357 1867
39631 1870
15582 1872
34643 1873
29487 1876
13741 1878
33275 1884
38876 1888
10101 1889
35296 1890
4548 1891
23016 1892
8081 1893
36365 1894
35096 1898
27643 1899
35292 1900
11701 1902
6154 1903
30912 1904
36721 1906
25649 1907
4262 1909
15474 1910
23592 1913
13507 1914
17505 1915
10687 1919
42413 1920
34865 1924
19500 1926
6717 1927
6239 1928
5469 1929
40388 1930
21847 1936
41675 1937
29615 1941
13216 1942
10068 1946
7325 1947
29896 1948
14509 1950
7927 1951
19956 1953
20058 1954
19736 1956
25035 1960
41567 1961
6340 1962
31275 1963
33289 1967
5979 1968
11846 1970
21136 1971
16273 1973
7400 1976
13310 1977
11448 1978
35353 1981
7753 1983
19615 1984
27717 1985
24320 1986
32179 1988
25328 1992
13805 1993
32080 1994
25796 1996
7330 1997
26109 1998
