8261 11
2194 12
42621 13
36916 14
32762 18
38137 20
23394 21
18143 26
31009 27
15562 31
33747 32
7647 36
31750 37
20030 39
15963 40
29738 44
10655 46
26976 47
14973 52
31525 54
1166 55
4131 56
14275 64
29017 65
411 66
23725 76
5805 77
37319 78
22331 81
43066 82
43221 86
27114 88
38470 89
5049 90
34042 92
8569 93
1694 95
13608 96
30782 99
26715 100
41185 101
11003 105
25585 108
5094 110
13319 111
44014 114
14124 115
33048 116
23422 117
23846 123
32609 124
32239 126
12108 128
6863 129
31557 135
27912 140
41302 141
31677 142
33299 144
34479 145
36654 147
10470 148
28684 151
33983 152
32350 156
21453 158
16897 159
11710 162
23008 163
43121 164
17612 166
35832 168
14953 169
41863 173
43030 174
21047 177
3383 182
8090 183
43708 184
33277 193
25434 194
32548 197
34358 198
19622 199
36051 204
10332 205
2807 208
12400 210
7999 211
11529 217
20303 218
33661 219
30055 220
19927 222
42688 223
34887 230
36432 231
18067 232
22546 235
37415 236
16623 237
39462 243
23483 244
16200 250
1145 251
41665 252
34599 253
25955 256
38482 257
23084 259
18755 260
34189 269
32577 270
27081 275
23005 276
16950 277
25383 278
43737 281
2788 282
4820 285
4293 286
22518 287
17957 293
23995 294
12700 296
33673 297
4467 298
34210 303
9945 304
43114 306
15075 308
23607 309
8124 312
14844 313
10955 318
22846 319
17655 322
659 323
17917 325
39535 326
19228 329
5886 330
5745 334
23042 336
14371 337
11413 342
38963 343
31133 344
29119 350
39701 351
17482 352
6576 353
3299 354
18132 355
4013 357
16095 358
7083 361
37016 362
6492 364
4484 367
35999 368
42357 369
37614 373
36250 374
23235 375
40457 379
16532 380
23829 381
10846 382
3230 385
38148 387
21410 388
32962 390
13904 391
29186 396
4833 397
42584 398
5211 400
42895 401
28559 405
12583 406
40113 410
32090 411
13371 414
30915 415
24718 425
36825 427
7224 428
39400 437
12985 441
34511 454
8599 455
22233 462
14006 463
36245 466
38928 479
12848 481
11726 485
34760 500
6784 504
34608 505
34230 522
40169 523
28078 524
43462 526
13473 527
19717 538
24664 540
1721 541
29614 544
2495 545
7838 555
30333 556
3281 558
16641 559
36846 560
5138 561
42529 562
43293 563
39719 564
16381 565
9770 567
15280 568
12203 571
41090 573
33955 574
21379 575
39969 576
42184 577
18572 578
12726 579
12122 580
33155 581
42232 583
44021 584
9406 585
12553 586
9413 587
8837 588
37610 589
21321 590
21657 591
32323 592
11735 594
7405 595
26962 596
22756 597
8166 598
22520 599
15946 602
24420 603
3155 605
32125 608
37946 610
10077 612
19759 613
8056 614
32750 616
27461 617
954 618
14597 619
16981 620
8161 621
8001 622
40564 623
19459 624
15634 625
8643 626
22251 628
10826 629
24448 631
7458 632
21176 633
15733 634
212 635
43111 637
37643 638
11378 640
9455 641
35192 642
23820 643
39412 645
28745 647
24651 648
5551 649
43498 650
31532 652
36552 653
34302 662
22084 664
30112 665
11112 666
25870 669
13623 670
13394 671
15531 675
40295 676
8018 678
23345 679
38358 681
23311 683
17712 684
12190 685
10009 689
43790 690
33787 691
23003 694
13818 696
5443 697
20241 699
16275 701
38533 703
6202 704
11266 707
11272 708
21304 710
19863 711
38960 714
19776 715
25896 716
8184 717
14278 719
24786 720
9389 723
13578 724
16489 726
25847 727
26844 730
29148 731
33794 732
30838 737
5047 740
30853 741
35770 743
35951 744
25706 745
1842 746
43115 749
28556 752
22761 753
8602 754
41542 756
43019 757
12542 758
30603 759
1165 760
28917 761
15841 762
21342 764
42478 766
25826 767
37209 768
7673 769
4102 770
34624 771
34191 773
11215 774
21541 776
21621 777
26366 779
36171 780
10279 784
34512 785
27509 786
3730 789
43455 790
21438 791
20033 794
24469 795
33850 796
25273 800
4872 801
32173 802
6155 805
30028 806
41215 807
34993 809
8280 810
9366 812
23296 813
11664 814
30663 816
19658 817
36853 819
7187 820
32186 823
18238 824
38711 825
10280 828
12905 829
31476 830
43248 835
41282 836
18575 839
15656 840
11662 841
6895 844
5996 845
20628 846
44333 847
3395 849
43659 850
5070 854
17819 855
2657 856
39981 857
33161 859
2177 861
41117 862
17098 867
9875 868
24668 869
14282 871
26339 872
31768 876
2396 877
3749 879
27145 880
12457 882
9377 883
5444 885
11609 886
40695 889
41044 890
23714 891
38227 894
3372 897
39974 898
11591 899
27613 901
18242 903
14800 904
24942 915
24897 917
35034 918
42484 919
39250 922
23713 924
22749 925
32473 927
5013 929
43326 930
25976 931
18004 933
30323 936
35249 937
41430 939
17809 941
16323 942
17909 946
29754 947
28116 949
26184 950
24829 952
12651 953
9767 954
18277 957
15022 958
34079 961
30652 965
27250 967
40081 968
43717 970
1765 971
2400 973
683 974
17620 975
36132 980
38780 982
27949 984
21617 985
3512 988
27141 990
12346 992
11017 993
1400 994
18744 997
27525 998
33259 999
10568 1001
22999 1002
18486 1008
28512 1010
28460 1011
3016 1012
23746 1013
7283 1017
9926 1018
39908 1019
23160 1023
1665 1026
24822 1027
23168 1029
9809 1031
43595 1032
4923 1033
15528 1035
40658 1036
26295 1039
33262 1040
29593 1042
17293 1043
37564 1047
26508 1048
25516 1049
35258 1052
4056 1053
4949 1054
33481 1058
4964 1059
36551 1060
3470 1061
30177 1063
2924 1064
20668 1067
25450 1068
7935 1069
24 1072
38233 1073
10779 1076
10250 1077
7210 1078
16160 1080
44154 1081
36677 1084
18288 1085
7537 1087
26685 1088
39414 1091
26812 1094
20612 1096
39738 1098
5430 1099
35940 1101
20076 1102
3344 1103
34108 1107
9722 1108
20542 1109
11024 1111
39984 1113
22549 1114
7349 1116
33802 1118
23268 1119
12434 1122
31177 1123
21642 1124
38194 1127
8748 1128
36582 1129
16792 1132
37502 1133
39203 1135
21592 1136
39176 1138
15069 1140
21279 1142
50 1143
25692 1146
33382 1148
21346 1149
20557 1151
20217 1154
2330 1157
44071 1158
16810 1159
26261 1161
42691 1162
14009 1164
30894 1168
4065 1169
30541 1170
40576 1171
12300 1174
44247 1175
2134 1176
39303 1179
14615 1180
35326 1183
27686 1184
570 1185
15361 1186
11708 1187
36520 1190
39276 1192
17200 1193
22996 1194
27302 1196
19535 1200
32429 1201
18628 1203
7247 1207
20355 1208
32678 1209
33561 1210
18550 1212
1604 1213
34661 1215
13114 1218
8030 1219
33034 1221
84 1222
26050 1225
4947 1228
29824 1230
6184 1231
38566 1233
23715 1234
33510 1238
37822 1240
30871 1241
32789 1242
41642 1243
43428 1245
38755 1246
30717 1247
20999 1251
21099 1252
27526 1258
27998 1261
15458 1262
7025 1263
16519 1269
3769 1271
22497 1272
31631 1273
39216 1275
7264 1276
1787 1279
7634 1280
40218 1281
34733 1286
8362 1288
19975 1289
18455 1293
27623 1294
9342 1295
4700 1297
30282 1299
1668 1300
5816 1304
14684 1305
25262 1306
10665 1307
8792 1310
1506 1311
22701 1313
26409 1314
1218 1317
27864 1319
1578 1321
36784 1322
28308 1324
14486 1325
40720 1328
10746 1329
30741 1331
18980 1332
8437 1336
29732 1337
32404 1338
40157 1340
22732 1341
37125 1345
31379 1346
17967 1347
7791 1351
29261 1352
187 1353
30659 1356
2271 1357
2486 1358
40047 1361
35305 1362
8096 1364
5161 1365
15383 1368
33994 1369
13653 1371
32430 1372
17005 1374
9034 1375
39356 1378
14091 1379
21976 1382
11833 1384
7981 1385
4991 1386
35629 1389
29676 1390
194 1392
15410 1393
34279 1395
7796 1396
9638 1400
4620 1402
13103 1403
20919 1404
10030 1407
31146 1408
23367 1409
11078 1412
10581 1413
31615 1414
17196 1416
31712 1420
25607 1421
12429 1423
23517 1424
31346 1426
23061 1427
26253 1431
21007 1432
41366 1433
24362 1436
24628 1437
41910 1438
14521 1441
8156 1443
39741 1444
38627 1451
17831 1452
41057 1458
10577 1459
22131 1460
10166 1462
9844 1465
38215 1466
42015 1467
10727 1469
20809 1470
29340 1471
12763 1475
33323 1476
23219 1478
36900 1479
33712 1482
43835 1484
34640 1485
27756 1488
22049 1489
22883 1495
13435 1497
2574 1498
11451 1501
40588 1503
36969 1505
26964 1506
16966 1510
12444 1511
36569 1512
7654 1519
30952 1521
40832 1522
43805 1526
17440 1527
21200 1530
41086 1531
44427 1535
7229 1541
15802 1542
30589 1545
42367 1549
26734 1550
24679 1553
11707 1554
40634 1556
3014 1557
34817 1559
3468 1561
22997 1562
4682 1565
27761 1567
20456 1568
28182 1569
41201 1573
10521 1575
34469 1576
24780 1581
12291 1582
37794 1584
33076 1585
6740 1590
24418 1591
34922 1592
26376 1603
7542 1608
6860 1609
829 1610
2337 1611
18994 1614
8787 1615
2107 1617
30765 1618
29301 1622
32022 1623
24333 1624
29236 1628
7623 1630
31907 1631
37787 1634
8153 1635
9940 1637
22995 1639
16203 1640
23319 1643
11829 1644
30157 1646
13054 1647
23036 1650
35243 1652
13637 1654
35855 1655
22461 1658
38409 1659
28273 1661
14320 1662
28605 1665
40841 1666
39628 1667
17453 1670
41025 1672
22166 1673
11534 1676
42743 1677
34971 1680
12714 1681
20506 1682
322 1684
37031 1685
5348 1686
32490 1691
18656 1692
42858 1694
43327 1695
2379 1697
33018 1698
4172 1700
23779 1701
38146 1705
5063 1707
25357 1709
5036 1710
43442 1711
15334 1712
24934 1714
35767 1715
41684 1719
41043 1720
37821 1721
30671 1723
14961 1724
10048 1729
31856 1731
26671 1732
16980 1735
17152 1736
32453 1737
14487 1742
37666 1743
15009 1744
9069 1746
40883 1747
30742 1748
4819 1750
15342 1751
40487 1754
3850 1755
43031 1756
35637 1758
10129 1759
42526 1761
41956 1762
16566 1765
7167 1767
7670 1768
11551 1770
38932 1771
29472 1774
19183 1775
6125 1781
3633 1782
36447 1784
37668 1785
35984 1787
34988 1788
34143 1792
23573 1793
29034 1794
3881 1795
41363 1798
28732 1799
20173 1802
37775 1803
262 1808
11557 1809
10029 1810
18622 1812
17933 1813
794 1814
14112 1816
6085 1818
11379 1819
42875 1824
23955 1825
42812 1827
30067 1828
43501 1832
9196 1835
40783 1836
20810 1842
37375 1843
14557 1845
16031 1846
35685 1852
41809 1853
21987 1854
7038 1858
19637 1859
30078 1860
5309 1864
19362 1866
271 1867
5446 1868
18490 1869
35228 1872
40530 1874
29983 1875
24577 1876
28568 1878
6061 1882
18686 1884
379 1885
15028 1886
8663 1887
654 1889
30456 1891
8311 1892
35688 1895
28769 1896
40781 1898
26251 1899
1566 1901
35009 1902
38029 1907
2594 1908
22421 1909
42959 1912
11813 1913
7277 1914
28226 1917
8858 1919
8194 1921
33805 1922
6553 1923
5599 1926
41456 1927
29470 1928
40749 1931
18428 1933
9000 1934
3952 1935
42070 1941
16549 1942
42605 1943
42731 1945
1235 1946
25494 1948
5435 1950
22011 1951
20660 1953
3015 1954
17391 1957
22464 1958
13919 1959
1973 1961
24260 1962
12922 1964
27021 1965
3403 1967
15400 1970
34131 1972
24478 1973
2711 1976
42888 1977
19651 1978
2793 1980
38933 1981
5372 1984
38735 1985
35964 1986
13945 1991
23547 1992
34743 1993
31999 1994
3745 1995
2794 1996
34652 1997
33328 1998
