1 2 0.19315000000000002
2 3 4.477006
2 4 5.969198
1 5 0.564857
5 6 0.244823
6 7 0.035070000000000004
7 8 3.0311459999999997
7 9 0.176624
9 10 0.10585
10 11 0.117724
11 12 0.24202500000000002
12 13 0.054949000000000005
13 14 0.158433
14 15 2.639692
14 16 1.0754190000000001
13 17 5.820119
12 18 0.437829
11 19 0.8666039999999999
10 20 0.15900599999999998
20 21 0.144511
21 22 0.195429
22 23 2.6569659999999997
22 24 0.87356
24 25 0.33451800000000004
25 26 0.442452
25 27 0.814847
24 28 0.985235
21 29 0.195251
29 30 1.9028420000000001
29 31 0.240872
31 32 1.403939
31 33 2.517102
20 34 0.082815
34 35 0.10225200000000001
35 36 0.081359
36 37 0.175553
37 38 2.074122
37 39 1.640989
36 40 0.23631199999999997
40 41 2.488061
40 42 0.495652
42 43 3.335913
42 44 3.940213
35 45 0.199802
45 46 1.995731
45 47 0.158759
47 48 1.982267
47 49 0.11180299999999999
49 50 0.294507
50 51 2.226242
50 52 1.591732
49 53 0.669113
53 54 6.041401
53 55 5.523481
34 56 1.634487
9 57 1.4870130000000001
6 58 0.237185
58 59 3.728827
59 60 1
59 61 1
58 62 2.029711
5 63 0.086566
63 64 2.676186
63 65 0.16917200000000002
65 66 0.264533
66 67 1.778846
67 68 2.906719
67 69 3.388848
66 70 0.187698
70 71 0.06697
71 72 0.325351
72 73 1.168143
73 74 1.220511
73 75 1.275999
72 76 0.285477
76 77 0.888853
77 78 1.284325
77 79 1.362937
76 80 2.698273
71 81 0.08743899999999999
81 82 0.115071
82 83 0.08547500000000001
83 84 0.19803500000000002
84 85 0.331878
85 86 0.16017399999999998
86 87 0.017116
87 88 0.15914499999999998
88 89 0.27787
89 90 0.032476
90 91 0.40497700000000003
91 92 0.17253
92 93 5.908475
92 94 5.894819
91 95 5.016925
90 96 5.751692
89 97 0.147087
97 98 5.677925999999999
97 99 0.8360660000000001
99 100 5.078884
99 101 4.787529
88 102 0.18486
102 103 0.359658
103 104 1.1764480000000002
104 105 4.985412
104 106 4.938706000000001
103 107 0.187986
107 108 0.877621
108 109 2.160036
109 110 64.040431
109 111 12.839591
108 112 1.89846
112 113 23.357967
112 114 13.18662
107 115 0.21744300000000003
115 116 0.049770999999999996
116 117 5.781909
116 118 0.192135
118 119 0.282836
119 120 0.194161
120 121 1.431546
121 122 1.335032
122 123 1.366428
123 124 5.447473
123 125 5.545897
125 126 0.175883
125 127 0.255777
122 128 3.376421
128 129 1.338436
128 130 1.359176
121 131 7.432696
120 132 0.358517
132 133 0.163265
133 134 3.531749
134 135 4.400718
134 136 4.664167
133 137 0.178543
137 138 0.083966
138 139 0.228407
139 140 0.107383
140 141 0.095654
141 142 8.690973
141 143 0.24646099999999999
143 144 0.132175
144 145 0.227333
145 146 0.170316
146 147 10.152631
146 148 0.325268
148 149 8.625157999999999
148 150 9.622785
145 151 8.229133
144 152 8.042108
143 153 0.135548
153 154 0.147891
154 155 0.049976
155 156 0.130957
156 157 0.209969
157 158 0.095409
158 159 0.155498
159 160 0.234027
160 161 0.225134
161 162 10.027273000000001
161 163 9.846805999999999
160 164 9.746349
159 165 0.18409999999999999
165 166 0.053503999999999996
166 167 0.307636
167 168 0.169015
168 169 0.253172
169 170 8.563342
169 171 9.885444999999999
168 172 9.378815
167 173 9.46206
166 174 0.175758
174 175 0.13026
175 176 0.375337
176 177 9.923704
176 178 8.99639
175 179 0.529669
179 180 11.407542
179 181 9.296534
174 182 0.346528
182 183 9.920341
182 184 10.160163
165 185 10.945641
158 186 0.141921
186 187 1.612338
187 188 8.79287
187 189 9.655917
186 190 0.11856099999999999
190 191 1.332525
191 192 8.982344000000001
191 193 12.633996
190 194 0.139719
194 195 1.535701
195 196 1.429793
196 197 7.365702000000001
196 198 10.949113
195 199 2.631252
199 200 7.717922000000001
199 201 8.043846
194 202 0.250531
202 203 0.22987200000000002
203 204 0.6430950000000001
204 205 3.172561
205 206 3.182562
206 207 1.64832
207 208 1.7053639999999999
208 209 2.89541
209 210 6.824283
209 211 3.5054719999999997
208 212 6.375793000000001
207 213 6.103598
206 214 8.443942
205 215 1.103206
215 216 2.440753
216 217 1.659001
217 218 0.271603
218 219 0.856439
219 220 0.8539720000000001
220 221 0.621746
221 222 0.534084
221 223 0.143434
223 224 0.770115
223 225 0.371794
225 226 0.488898
226 227 0.198336
227 228 0.11876899999999999
228 229 0.18450999999999998
229 230 0.08153
229 231 0.014072
228 232 0.15187499999999998
232 233 0.105031
233 234 1
233 235 1.8e-05
235 236 1
235 237 1.8e-05
237 238 1
237 239 1.8e-05
239 240 1.8e-05
240 241 0.047797
240 242 1
239 243 1
232 244 0.08636400000000001
244 245 1
244 246 1
246 247 1
246 248 1
227 249 0.5710500000000001
249 250 0.058398
250 251 0.013405
250 252 0.034373
249 253 0.13308199999999998
226 254 0.662244
254 255 0.048553
255 256 1
255 257 0.000127
257 258 0.000127
258 259 1
258 260 0.047905
257 261 1
254 262 0.09493700000000001
262 263 1
262 264 1
225 265 0.71082
265 266 1.0641589999999999
266 267 0.023961
266 268 0.023817
265 269 0.33448100000000003
269 270 0.75259
269 271 1.095758
220 272 0.12809900000000002
272 273 0.219791
272 274 0.5987169999999999
219 275 0.517998
218 276 0.380102
276 277 0.894884
276 278 0.966386
278 279 0.406506
278 280 0.36348199999999997
217 281 1.109544
281 282 1.904484
281 283 0.054438
283 284 1.519647
283 285 1.582553
216 286 1.696739
286 287 2.048633
286 288 3.496614
215 289 1.7346949999999999
289 290 6.104776
290 291 0.46614200000000006
291 292 0.15864
292 293 0.29125
292 294 0.430265
291 295 0.566954
290 296 0.579745
296 297 0.629996
296 298 0.872736
289 299 4.30781
299 300 6.933483
300 301 0.021562
300 302 0.026217
299 303 4.158212
303 304 4.087683999999999
304 305 0.133462
304 306 0.10588800000000001
303 307 5.256818
204 308 9.660539
203 309 1.339017
309 310 9.183765000000001
309 311 10.621664
202 312 0.323881
312 313 0.603112
313 314 0.14058199999999998
314 315 0.499533
315 316 1.571136
316 317 13.855729
316 318 10.508281
315 319 2.508228
319 320 6.692498
319 321 7.865073000000001
314 322 0.66713
322 323 9.294491
322 324 2.1447279999999997
324 325 2.809145
325 326 9.054173
325 327 4.432948
327 328 0.779169
327 329 1.3673060000000001
324 330 7.834307
313 331 0.655164
331 332 11.889799
331 333 0.095493
333 334 0.38852600000000004
334 335 0.9211520000000001
335 336 3.024388
336 337 2.22231
337 338 8.061128
337 339 8.6694
336 340 12.640881
335 341 2.920718
341 342 1.582114
342 343 7.372699000000001
342 344 4.746689
344 345 3.628898
344 346 3.5922780000000003
341 347 1.4242730000000001
347 348 3.779288
348 349 6.349815
348 350 6.9056880000000005
347 351 10.753168
334 352 2.166214
352 353 12.023833
352 354 13.761214999999998
333 355 0.11342100000000001
355 356 0.44856599999999996
356 357 3.908612
357 358 8.209814999999999
357 359 7.232603999999999
356 360 5.022168
360 361 7.698811
360 362 4.010516
362 363 3.751674
362 364 3.5244530000000003
355 365 2.75793
365 366 8.755162
365 367 9.292619
312 368 0.551876
368 369 0.471798
369 370 0.6714559999999999
370 371 0.38834799999999997
371 372 5.65815
372 373 7.679396
372 374 1.7600790000000002
374 375 4.103636
374 376 6.342568
371 377 0.9441029999999999
377 378 7.216258000000001
377 379 2.585546
379 380 3.4394639999999996
379 381 5.739206
370 382 1.7404309999999998
382 383 6.4992469999999996
382 384 1.8965260000000002
384 385 3.985192
384 386 6.402757
369 387 0.73744
387 388 7.879835
387 389 7.498927
368 390 9.619062
157 391 0.253948
391 392 0.140123
392 393 0.49760899999999997
393 394 0.302805
394 395 0.16090200000000002
395 396 10.082813
395 397 12.244731
394 398 0.188976
398 399 10.000874999999999
398 400 4.248202
400 401 8.313652000000001
400 402 5.558163
393 403 0.328884
403 404 0.286975
404 405 0.183647
405 406 0.19229
406 407 0.06618
407 408 0.22527200000000003
408 409 0.45752099999999996
409 410 0.160519
410 411 0.480966
411 412 14.009864
411 413 12.920259000000001
410 414 14.151993
409 415 14.144591
408 416 0.187063
416 417 0.067886
417 418 6.5819719999999995
418 419 7.247198000000001
418 420 6.686617
417 421 1.3770289999999998
421 422 12.427024000000001
421 423 5.241073
423 424 5.37786
423 425 9.368174
416 426 0.154152
426 427 1.153657
427 428 1.865109
428 429 10.247671
428 430 9.626408
427 431 11.537954000000001
426 432 0.07684200000000001
432 433 1.004465
433 434 12.766463
433 435 0.842447
435 436 0.582406
436 437 1.28881
437 438 9.962151
437 439 10.951228
436 440 0.527681
440 441 11.771349
440 442 14.317023
435 443 0.589706
443 444 2.893853
444 445 12.468129
444 446 4.266229
446 447 6.661777000000001
446 448 5.261108
443 449 2.19137
449 450 0.9494290000000001
450 451 1.310271
451 452 5.213215
452 453 7.467538
452 454 2.4012249999999997
454 455 1.901051
454 456 6.150365
451 457 1.5653679999999999
457 458 0.836223
458 459 1.9384309999999998
459 460 8.968306
459 461 6.492642999999999
461 462 0.927456
461 463 1.8205550000000001
458 464 2.124411
464 465 8.926162
464 466 5.279818
466 467 2.225561
466 468 2.63241
457 469 7.731262
469 470 4.852161
469 471 2.944061
471 472 3.152292
471 473 2.499492
450 474 0.174223
474 475 0.23305499999999998
475 476 0.543661
476 477 0.335527
477 478 0.42319999999999997
478 479 1.234235
479 480 1.294178
480 481 10.487407
480 482 1.489714
482 483 7.5717300000000005
482 484 8.640112
479 485 9.841322
478 486 1.136675
486 487 5.656537999999999
487 488 2.1908190000000003
488 489 3.136
489 490 3.1404050000000003
489 491 3.588737
488 492 5.726328
487 493 4.265872
486 494 0.9681820000000001
494 495 9.270258
494 496 11.923326
477 497 1.15633
497 498 0.417818
498 499 2.940768
499 500 3.182862
500 501 6.497674000000001
500 502 2.2837840000000003
499 503 5.1415750000000005
498 504 5.3636740000000005
504 505 4.876469
504 506 2.564851
497 507 1.15304
507 508 8.210715
508 509 9.111790000000001
508 510 8.537696
507 511 1.319792
511 512 2.751131
512 513 8.140469
512 514 3.7225880000000005
511 515 8.542455
476 516 4.7895840000000005
516 517 1.9136179999999998
517 518 1.147367
518 519 5.614878999999999
518 520 0.951257
517 521 4.738714
516 522 5.002407
475 523 2.622519
523 524 1.918121
524 525 7.17174
524 526 6.391081
523 527 3.220112
527 528 6.846442
527 529 5.799403
474 530 0.9394859999999999
530 531 1.186362
531 532 1.365272
532 533 10.682266
532 534 6.571610999999999
531 535 2.166202
535 536 3.376
536 537 6.092781
536 538 5.531607999999999
535 539 9.095912
530 540 1.216455
540 541 10.652892999999999
540 542 0.282111
542 543 1.8802409999999998
543 544 16.572167
543 545 18.125119
542 546 1.8562539999999998
546 547 2.4164209999999997
547 548 7.097073
547 549 1.571318
549 550 2.202792
550 551 2.725143
550 552 3.1403639999999995
549 553 2.276818
553 554 7.161175
553 555 4.941576
546 556 9.144711
449 557 2.0437589999999997
557 558 1.834995
558 559 10.523029000000001
558 560 10.181047
557 561 17.987361
432 562 0.817855
562 563 2.832767
563 564 9.036538
563 565 10.018907
562 566 1.8831069999999999
566 567 10.997625
566 568 11.544908
407 569 0.202008
569 570 13.948484
569 571 13.135897
406 572 0.27903300000000003
572 573 11.338811
572 574 11.853259
405 575 0.549374
575 576 5.356597
576 577 8.080146000000001
576 578 7.617611
575 579 12.015046
404 580 0.20303500000000002
580 581 0.087286
581 582 0.329738
582 583 33.74902
582 584 10.922081
581 585 0.19039
585 586 0.597663
586 587 0.406588
587 588 12.976749000000002
587 589 1.203263
589 590 4.324796
590 591 5.735748999999999
590 592 4.885591
589 593 9.761498
593 594 3.167873
593 595 3.344039
586 596 11.541704999999999
585 597 0.08011599999999999
597 598 0.387741
598 599 12.072702
598 600 0.77675
600 601 0.751058
601 602 0.582681
602 603 11.074114
602 604 12.701146
601 605 0.95428
605 606 1.59428
606 607 11.893036
606 608 5.112964
608 609 4.64545
608 610 2.3524190000000003
610 611 4.77032
610 612 5.385224
605 613 12.15831
600 614 8.299838
614 615 2.627177
614 616 3.506708
597 617 0.389068
617 618 4.1818599999999995
618 619 6.955201
618 620 5.205468
620 621 2.318679
620 622 3.17338
617 623 14.15498
580 624 5.786526
624 625 6.041319
624 626 6.604526
403 627 2.216843
627 628 9.787905
627 629 5.83107
629 630 4.670559
629 631 4.394325
392 632 0.183183
632 633 10.553062
632 634 0.115434
634 635 9.965252
634 636 0.212283
636 637 10.986604
636 638 10.277235
391 639 0.20088699999999998
639 640 0.275095
640 641 10.595
640 642 0.471423
642 643 2.272405
643 644 8.239768999999999
643 645 7.778754999999999
642 646 9.284349
639 647 0.18668
647 648 0.378483
648 649 0.21554399999999999
649 650 0.035096999999999996
650 651 0.138419
651 652 0.20421599999999998
652 653 0.08474799999999999
653 654 0.266957
654 655 0.162111
655 656 0.20501899999999998
656 657 0.174455
657 658 0.15544
658 659 0.16808299999999998
659 660 0.44509299999999996
660 661 14.593363
660 662 14.850812999999999
659 663 0.085783
663 664 0.19649699999999998
664 665 0.27719
665 666 13.758804999999999
665 667 14.652095000000001
664 668 17.121888
663 669 14.919413
658 670 14.595899000000001
657 671 16.695895999999998
656 672 0.330478
672 673 0.286458
673 674 0.7410629999999999
674 675 15.563274999999999
674 676 17.844883
673 677 0.937195
677 678 15.142729999999998
677 679 17.251794
672 680 0.269629
680 681 0.233911
681 682 0.246386
682 683 0.116377
683 684 0.875688
684 685 19.256158
685 686 2.343474
685 687 2.043924
684 688 16.582931000000002
683 689 0.25570800000000005
689 690 14.631414000000001
689 691 0.22465800000000002
691 692 0.935017
692 693 5.584147
693 694 12.253414999999999
693 695 7.689393
692 696 15.089749999999999
691 697 0.40536799999999995
697 698 0.199338
698 699 0.233864
699 700 0.229911
700 701 0.33540699999999996
701 702 0.8784470000000001
702 703 20.711905
702 704 19.872756
701 705 6.1375
705 706 13.179608000000002
705 707 12.228335999999999
700 708 0.335
708 709 0.880557
709 710 1.327103
710 711 21.628040000000002
710 712 29.530057
709 713 0.662265
713 714 23.655575000000002
713 715 21.719856
708 716 0.248599
716 717 0.678647
717 718 19.254095
717 719 19.834024
716 720 0.285797
720 721 5.068605000000001
721 722 13.127357
721 723 13.648883000000001
720 724 3.659643
724 725 11.958419000000001
724 726 11.524556
699 727 0.399941
727 728 4.297307999999999
728 729 5.514256
729 730 9.043821000000001
729 731 9.876273000000001
728 732 6.274625
732 733 8.028338
733 734 0.302657
733 735 0.27372199999999997
732 736 9.297754
736 737 0.19763200000000003
736 738 0.137781
727 739 2.359051
739 740 2.990963
740 741 11.61685
740 742 10.925683
739 743 5.42043
743 744 8.632919999999999
743 745 8.950446
698 746 0.619656
746 747 16.909621
746 748 1.295785
748 749 20.677168
748 750 1.20952
750 751 4.081388
751 752 11.143197
751 753 12.925738
750 754 18.611072
697 755 2.3043
755 756 13.053878999999998
755 757 3.3957420000000003
757 758 10.190744
757 759 11.567173
682 760 0.67613
760 761 15.332814
760 762 15.242923999999999
681 763 0.257399
763 764 1.0884660000000002
764 765 1.455615
765 766 0.877191
766 767 0.7706379999999999
767 768 16.476547999999998
767 769 13.773868
766 770 0.193334
770 771 18.42308
770 772 15.412031
765 773 15.857201000000002
764 774 0.812411
774 775 14.706754
774 776 16.360031
763 777 1.4194959999999999
777 778 1.579911
778 779 10.97505
778 780 14.207718
777 781 5.160696
781 782 16.138247
781 783 10.637994
680 784 0.328251
784 785 0.10191
785 786 2.92774
786 787 2.147011
787 788 1.9323380000000001
788 789 3.7713209999999995
789 790 6.747185
789 791 5.355566
788 792 4.744337
792 793 9.240263
793 794 3.5682400000000003
793 795 2.943672
792 796 11.206924
787 797 0.9466189999999999
797 798 1.0217800000000001
798 799 2.270672
799 800 2.595221
800 801 7.966221
800 802 5.535003000000001
799 803 7.8875340000000005
798 804 11.200131
797 805 10.88097
786 806 17.254268
785 807 0.9479960000000001
807 808 13.449107
807 809 14.334108
784 810 15.250883000000002
655 811 0.101019
811 812 0.323529
812 813 12.182688
812 814 15.444564999999999
811 815 0.09675900000000001
815 816 0.155652
816 817 0.115825
817 818 0.350252
818 819 0.215476
819 820 1.175157
820 821 2.5489930000000003
821 822 1.722131
822 823 7.896264
822 824 0.49116899999999997
824 825 4.71787
825 826 1.053457
825 827 1.093018
824 828 1.303586
828 829 8.466266000000001
828 830 8.264262
821 831 0.447752
831 832 8.650078
831 833 2.818792
833 834 8.469437000000001
834 835 1.758905
834 836 1.59779
833 837 12.036853
820 838 11.602492999999999
819 839 0.293804
839 840 11.756872999999999
839 841 3.499534
841 842 4.711481
842 843 5.444057
842 844 4.364713
841 845 9.453534
818 846 0.09130400000000001
846 847 0.382981
847 848 0.451177
848 849 3.178619
849 850 15.335483
849 851 2.083054
851 852 6.118723
852 853 0.059796999999999996
853 854 0.41875
853 855 0.545597
852 856 0.5931109999999999
851 857 1.565969
857 858 0.47922
858 859 0.519238
859 860 10.688177999999999
859 861 6.4344209999999995
858 862 8.968976
857 863 7.426654000000001
848 864 0.43897800000000003
864 865 11.162474
864 866 11.451891
847 867 0.261502
867 868 0.41735
868 869 0.150002
869 870 11.499152
869 871 11.692919
868 872 0.323602
872 873 10.656884
872 874 10.256495000000001
867 875 11.622984
846 876 14.239646
817 877 13.873998000000002
816 878 5.457268
878 879 7.929903
878 880 7.703913
815 881 13.039559
654 882 0.240623
882 883 0.195797
883 884 1.2341929999999999
884 885 13.802783
884 886 14.293504000000002
883 887 14.604042
882 888 0.629141
888 889 13.558799999999998
888 890 13.140639000000002
653 891 0.45996
891 892 12.916877
891 893 13.323707
652 894 0.117293
894 895 0.24754400000000001
895 896 12.142041
895 897 12.074256
894 898 0.21014
898 899 0.642412
899 900 12.311696
899 901 12.348799000000001
898 902 0.363588
902 903 11.609571
902 904 12.312352
651 905 13.452919
650 906 0.086752
906 907 0.451147
907 908 12.030897999999999
907 909 13.301896999999999
906 910 11.732998
649 911 0.540675
911 912 0.33492
912 913 13.453201
912 914 12.483326
911 915 0.376334
915 916 0.157355
916 917 0.159071
917 918 0.720484
918 919 17.660218
918 920 1.772918
920 921 1.50465
921 922 13.342413
921 923 10.873884
920 924 12.898525999999999
917 925 0.066335
925 926 0.44994700000000004
926 927 0.161807
927 928 0.224108
928 929 0.141353
929 930 0.10616600000000001
930 931 0.54376
931 932 0.245526
932 933 0.397812
933 934 0.216922
934 935 0.170556
935 936 0.256352
936 937 0.257173
937 938 1.4458220000000002
938 939 0.881913
939 940 2.399216
940 941 51.680952999999995
940 942 29.967881000000002
939 943 21.32585
938 944 29.403992000000002
937 945 22.134834
936 946 0.46410799999999997
946 947 22.718508
946 948 1.832106
948 949 18.843953
948 950 26.128165
935 951 18.736608
934 952 0.17949800000000002
952 953 18.224253
952 954 0.445891
954 955 19.606322000000002
954 956 19.574394
933 957 0.5463
957 958 17.481796
957 959 20.778464999999997
932 960 0.304017
960 961 0.527092
961 962 19.557021
961 963 2.628808
963 964 1.4785460000000001
964 965 1.589876
965 966 1.461429
966 967 12.97139
966 968 11.83788
965 969 1.5721990000000001
969 970 14.030809
969 971 3.4692929999999995
971 972 7.545731999999999
971 973 3.664244
973 974 14.687784
973 975 7.63976
964 976 19.03211
963 977 5.703402
977 978 12.63968
977 979 12.095156999999999
960 980 0.134523
980 981 20.483404999999998
980 982 0.6728259999999999
982 983 19.446004
982 984 26.640662999999996
931 985 0.186884
985 986 0.389283
986 987 0.087769
987 988 0.185847
988 989 0.233797
989 990 0.21056299999999997
990 991 0.23130699999999998
991 992 0.22775600000000001
992 993 1.491733
993 994 21.410407
993 995 14.160967
995 996 6.057493
995 997 5.210803
992 998 18.091632999999998
991 999 0.45597600000000005
999 1000 21.135428
999 1001 3.5013629999999996
1001 1002 17.476242
1001 1003 19.246930000000003
990 1004 0.41244400000000003
1004 1005 0.46971
1005 1006 0.585977
1006 1007 2.823966
1007 1008 26.624879
1007 1009 22.590619
1006 1010 2.14066
1010 1011 2.4743790000000003
1011 1012 16.862405
1011 1013 22.225713
1010 1014 20.83032
1005 1015 21.224069
1004 1016 1.035808
1016 1017 0.338142
1017 1018 0.402634
1018 1019 7.326146
1019 1020 18.023887
1019 1021 18.5207
1018 1022 2.976025
1022 1023 8.368798
1023 1024 2.846941
1024 1025 5.726405
1025 1026 10.195614
1025 1027 10.36933
1024 1028 11.075503000000001
1023 1029 2.844936
1029 1030 2.24721
1030 1031 1.196212
1031 1032 10.029772000000001
1031 1033 7.619714
1030 1034 9.142931
1034 1035 1.555512
1034 1036 1.242948
1029 1037 5.0152019999999995
1037 1038 5.674659
1037 1039 7.458384
1022 1040 3.064838
1040 1041 22.199561000000003
1040 1042 7.5555330000000005
1042 1043 11.272753
1043 1044 0.5266350000000001
1043 1045 0.583976
1042 1046 19.485641
1017 1047 0.250291
1047 1048 0.717343
1048 1049 25.994025999999998
1048 1050 1.113259
1050 1051 21.537975
1050 1052 5.414806
1052 1053 29.380225999999997
1052 1054 24.788687
1047 1055 0.319779
1055 1056 0.846319
1056 1057 28.670465
1056 1058 28.395408
1055 1059 7.481988
1059 1060 17.141215000000003
1059 1061 5.354737
1061 1062 9.98775
1061 1063 14.376259
1016 1064 0.22847499999999998
1064 1065 0.45977300000000004
1065 1066 0.321327
1066 1067 0.404938
1067 1068 4.842662
1068 1069 11.447121000000001
1069 1070 14.683022000000001
1069 1071 17.377047
1068 1072 10.930318
1072 1073 13.270636999999999
1072 1074 2.443541
1074 1075 10.40007
1074 1076 13.742502000000002
1067 1077 1.1396709999999999
1077 1078 0.329258
1078 1079 0.40099799999999997
1079 1080 0.686568
1080 1081 1.1153659999999999
1081 1082 1.016128
1082 1083 6.248018
1083 1084 34.789561
1083 1085 46.22952
1082 1086 1.1688530000000001
1086 1087 12.064386
1087 1088 33.954279
1087 1089 28.610636
1086 1090 2.92097
1090 1091 3.757559
1091 1092 43.752852
1091 1093 47.897972
1090 1094 3.342808
1094 1095 51.534768
1094 1096 15.800084
1096 1097 41.452602
1096 1098 16.792984999999998
1098 1099 9.879429
1098 1100 12.950938
1081 1101 1.539876
1101 1102 5.799872
1102 1103 45.214705
1102 1104 41.467651
1101 1105 9.508521
1105 1106 25.465574000000004
1105 1107 31.836775
1080 1108 0.41646900000000003
1108 1109 23.770629
1109 1110 10.860361000000001
1109 1111 12.33171
1108 1112 28.510233000000003
1112 1113 7.483898
1113 1114 2.400723
1114 1115 5.985806
1114 1116 7.7240649999999995
1116 1117 3.008891
1116 1118 4.81987
1113 1119 7.765114
1112 1120 10.451214
1120 1121 0.9140250000000001
1121 1122 3.276795
1122 1123 1.1102809999999999
1122 1124 1.135959
1121 1125 2.862871
1125 1126 2.2553199999999998
1126 1127 0.44207300000000005
1127 1128 0.096597
1127 1129 0.23881599999999997
1126 1130 0.574176
1125 1131 4.078977999999999
1131 1132 0.712709
1131 1133 0.5935809999999999
1120 1134 4.966595
1079 1135 0.313268
1135 1136 1.224117
1136 1137 1.130016
1137 1138 1.6057649999999999
1138 1139 28.844921
1138 1140 28.102981
1137 1141 28.900457000000003
1136 1142 0.233692
1142 1143 27.036314
1142 1144 2.200764
1144 1145 23.225639
1144 1146 25.989859
1135 1147 3.5581300000000002
1147 1148 8.076075000000001
1148 1149 19.495796000000002
1148 1150 3.087256
1150 1151 14.84113
1150 1152 13.806747999999999
1147 1153 6.344985
1153 1154 32.175097
1153 1155 16.298389
1078 1156 0.315183
1156 1157 0.8621270000000001
1157 1158 6.097832
1158 1159 28.375208
1158 1160 5.510897
1160 1161 25.294508999999998
1160 1162 22.968329
1157 1163 36.871248
1156 1164 1.795769
1164 1165 34.522232
1164 1166 1.401096
1166 1167 40.512730000000005
1166 1168 9.410997
1168 1169 35.439225
1168 1170 4.041454
1170 1171 4.649281
1171 1172 2.318931
1172 1173 14.476404
1172 1174 9.372143
1171 1175 13.386194000000001
1170 1176 25.61645
1077 1177 1.056483
1177 1178 31.446260999999996
1177 1179 2.996927
1179 1180 1.08337
1180 1181 25.475779
1180 1182 15.169391
1182 1183 16.833119
1182 1184 11.585333
1184 1185 7.036552
1184 1186 11.011228000000001
1179 1187 1.577659
1187 1188 24.969901999999998
1187 1189 28.745404
1066 1190 1.254222
1190 1191 1.8215120000000002
1191 1192 27.633963
1191 1193 3.216908
1193 1194 4.0774539999999995
1194 1195 45.556554999999996
1194 1196 52.26757
1193 1197 1.9434690000000001
1197 1198 11.716781
1198 1199 21.730676
1199 1200 1.289853
1199 1201 1.609654
1198 1202 32.307869
1197 1203 37.407607999999996
1190 1204 7.166538
1204 1205 27.860380000000003
1204 1206 11.335409
1206 1207 13.152324000000002
1206 1208 17.914461
1065 1209 6.3868670000000005
1209 1210 5.178808
1210 1211 14.970827
1210 1212 10.28691
1209 1213 16.266077000000003
1213 1214 21.522033
1213 1215 11.292957000000001
1064 1216 1.372655
1216 1217 1.327585
1217 1218 32.163396999999996
1218 1219 0.623104
1218 1220 0.634195
1217 1221 8.288287
1221 1222 14.731547
1221 1223 17.914936
1216 1224 18.219621999999998
1224 1225 5.417718
1225 1226 1.635462
1225 1227 1.619284
1224 1228 6.210546
989 1229 0.136406
1229 1230 6.351922999999999
1230 1231 13.303889999999999
1230 1232 12.104054
1229 1233 4.077293
1233 1234 19.660329
1233 1235 9.292713
1235 1236 8.333103999999999
1235 1237 10.048659
988 1238 1.886198
1238 1239 4.067156000000001
1239 1240 14.661587
1239 1241 11.961145
1238 1242 17.119627
987 1243 1.160298
1243 1244 16.245245999999998
1243 1245 1.145416
1245 1246 21.408919
1245 1247 15.58301
986 1248 0.539175
1248 1249 3.91119
1249 1250 15.164926000000001
1249 1251 5.216066
1251 1252 10.039620000000001
1251 1253 8.812915
1248 1254 0.315861
1254 1255 4.100773
1255 1256 5.752153
1256 1257 6.728599
1256 1258 6.099451
1255 1259 2.896613
1259 1260 11.735995
1259 1261 8.069434000000001
1254 1262 0.623516
1262 1263 0.089811
1263 1264 0.198057
1264 1265 4.696263
1265 1266 6.561409
1266 1267 10.603464
1266 1268 8.519772
1265 1269 15.913406
1264 1270 0.644274
1270 1271 2.426485
1271 1272 15.718647999999998
1271 1273 15.595050999999998
1270 1274 3.1119250000000003
1274 1275 19.588163
1274 1276 15.806919
1263 1277 0.173426
1277 1278 17.311751
1277 1279 7.4283719999999995
1279 1280 9.233885
1279 1281 8.283434
1262 1282 0.184454
1282 1283 0.10250100000000001
1283 1284 1.009023
1284 1285 20.370641
1284 1286 19.553356
1286 1287 0.100169
1286 1288 0.09122
1283 1289 0.561071
1289 1290 17.917442
1289 1291 18.895198999999998
1282 1292 2.347422
1292 1293 5.346057
1293 1294 14.185255
1293 1295 9.88368
1292 1296 13.617574
985 1297 0.196449
1297 1298 0.361292
1298 1299 17.533565
1298 1300 1.007311
1300 1301 18.981258
1300 1302 20.014387
1297 1303 0.414371
1303 1304 0.362678
1304 1305 0.27061
1305 1306 0.323104
1306 1307 0.19967700000000002
1307 1308 0.410383
1308 1309 1.161375
1309 1310 0.870319
1310 1311 5.212447
1311 1312 20.707274
1311 1313 21.600046
1310 1314 9.197213
1314 1315 15.060232000000001
1314 1316 14.223896
1309 1317 23.056183
1308 1318 1.955399
1318 1319 8.580756000000001
1319 1320 26.630992999999997
1319 1321 22.691114000000002
1318 1322 0.619479
1322 1323 27.427582
1322 1324 0.6931660000000001
1324 1325 0.612841
1325 1326 30.943613
1325 1327 26.240409
1324 1328 27.081303000000002
1307 1329 0.184235
1329 1330 1.771241
1330 1331 29.122926999999997
1330 1332 22.91491
1329 1333 24.769606
1306 1334 0.5295150000000001
1334 1335 0.256286
1335 1336 22.962267
1335 1337 22.312126
1334 1338 19.755072000000002
1305 1339 0.345995
1339 1340 0.239588
1340 1341 0.612977
1341 1342 0.7962840000000001
1342 1343 21.915678
1342 1344 23.056439
1341 1345 1.0286899999999999
1345 1346 1.838061
1346 1347 21.785068
1346 1348 18.42244
1345 1349 14.539288
1349 1350 10.664204
1349 1351 9.278604
1340 1352 0.277849
1352 1353 1.199926
1353 1354 27.245693999999997
1353 1355 20.702294
1352 1356 1.204146
1356 1357 0.639046
1357 1358 1.9756340000000001
1358 1359 24.210302
1358 1360 42.772253
1357 1361 27.982107
1356 1362 1.5690429999999997
1362 1363 2.137738
1363 1364 23.295492
1363 1365 44.491735
1362 1366 1.983733
1366 1367 3.747803
1367 1368 3.038652
1368 1369 15.646479999999999
1368 1370 3.940992
1370 1371 14.883593000000001
1370 1372 11.138433000000001
1372 1373 15.502752000000001
1372 1374 13.542045
1367 1375 19.597274000000002
1366 1376 27.380883
1339 1377 0.196587
1377 1378 0.43698799999999993
1378 1379 1.542874
1379 1380 25.143285
1379 1381 24.072213
1378 1382 20.709948
1377 1383 0.38077300000000003
1383 1384 0.099832
1384 1385 20.231207
1384 1386 19.976302
1383 1387 0.678376
1387 1388 1.251212
1388 1389 25.699434999999998
1388 1390 25.349411
1387 1391 11.710429
1391 1392 10.443125
1391 1393 9.293732
1304 1394 0.23028300000000002
1394 1395 0.9563250000000001
1395 1396 0.649366
1396 1397 24.203232
1396 1398 20.768886000000002
1395 1399 0.330826
1399 1400 0.536694
1400 1401 0.7666499999999999
1401 1402 0.847442
1402 1403 1.018847
1403 1404 1.220266
1404 1405 36.819726
1404 1406 30.296402999999998
1403 1407 0.644096
1407 1408 0.481669
1408 1409 27.861069999999998
1408 1410 0.354295
1410 1411 30.041412
1410 1412 1.208625
1412 1413 33.591284
1412 1414 28.093025
1407 1415 29.820069
1402 1416 1.367218
1416 1417 2.61626
1417 1418 27.442351
1417 1419 39.540204
1416 1420 29.316509000000003
1401 1421 0.832508
1421 1422 0.737035
1422 1423 26.250751
1422 1424 2.431467
1424 1425 48.032907
1424 1426 28.398892999999997
1421 1427 0.057004
1427 1428 27.235377999999997
1427 1429 2.763217
1429 1430 23.390897
1429 1431 26.466552
1400 1432 0.38853
1432 1433 27.810238
1432 1434 1.812306
1434 1435 27.937536
1434 1436 46.7239
1399 1437 0.496958
1437 1438 22.632133
1437 1439 21.242347
1394 1440 0.563774
1440 1441 0.987809
1441 1442 3.2891719999999998
1442 1443 1.166598
1443 1444 24.296799999999998
1443 1445 1.7769920000000001
1445 1446 18.938971
1445 1447 3.6196960000000002
1447 1448 21.861854
1447 1449 18.722807
1442 1450 2.208933
1450 1451 17.396343
1450 1452 23.662629
1441 1453 0.322436
1453 1454 1.4921220000000002
1454 1455 2.4611680000000002
1455 1456 7.8492560000000005
1456 1457 22.467012
1456 1458 12.84045
1455 1459 19.663868
1454 1460 21.892197
1453 1461 21.663125
1440 1462 0.320871
1462 1463 0.627308
1463 1464 20.964441
1463 1465 19.525741
1462 1466 20.19436
1303 1467 1.562328
1467 1468 11.259559
1468 1469 14.85272
1468 1470 8.339351
1467 1471 18.707669
930 1472 0.269577
1472 1473 17.356993000000003
1472 1474 0.169838
1474 1475 19.099005
1474 1476 0.730286
1476 1477 17.014480000000002
1476 1478 1.194022
1478 1479 20.199023999999998
1478 1480 16.703202
929 1481 0.214563
1481 1482 0.979266
1482 1483 19.104153
1482 1484 13.166541
1484 1485 5.551248999999999
1484 1486 5.245784
1481 1487 1.8807399999999999
1487 1488 16.089246
1487 1489 0.949622
1489 1490 13.772699999999999
1489 1491 16.154016
928 1492 0.208013
1492 1493 0.33134399999999997
1493 1494 16.883632000000002
1493 1495 7.863643
1495 1496 2.821597
1496 1497 7.599272999999999
1496 1498 4.683923999999999
1495 1499 10.608487
1492 1500 0.24838400000000002
1500 1501 0.811666
1501 1502 17.3597
1501 1503 16.56113
1500 1504 16.71878
927 1505 0.163022
1505 1506 1.5067030000000001
1506 1507 2.427244
1507 1508 12.857319
1507 1509 15.317476999999998
1506 1510 0.6829240000000001
1510 1511 13.394505
1510 1512 14.701782
1505 1513 0.30401500000000004
1513 1514 0.241283
1514 1515 6.229875
1515 1516 11.831142
1515 1517 11.071395
1514 1518 2.377295
1518 1519 16.732261
1518 1520 16.336295
1513 1521 0.23822000000000002
1521 1522 16.377634
1521 1523 0.43666
1523 1524 14.896302
1523 1525 15.435293
926 1526 0.227251
1526 1527 0.148112
1527 1528 15.744716
1527 1529 0.38105
1529 1530 3.3205440000000004
1530 1531 12.732543
1530 1532 3.970441
1532 1533 7.673096
1532 1534 1.773421
1534 1535 4.584084
1534 1536 4.70861
1529 1537 0.284403
1537 1538 15.51081
1537 1539 14.577554000000001
1526 1540 0.304199
1540 1541 15.071712000000002
1540 1542 15.341161
925 1543 0.359082
1543 1544 14.233918000000001
1543 1545 18.160607000000002
916 1546 0.8216889999999999
1546 1547 2.7161459999999997
1547 1548 11.147935
1547 1549 1.3372439999999999
1549 1550 15.756642000000001
1549 1551 9.052627000000001
1546 1552 3.0286150000000003
1552 1553 8.991708
1552 1554 9.524179
915 1555 0.385447
1555 1556 12.969849
1555 1557 14.114531999999999
648 1558 2.389827
1558 1559 9.49343
1558 1560 1.374161
1560 1561 9.831935999999999
1560 1562 8.215844
647 1563 0.122303
1563 1564 0.125229
1564 1565 10.500010999999999
1564 1566 11.045663999999999
1563 1567 10.471809
156 1568 0.195905
1568 1569 0.161556
1569 1570 0.334704
1570 1571 0.285566
1571 1572 9.126246
1571 1573 9.609553
1573 1574 1.562179
1574 1575 0.46790699999999996
1575 1576 0.197548
1576 1577 0.608524
1577 1578 0.293108
1578 1579 0.21963400000000002
1579 1580 0.194004
1580 1581 0.256498
1580 1582 0.097622
1582 1583 0.218296
1583 1584 0.262936
1583 1585 0.339696
1585 1586 0.292606
1585 1587 0.090907
1582 1588 0.5323610000000001
1579 1589 0.8824500000000001
1578 1590 2.318759
1590 1591 0.18999100000000002
1590 1592 0.386388
1577 1593 0.9126169999999999
1576 1594 0.31238099999999996
1594 1595 2.1337249999999996
1594 1596 0.48233499999999996
1596 1597 1.1556520000000001
1596 1598 0.9410140000000001
1575 1599 0.655761
1599 1600 0.353992
1600 1601 0.626993
1601 1602 0.43262300000000004
1601 1603 0.12363199999999999
1603 1604 0.46740999999999994
1603 1605 0.937006
1600 1606 0.69387
1599 1607 1.680354
1574 1608 0.749237
1608 1609 0.685822
1609 1610 1.423195
1609 1611 1.173767
1608 1612 2.058761
1612 1613 0.39264
1612 1614 0.377348
1573 1615 1.337303
1615 1616 0.517
1616 1617 0.42244600000000004
1617 1618 0.576202
1618 1619 0.155784
1619 1620 0.040693
1620 1621 0.080766
1621 1622 0.060671
1622 1623 0.199223
1622 1624 0.232437
1621 1625 0.348233
1620 1626 0.051612
1626 1627 0.12629500000000002
1627 1628 0.175837
1627 1629 1.474727
1626 1630 0.09818800000000001
1630 1631 0.071327
1631 1632 0.5831770000000001
1631 1633 0.33251000000000003
1630 1634 0.128886
1634 1635 0.22037400000000001
1635 1636 0.022772999999999998
1636 1637 0.43074799999999996
1636 1638 0.11808199999999999
1638 1639 0.130818
1639 1640 0.271557
1639 1641 0.21097
1641 1642 0.28378600000000004
1641 1643 0.778023
1638 1644 0.304098
1635 1645 0.502562
1634 1646 0.436996
1619 1647 0.214441
1647 1648 0.09062
1648 1649 0.047664000000000005
1648 1650 0.095808
1647 1651 0.2934
1618 1652 0.20235399999999998
1652 1653 0.182712
1653 1654 0.209173
1653 1655 0.367206
1652 1656 0.095219
1656 1657 0.170787
1656 1658 0.06925600000000001
1658 1659 0.020975
1658 1660 0.266383
1617 1661 0.178013
1661 1662 0.794806
1662 1663 0.5815159999999999
1663 1664 0.865047
1663 1665 1.0824820000000002
1662 1666 0.231553
1666 1667 0.049180999999999996
1667 1668 0.024022
1668 1669 0.24634399999999998
1668 1670 0.041845
1670 1671 0.428778
1670 1672 0.292738
1667 1673 0.041545
1673 1674 0.03684
1674 1675 0.15213500000000002
1674 1676 1.696213
1673 1677 0.10268600000000001
1677 1678 0.499873
1677 1679 0.415814
1666 1680 0.096317
1680 1681 0.265963
1680 1682 0.31041599999999997
1661 1683 0.9813620000000001
1616 1684 0.590608
1684 1685 0.383257
1685 1686 0.968924
1686 1687 0.577309
1686 1688 0.87624
1685 1689 0.21631100000000003
1689 1690 0.21232199999999998
1690 1691 0.339146
1690 1692 0.335876
1692 1693 0.164186
1692 1694 0.027710000000000002
1694 1695 0.023431999999999998
1694 1696 0.072355
1696 1697 0.053069
1696 1698 0.282344
1689 1699 0.246253
1699 1700 0.144991
1700 1701 0.130971
1700 1702 0.348882
1699 1703 0.134377
1703 1704 0.44693
1703 1705 0.7125290000000001
1684 1706 1.058023
1706 1707 0.375851
1706 1708 0.105762
1708 1709 0.222223
1708 1710 0.25763
1615 1711 2.579812
1570 1712 8.388614
1712 1713 0.735561
1712 1714 0.865678
1569 1715 0.22404500000000002
1715 1716 0.8862329999999999
1716 1717 2.1965820000000003
1717 1718 7.903115
1717 1719 8.115409
1716 1720 3.6499669999999997
1720 1721 7.72298
1720 1722 2.392872
1722 1723 3.298264
1722 1724 3.105365
1715 1725 0.350249
1725 1726 10.728285999999999
1725 1727 10.185093
1568 1728 9.906017
155 1729 0.146226
1729 1730 0.224813
1730 1731 0.183952
1731 1732 9.852093
1731 1733 0.13205599999999998
1733 1734 1.602243
1734 1735 8.806395
1734 1736 7.989295
1733 1737 0.284182
1737 1738 0.792005
1738 1739 4.634731
1739 1740 0.41324500000000003
1740 1741 0.44674800000000003
1741 1742 1.1015199999999998
1742 1743 3.785451
1742 1744 4.545585
1741 1745 4.865952
1740 1746 6.308502000000001
1739 1747 2.0772410000000003
1747 1748 0.5895229999999999
1748 1749 0.50646
1749 1750 4.010105
1749 1751 3.046555
1748 1752 3.077102
1747 1753 1.4760529999999998
1753 1754 2.443725
1753 1755 2.466794
1738 1756 0.356744
1756 1757 8.681023
1756 1758 10.171510999999999
1737 1759 0.065942
1759 1760 0.157675
1760 1761 3.3015250000000003
1761 1762 7.04036
1761 1763 6.522461
1760 1764 2.383041
1764 1765 6.442958
1764 1766 7.739541
1759 1767 9.716887999999999
1730 1768 0.076098
1768 1769 0.092214
1769 1770 9.485948
1769 1771 9.02994
1768 1772 0.43747400000000003
1772 1773 9.430052
1772 1774 10.581564
1729 1775 0.296706
1775 1776 9.4706
1775 1777 0.09109600000000001
1777 1778 9.665612
1777 1779 9.389833
154 1780 0.08337
1780 1781 0.21429
1781 1782 0.183976
1782 1783 0.229032
1783 1784 0.219784
1784 1785 0.221391
1785 1786 0.035293
1786 1787 0.15208000000000002
1787 1788 7.042930999999999
1787 1789 0.29945
1789 1790 8.872271
1789 1791 7.210621000000001
1786 1792 0.404593
1792 1793 0.283124
1793 1794 6.559077
1793 1795 5.663907
1792 1796 0.26466100000000004
1796 1797 6.033437
1796 1798 6.491265
1785 1799 0.364689
1799 1800 0.583414
1800 1801 7.3969629999999995
1800 1802 6.972763
1799 1803 7.580167
1784 1804 0.274361
1804 1805 7.515871000000001
1804 1806 7.799303
1783 1807 0.300825
1807 1808 0.382608
1808 1809 7.674119
1808 1810 6.695607000000001
1807 1811 8.971630999999999
1782 1812 8.724104
1781 1813 0.462775
1813 1814 9.572799
1813 1815 8.875988
1780 1816 0.09586700000000001
1816 1817 0.301062
1817 1818 0.226371
1818 1819 9.9893
1818 1820 0.31016
1820 1821 8.778469999999999
1820 1822 8.871016
1817 1823 9.506989
1816 1824 10.029774
153 1825 0.18242899999999998
1825 1826 9.296347
1825 1827 9.21954
140 1828 0.413413
1828 1829 0.137711
1829 1830 0.5245569999999999
1830 1831 8.636866999999999
1830 1832 7.317361
1829 1833 11.033854
1828 1834 8.759910999999999
139 1835 0.386227
1835 1836 7.4532989999999995
1835 1837 7.418723000000001
138 1838 0.23518599999999998
1838 1839 7.564538
1838 1840 0.669621
1840 1841 0.512989
1841 1842 6.933755
1841 1843 6.752461
1840 1844 0.8034039999999999
1844 1845 6.6891560000000005
1844 1846 5.896085
137 1847 0.080552
1847 1848 0.12795700000000002
1848 1849 0.254263
1849 1850 6.530659
1849 1851 0.342281
1851 1852 6.412286
1851 1853 6.598561
1848 1854 0.39596
1854 1855 8.407623000000001
1854 1856 0.349437
1856 1857 7.102681
1856 1858 6.460139
1847 1859 0.105948
1859 1860 0.348752
1860 1861 6.189131
1860 1862 6.760718000000001
1859 1863 0.20362599999999997
1863 1864 0.141839
1864 1865 7.422159000000001
1864 1866 7.386835
1863 1867 7.705355999999999
132 1868 0.138393
1868 1869 7.401758
1868 1870 0.124949
1870 1871 0.35452
1871 1872 2.805937
1872 1873 4.623384
1872 1874 0.452384
1874 1875 0.8250419999999999
1875 1876 2.206293
1876 1877 0.379459
1877 1878 0.250201
1878 1879 0.765525
1878 1880 0.5407649999999999
1877 1881 0.452364
1876 1882 1.09077
1875 1883 0.598372
1883 1884 2.133581
1884 1885 0.402066
1885 1886 0.17486
1886 1887 0.38802200000000003
1886 1888 0.625032
1885 1889 0.28646900000000003
1889 1890 0.185308
1889 1891 0.198206
1884 1892 0.903868
1883 1893 2.896523
1874 1894 3.4218669999999998
1894 1895 2.368151
1894 1896 1.604501
1871 1897 8.365832
1870 1898 8.272284
119 1899 0.28386700000000004
1899 1900 7.735143
1899 1901 6.8224279999999995
118 1902 7.090446999999999
115 1903 1.0747659999999999
1903 1904 0.770224
1904 1905 0.736767
1905 1906 0.737283
1906 1907 0.908011
1907 1908 1.658059
1908 1909 0.039544
1908 1910 0.008234
1907 1911 2.575493
1906 1912 0.48315700000000006
1912 1913 4.310142
1912 1914 0.239522
1914 1915 0.759041
1915 1916 0.916375
1916 1917 0.265767
1917 1918 2.2977819999999998
1917 1919 2.45525
1916 1920 0.635889
1920 1921 1.194005
1921 1922 1.210489
1922 1923 1.833116
1922 1924 2.087926
1921 1925 1.8712779999999998
1920 1926 3.020482
1915 1927 2.257893
1914 1928 0.75245
1928 1929 2.588434
1928 1930 2.585623
1905 1931 0.676863
1931 1932 0.7674259999999999
1932 1933 0.532878
1933 1934 0.594055
1934 1935 0.649204
1935 1936 1.478205
1935 1937 1.118757
1934 1938 3.099478
1938 1939 1.223457
1938 1940 2.28654
1940 1941 1
1940 1942 1
1933 1943 2.172009
1932 1944 3.225546
1931 1945 1.307075
1945 1946 1.943238
1946 1947 0.125315
1946 1948 0.06607400000000001
1945 1949 1.141088
1949 1950 0.028866
1949 1951 0.018913
1904 1952 0.41884299999999997
1952 1953 0.8546079999999999
1953 1954 3.036229
1954 1955 1.6975449999999999
1954 1956 1.7613
1953 1957 4.327724
1952 1958 1.165322
1958 1959 4.079548
1958 1960 2.0439849999999997
1960 1961 3.793838
1960 1962 3.313728
1962 1963 1.77434
1962 1964 3.8241490000000002
1903 1965 6.320582
102 1966 0.409013
1966 1967 5.866238
1966 1968 6.296596999999999
87 1969 4.494846
86 1970 4.827556
85 1971 0.162915
1971 1972 3.9791800000000004
1971 1973 0.498017
1973 1974 3.803799
1973 1975 4.639491
84 1976 4.063382
83 1977 0.218093
1977 1978 3.105542
1977 1979 0.286252
1979 1980 4.035486
1979 1981 3.405833
82 1982 0.168108
1982 1983 3.376397
1982 1984 0.542225
1984 1985 4.187157
1984 1986 2.596432
81 1987 0.152213
1987 1988 0.5660120000000001
1988 1989 0.59128
1989 1990 2.449557
1989 1991 2.7245
1988 1992 2.340506
1987 1993 4.54793
70 1994 0.240836
1994 1995 4.481624
1994 1996 3.4027149999999997
65 1997 3.964227
1 1998 3.2024570000000003
