10968 6
10051 7
4705 8
13609 9
23220 13
4318 17
36795 19
25440 20
33110 21
20634 24
24487 29
14189 30
7805 31
3925 32
44971 33
29966 37
9376 40
31580 41
15589 42
1349 43
38557 50
6225 51
4166 52
2819 53
24714 54
42875 58
4701 59
4017 60
22917 61
12273 66
11470 68
29481 73
38597 74
16110 75
18927 76
37634 77
22028 79
11078 80
20614 83
31385 85
35644 86
5253 89
34319 90
43281 91
39539 97
35443 98
33981 101
28962 102
9186 105
44628 106
16284 133
38700 134
33411 135
19239 136
14967 137
9714 138
11104 139
6029 140
14476 141
38527 142
22285 143
10774 144
30485 145
26829 146
40601 147
17933 148
43499 149
40047 150
8775 151
14365 152
1133 153
22517 154
39535 155
7231 156
927 158
15441 159
27668 161
17367 162
31367 164
38322 165
37493 169
19526 170
38551 171
18497 175
18685 176
43733 177
5270 178
17257 183
14947 185
35170 186
35807 187
26473 189
10943 190
35355 203
33336 205
39596 206
17206 207
30974 208
42608 209
33262 210
28522 211
25252 212
40566 213
33602 214
30473 215
38110 217
31232 218
26505 219
30060 226
27404 231
22660 232
3874 233
29554 234
23211 235
7810 239
5217 240
2627 242
44367 243
20958 248
30500 249
16567 250
37440 252
31175 253
13546 256
23515 257
3600 260
20074 262
17122 263
39065 264
11107 266
10898 267
37022 281
22550 282
4499 283
23627 284
34144 285
6499 286
11243 287
42509 288
24319 289
15943 290
39653 291
1876 292
10683 294
40477 295
19522 297
37607 300
11497 301
9585 302
9893 311
14315 320
31963 321
33627 322
16726 323
33696 324
38970 325
23788 326
40128 327
44562 328
22206 332
32692 335
22544 336
22864 337
25753 338
26167 340
6941 342
27931 343
18320 345
36618 346
36591 348
40488 349
15436 353
9033 354
24255 355
24723 361
29350 362
12551 363
22523 364
31065 365
26358 367
3176 370
11742 371
38707 372
39921 379
11696 381
30252 383
6601 389
14972 390
23081 391
26877 392
616 393
20850 394
6229 399
30753 404
40429 413
6991 414
8667 415
3217 416
18857 417
22662 418
4847 419
1267 420
39411 421
29191 422
31235 423
24067 424
8236 426
16932 427
22919 428
35012 430
36137 431
42017 437
31099 439
37271 440
25053 443
640 444
24546 448
34638 449
19600 450
31831 452
27960 453
27226 458
12561 459
40688 460
16614 461
2703 463
28330 465
16064 466
3240 472
15909 473
30841 476
12462 477
29601 478
4394 483
43536 484
15503 487
30517 488
4558 490
39706 492
43993 529
2111 531
19569 532
39611 533
8335 534
4372 535
223 536
30765 537
9859 538
26469 539
32149 540
31878 541
29139 542
39854 543
12052 544
16236 545
3358 546
22760 547
18167 548
4173 549
313 550
32127 551
42298 552
34726 553
31813 554
1477 555
3772 556
3169 557
39674 558
17521 559
39724 560
13961 561
20341 562
15245 563
29618 564
15758 565
19935 566
10037 567
35099 569
27562 570
3695 573
20698 574
22469 575
25837 577
31486 587
19931 588
29977 589
45239 590
3309 591
41089 592
38686 593
34565 594
19535 595
3929 596
27745 600
20283 601
32414 602
32626 606
21766 610
20872 613
20521 614
40305 615
16126 616
32546 617
2320 619
773 620
39968 622
2830 623
23052 627
9568 628
12178 629
33740 632
39098 635
16850 637
12474 638
22852 640
16094 641
3731 645
45367 646
29548 647
45336 650
31623 651
30817 654
20814 655
25315 656
41300 662
8464 665
35303 666
2336 667
37794 675
1870 676
32644 677
3852 678
43640 679
2351 680
13717 686
1295 688
25943 691
25714 692
25826 705
42331 707
4384 708
3052 709
24141 710
30188 711
19347 712
1933 713
21171 714
12030 715
17201 716
11670 717
13620 718
15839 719
76 721
1259 722
1702 724
14282 725
32579 726
20895 729
34555 730
232 731
37842 732
14242 735
26377 739
6390 742
18843 743
9537 744
3864 745
20172 746
26178 748
9195 749
10883 753
38465 754
19634 765
11831 766
37460 767
19104 768
18363 769
33460 770
23893 771
29184 772
1474 773
10500 774
9210 775
17733 778
1029 779
14740 780
5228 785
5946 786
14362 787
11461 803
9336 806
8885 807
14662 808
26382 809
780 810
35359 811
4202 812
5537 813
14061 814
34976 815
26296 816
21422 817
261 818
17663 819
6285 821
13563 822
23112 824
36866 825
39297 826
23748 829
43828 831
4226 832
34243 835
39396 840
32807 841
4232 842
15738 843
34063 844
29687 845
5799 855
12478 858
15040 859
36682 860
39020 861
21642 862
24221 863
8194 864
3589 865
40285 866
10036 868
33413 869
28313 871
40264 874
15171 875
16660 876
39956 882
23143 884
25369 885
7764 887
21012 888
8630 890
31468 891
26212 899
41477 900
41081 901
6629 902
42679 903
7929 904
10202 907
15457 908
38203 910
4793 911
9447 913
34368 914
31693 920
3118 922
34635 923
44803 928
12234 929
8313 935
21210 936
14546 966
12007 970
4347 971
14071 972
20038 973
9482 974
42316 975
37481 976
11689 977
30648 978
33461 979
43226 980
19562 981
38828 982
16831 983
35856 984
3733 985
32566 986
36511 987
4404 988
35819 989
21179 990
1016 991
5968 992
40750 993
902 994
24286 995
8598 996
33320 997
22035 998
27789 999
7371 1000
11570 1001
11524 1003
43067 1004
7621 1005
20409 1008
32646 1009
9001 1010
31907 1011
31880 1012
28095 1015
43341 1016
9040 1017
21907 1023
43048 1026
45092 1027
12861 1028
23394 1029
7654 1030
41528 1031
27870 1032
12483 1038
26058 1042
29694 1045
39037 1046
28338 1047
10189 1049
24134 1051
6894 1052
16856 1053
41104 1057
30219 1059
23261 1060
7747 1061
23948 1073
5600 1074
39395 1075
32976 1076
37875 1077
5265 1078
22365 1079
7487 1080
7148 1081
16487 1082
33348 1084
23086 1085
33729 1090
40778 1094
40676 1095
1640 1097
29486 1099
40483 1101
36391 1102
28460 1103
45067 1104
13894 1105
40763 1106
28416 1110
1093 1111
5560 1114
830 1118
22781 1122
43263 1123
36523 1129
12186 1131
27250 1133
31257 1136
11740 1137
13639 1140
23214 1144
41809 1149
42499 1151
19030 1152
35875 1154
17345 1156
42013 1160
26564 1161
11266 1162
15280 1165
38441 1168
12761 1172
2896 1173
28493 1174
17317 1179
16385 1180
43732 1184
16148 1187
40635 1189
18506 1191
35941 1195
23008 1197
13891 1200
8071 1205
37252 1207
41127 1212
42042 1214
43674 1216
1431 1219
15063 1221
16609 1223
19853 1225
34600 1228
37342 1229
22677 1232
16694 1237
411 1238
34403 1241
15567 1242
15187 1243
34418 1246
9311 1249
17783 1250
5971 1251
27294 1252
11718 1253
11044 1254
28480 1255
15423 1256
22128 1257
14945 1258
12492 1259
10616 1260
37623 1261
5909 1262
3474 1263
24800 1264
2314 1265
33123 1266
11656 1267
35523 1268
11413 1269
18571 1270
29800 1271
20812 1274
39000 1276
29365 1279
13029 1285
37974 1286
7614 1289
32718 1294
10454 1299
33624 1302
20641 1306
2714 1311
34569 1314
39242 1317
6943 1319
21521 1322
5608 1328
44974 1329
36268 1331
19323 1335
24448 1339
5034 1341
1201 1344
21371 1348
30775 1350
17285 1353
33184 1356
25834 1358
38500 1360
41603 1362
24356 1364
14706 1368
45344 1370
43633 1372
27201 1374
34208 1377
36360 1379
6393 1380
40233 1383
38363 1384
4605 1387
13375 1388
31102 1389
23370 1390
4268 1391
28996 1392
21728 1393
10130 1394
3639 1395
26986 1396
42103 1397
1297 1398
5095 1399
15295 1400
42476 1401
37744 1402
12593 1403
5796 1404
27541 1405
38469 1406
5122 1407
27463 1408
3978 1409
38135 1411
45146 1412
29154 1413
6892 1415
13462 1416
3914 1417
19246 1418
11385 1419
29863 1420
45087 1421
8348 1422
23182 1423
26685 1424
28953 1426
34866 1427
39716 1428
13748 1429
2054 1432
20858 1433
15971 1434
33657 1435
8215 1436
8946 1437
5544 1438
22534 1439
31574 1440
7238 1441
18377 1442
36021 1443
42621 1446
28770 1447
40268 1448
12115 1449
35906 1450
15439 1457
34385 1460
36208 1461
21167 1462
8067 1463
27436 1464
13156 1465
5843 1469
8894 1474
19989 1478
3659 1479
18290 1483
37166 1484
34548 1485
24049 1486
40905 1487
37050 1488
6206 1489
11544 1490
31698 1491
38051 1495
20267 1496
27815 1500
634 1501
36215 1502
36438 1503
26091 1506
6598 1515
6471 1516
18962 1517
19329 1518
18975 1519
35613 1520
11156 1521
33907 1522
30888 1523
33349 1524
18388 1529
7602 1530
31910 1534
32829 1536
36029 1539
12887 1542
12304 1544
41502 1546
8694 1547
16144 1548
22303 1549
28743 1550
17857 1551
21279 1553
1402 1554
44512 1556
19744 1557
8461 1565
4281 1566
10090 1567
17953 1570
16200 1582
18946 1583
44032 1584
33077 1585
23709 1586
28134 1587
15778 1588
23915 1589
1907 1590
25674 1592
31984 1593
18709 1594
39310 1595
34675 1598
40120 1599
23567 1600
31645 1603
35280 1604
39325 1605
2313 1627
44320 1630
29326 1631
18441 1632
18282 1633
2675 1634
39008 1635
7190 1636
16432 1637
38070 1638
25341 1639
6484 1640
14561 1641
17021 1642
8429 1643
6957 1645
32680 1646
43632 1647
17234 1648
10423 1649
18575 1650
2022 1651
21703 1652
20305 1654
36627 1655
1882 1660
15555 1661
2534 1662
21481 1663
34281 1664
26300 1674
13504 1675
4831 1676
41146 1677
24876 1678
31400 1679
45268 1680
28598 1681
45025 1683
23197 1684
42243 1685
43097 1690
31205 1695
18656 1696
32887 1697
38674 1698
41551 1699
43725 1700
24264 1710
40726 1712
20541 1713
243 1714
26843 1715
45115 1716
15797 1717
22404 1718
11443 1719
17250 1720
6750 1723
42489 1724
43934 1725
933 1730
16995 1731
29246 1733
19983 1736
19011 1737
30595 1738
41769 1748
1630 1761
16067 1762
18731 1763
17474 1764
14773 1765
21799 1766
15195 1767
23718 1768
4644 1769
8881 1770
18882 1771
34138 1772
2941 1773
11609 1774
9927 1775
38336 1776
39597 1777
15361 1778
4162 1779
28433 1780
17133 1781
1356 1790
39067 1791
18367 1792
18986 1793
35294 1794
32828 1795
8672 1796
41529 1797
38103 1798
20934 1804
44976 1805
32125 1806
21404 1808
25747 1809
22437 1812
18691 1813
18299 1815
11062 1822
31722 1823
40122 1824
43844 1825
37258 1826
40220 1827
3654 1830
5165 1831
17622 1832
21241 1839
12172 1840
40613 1842
3811 1844
26774 1845
1415 1846
11551 1849
9141 1850
27806 1851
40589 1852
36633 1856
13673 1859
6060 1860
19863 1861
29342 1862
19635 1865
12099 1866
8848 1868
35621 1869
4242 1874
28595 1877
41032 1878
24139 1879
41266 1881
37353 1887
28672 1888
7514 1889
14948 1890
34031 1891
43579 1892
16391 1897
17358 1898
4326 1899
33960 1900
11036 1903
40695 1904
29892 1905
36070 1915
2076 1917
4511 1918
29477 1919
25528 1920
18650 1921
40842 1922
33620 1923
17820 1924
37276 1925
16605 1926
20384 1930
9327 1931
26957 1934
11978 1937
22886 1938
4730 1939
26150 1940
21407 1950
22102 1951
4117 1952
25378 1953
20503 1955
13215 1956
28507 1958
26109 1959
26541 1961
3779 1962
31605 1963
33644 1967
43255 1968
16859 1969
13227 1971
4156 1972
28161 1976
37233 1978
9136 1979
11176 1980
9652 1981
27059 1986
45028 1987
38105 1988
43643 1989
30341 1990
42498 1991
4986 1993
8649 1995
20278 1996
26615 1997
20910 1998
