1 2 0.16902799999999998
2 3 0.353621
2 4 0.059634
4 5 0.753513
5 6 0.383521
6 7 0.158482
7 8 2.258766
7 9 0.035054999999999996
9 10 0.37794
10 11 0.042318
11 12 0.08511099999999999
12 13 2.209896
12 14 2.1455040000000003
11 15 0.099455
15 16 0.06909699999999999
16 17 0.146881
17 18 0.379228
18 19 0.287155
19 20 3.29292
19 21 4.430657
18 22 0.145798
22 23 0.152816
23 24 0.09836400000000001
24 25 0.239675
25 26 4.597268000000001
25 27 3.648958
24 28 0.079721
28 29 3.926996
28 30 4.841878
23 31 0.18246300000000001
31 32 0.244649
32 33 0.041067
33 34 0.037336999999999995
34 35 0.138989
35 36 0.214665
36 37 0.06716699999999999
37 38 3.8064069999999997
37 39 3.801026
36 40 0.098287
40 41 0.189411
41 42 3.7098449999999996
41 43 0.06256700000000001
43 44 0.17763500000000002
44 45 3.6457580000000003
44 46 0.234178
46 47 0.250217
47 48 0.143293
48 49 2.880797
48 50 2.9844760000000004
47 51 0.020035
51 52 0.025294
52 53 0.095187
53 54 0.208157
54 55 3.2512119999999998
54 56 3.020565
53 57 0.31449099999999997
57 58 3.441417
57 59 2.946504
52 60 3.650457
51 61 3.016228
46 62 3.393801
43 63 0.22660100000000002
63 64 0.125108
64 65 3.652275
64 66 3.7228709999999996
63 67 0.092662
67 68 4.122788
67 69 4.123438
40 70 0.039758
70 71 3.8206039999999994
70 72 4.948269000000001
35 73 0.18226900000000001
73 74 4.048064
73 75 4.256233
34 76 0.058281999999999994
76 77 0.010409
77 78 0.098522
78 79 0.056651
79 80 0.082053
80 81 0.081313
81 82 0.42922699999999997
82 83 5.9873460000000005
82 84 0.306165
84 85 0.108261
85 86 0.22613199999999997
86 87 6.336632000000001
86 88 6.090778
85 89 0.182476
89 90 0.030173
90 91 0.076903
91 92 0.039614
92 93 0.07003
93 94 0.19423100000000001
94 95 0.050469999999999994
95 96 5.992135
95 97 6.3191310000000005
94 98 0.123746
98 99 5.907668
98 100 6.055166
93 101 0.114276
101 102 6.033046000000001
101 103 0.18065900000000001
103 104 5.986406
103 105 6.32486
92 106 0.062447
106 107 0.059298000000000003
107 108 6.760039
107 109 6.306164
106 110 6.822235
91 111 0.082698
111 112 0.068664
112 113 0.203958
113 114 5.726507
113 115 6.120183
112 116 0.07579699999999999
116 117 0.208849
117 118 0.11293900000000001
118 119 0.185238
119 120 0.10945600000000001
120 121 6.410113000000001
120 122 6.656089
119 123 0.197691
123 124 0.11315599999999999
124 125 0.133235
125 126 0.07308100000000001
126 127 7.3240799999999995
126 128 6.84549
125 129 0.072099
129 130 0.170411
130 131 0.086965
131 132 7.025193000000001
131 133 7.5508809999999995
130 134 0.159841
134 135 7.072312
134 136 7.329546000000001
129 137 0.323202
137 138 7.399179
137 139 7.873759
124 140 6.6738930000000005
123 141 6.467129000000001
118 142 6.288657000000001
117 143 6.057893
116 144 0.098468
144 145 5.844086
144 146 5.886459
111 147 0.072618
147 148 7.031448999999999
147 149 6.20897
90 150 0.31667
150 151 0.254793
151 152 0.063716
152 153 0.07351200000000001
153 154 0.380585
154 155 0.30051700000000003
155 156 1.079571
156 157 8.112473000000001
156 158 7.392753000000001
155 159 8.182915
154 160 0.17113799999999998
160 161 0.295856
161 162 8.682891
161 163 0.289234
163 164 8.41286
163 165 8.021518
160 166 0.157259
166 167 0.164164
167 168 0.267957
168 169 8.850367
168 170 0.037899
170 171 0.22869
171 172 0.149073
172 173 0.143796
173 174 10.114123
173 175 0.13236
175 176 0.260175
176 177 0.012605
177 178 0.062431
178 179 0.160762
179 180 0.143046
180 181 0.561767
181 182 10.535731
181 183 10.89284
180 184 9.978303
179 185 0.5247820000000001
185 186 9.893080999999999
185 187 9.154537999999999
178 188 0.086951
188 189 9.994833
188 190 0.124214
190 191 0.139716
191 192 10.360583
191 193 9.964621
190 194 0.092572
194 195 9.839271
194 196 10.311716
177 197 0.099404
197 198 0.044846000000000004
198 199 0.121384
199 200 0.130548
200 201 0.166633
201 202 8.094978
202 203 1.83355
202 204 1.883059
201 205 9.529877
200 206 0.11868600000000001
206 207 0.049790999999999995
207 208 0.12216600000000001
208 209 0.197262
209 210 9.597285
209 211 9.856838
208 212 0.094742
212 213 0.027290000000000002
213 214 0.068171
214 215 0.045311
215 216 0.120864
216 217 0.125976
217 218 0.186718
218 219 0.039261
219 220 11.282472
219 221 0.244822
221 222 10.942608
221 223 10.892467
218 224 10.486291
217 225 10.948589
216 226 10.174546
215 227 0.163145
227 228 10.632482
227 229 10.273442000000001
214 230 10.870866
213 231 0.292057
231 232 10.692524
231 233 9.923039
212 234 0.176302
234 235 9.974158
234 236 9.828396999999999
207 237 0.22655000000000003
237 238 10.132143000000001
237 239 9.728485000000001
206 240 0.029523
240 241 0.09566000000000001
241 242 0.071043
242 243 0.047063999999999995
243 244 0.22955499999999998
244 245 0.492677
245 246 0.167307
246 247 0.126479
247 248 0.518047
248 249 0.364226
249 250 0.274617
250 251 0.5872729999999999
251 252 0.504588
252 253 14.174624999999999
252 254 15.4421
251 255 14.071486
250 256 13.829103000000002
249 257 13.074686
248 258 12.66931
247 259 13.061729999999999
246 260 11.920741
245 261 0.250539
261 262 11.758754
261 263 11.528120999999999
244 264 11.160515
243 265 0.205305
265 266 0.387837
266 267 10.187671
266 268 11.066685
265 269 10.413556999999999
242 270 0.12837700000000002
270 271 0.228956
271 272 0.339229
272 273 11.217582
272 274 10.675566
271 275 0.105215
275 276 0.100825
276 277 0.264973
277 278 0.173985
278 279 0.27036400000000005
279 280 0.266899
280 281 10.784212
280 282 10.586287
279 283 10.737746
278 284 12.084456000000001
277 285 0.36318100000000003
285 286 10.517156
285 287 10.621056
276 288 0.18553899999999998
288 289 0.054516999999999996
289 290 0.119727
290 291 0.22816799999999998
291 292 0.36226600000000003
292 293 12.742637000000002
292 294 11.589535
291 295 11.949
290 296 12.010506999999999
289 297 0.07082100000000001
297 298 0.218915
298 299 11.635078
298 300 10.722645
297 301 0.07144500000000001
301 302 0.263499
302 303 11.691749999999999
302 304 11.595126
301 305 0.302703
305 306 10.729363
305 307 11.396073
288 308 0.064151
308 309 0.137533
309 310 0.204038
310 311 11.740085
310 312 12.417871
309 313 11.700724
308 314 0.052108999999999996
314 315 0.138911
315 316 0.08959400000000001
316 317 0.136967
317 318 12.026103
317 319 0.169019
319 320 12.249955
319 321 0.351671
321 322 12.456285000000001
321 323 12.688895
316 324 0.24775999999999998
324 325 11.666658
324 326 11.736362
315 327 11.517549
314 328 0.404607
328 329 11.473550000000001
328 330 11.174534
275 331 11.084948
270 332 0.11276599999999999
332 333 0.057043
333 334 0.393461
334 335 11.018034
334 336 10.410537
333 337 10.843473
332 338 10.483027
241 339 0.090774
339 340 0.177381
340 341 10.560865
340 342 10.461203
339 343 0.07986
343 344 0.094969
344 345 0.074892
345 346 0.292416
346 347 10.509259
346 348 0.052588
348 349 0.054805999999999994
349 350 0.090217
350 351 10.638372
350 352 10.732128000000001
349 353 0.09851700000000001
353 354 0.064399
354 355 10.472057
354 356 10.608082000000001
353 357 2.3310709999999997
357 358 9.398995000000001
357 359 10.810064
348 360 10.358231
345 361 10.300282
344 362 0.211385
362 363 10.390356
362 364 10.28328
343 365 0.217394
365 366 10.60918
365 367 10.296743
240 368 0.13014299999999998
368 369 0.071837
369 370 0.090677
370 371 0.11512
371 372 0.077752
372 373 11.23223
372 374 10.893205
371 375 0.058774999999999994
375 376 0.10832299999999999
376 377 0.329045
377 378 0.056625
378 379 0.434004
379 380 11.770021999999999
379 381 11.749141999999999
378 382 0.0907
382 383 0.10520499999999999
383 384 0.12593700000000002
384 385 0.07745300000000001
385 386 0.20663399999999998
386 387 0.191007
387 388 12.522245000000002
387 389 12.506791
386 390 0.39651900000000007
390 391 0.111604
391 392 0.041117
392 393 12.749171
392 394 0.21540499999999999
394 395 0.128716
395 396 0.287837
396 397 13.500022000000001
396 398 13.271174
395 399 13.794625
394 400 13.924710000000001
391 401 13.032344000000002
390 402 0.41920999999999997
402 403 0.274657
403 404 11.893674
403 405 12.322354
402 406 12.646365000000001
385 407 0.19882099999999997
407 408 12.169554
407 409 0.07638099999999999
409 410 11.68604
409 411 0.20420299999999997
411 412 0.366184
412 413 11.332576
412 414 12.418876
411 415 11.683758
384 416 0.056116
416 417 0.09935600000000001
417 418 0.456406
418 419 12.218112
418 420 11.997916
417 421 0.371121
421 422 0.289002
422 423 0.208317
423 424 12.611320000000001
423 425 11.95314
422 426 12.364273
421 427 12.065818
416 428 12.259093
383 429 0.281279
429 430 0.269461
430 431 12.85709
430 432 0.528508
432 433 12.647765
432 434 13.949216
429 435 0.17946299999999998
435 436 0.308514
436 437 0.017512
437 438 13.166853
437 439 0.13889600000000002
439 440 0.304141
440 441 0.628229
441 442 12.813653
441 443 13.376822999999998
440 444 14.354349
439 445 13.226637
436 446 12.885362
435 447 0.303964
447 448 11.751854
447 449 12.231886
382 450 12.025732999999999
377 451 0.19252
451 452 0.117149
452 453 11.523514
452 454 11.647217999999999
451 455 11.903756999999999
376 456 0.156745
456 457 11.282141
456 458 11.714375
375 459 0.20052999999999999
459 460 10.985858
459 461 10.849217999999999
370 462 0.203987
462 463 10.992467
462 464 0.118913
464 465 0.10718100000000001
465 466 11.117675
465 467 0.024577
467 468 0.29570799999999997
468 469 0.313087
469 470 0.086865
470 471 0.325422
471 472 0.162242
472 473 11.922288
472 474 12.642171999999999
471 475 12.03288
470 476 11.65193
469 477 0.030055000000000002
477 478 0.21719399999999997
478 479 11.389663
478 480 11.25842
477 481 0.152663
481 482 0.103352
482 483 0.10320800000000001
483 484 11.665331
483 485 11.679617
482 486 0.165375
486 487 10.808377
486 488 0.399521
488 489 11.094237999999999
488 490 12.308782
481 491 0.32284
491 492 0.24949400000000002
492 493 0.020821
493 494 0.230569
494 495 0.23696
495 496 0.25812
496 497 12.676433000000001
496 498 12.933323
495 499 13.621089999999999
494 500 2.035107
500 501 11.17551
500 502 12.169438000000001
493 503 0.141573
503 504 0.37432699999999997
504 505 0.16096000000000002
505 506 12.997865000000001
505 507 0.4152
507 508 0.180483
508 509 0.24504700000000001
509 510 0.138121
510 511 0.093702
511 512 0.042364
512 513 0.152282
513 514 14.247948999999998
513 515 0.142876
515 516 0.24806199999999998
516 517 0.031061000000000002
517 518 0.21085800000000002
518 519 14.230490000000001
518 520 14.631299
517 521 0.217423
521 522 0.307545
522 523 14.699815
522 524 14.161973
521 525 0.302211
525 526 14.394848
525 527 14.466940000000001
516 528 0.109865
528 529 0.045244
529 530 0.232454
530 531 0.17616800000000002
531 532 14.208687000000001
531 533 13.491661999999998
530 534 14.225689999999998
529 535 0.28466199999999997
535 536 0.1526
536 537 0.126309
537 538 0.07806300000000001
538 539 15.126380000000001
538 540 14.490344
537 541 0.129159
541 542 0.111328
542 543 15.93765
542 544 0.068448
544 545 0.22728700000000002
545 546 0.24615499999999998
546 547 15.069975999999999
546 548 15.417829
545 549 15.084855
544 550 15.974803000000001
541 551 0.301754
551 552 0.44089
552 553 6.741017
553 554 9.830371
553 555 8.868816
552 556 16.168391
551 557 0.23056700000000002
557 558 0.087944
558 559 15.270323999999999
558 560 0.147795
560 561 14.966375000000001
560 562 16.276366
557 563 0.115308
563 564 15.278431000000001
563 565 16.83539
536 566 0.46938300000000005
566 567 14.51756
566 568 14.692661000000001
535 569 0.08400200000000001
569 570 0.014417
570 571 0.075928
571 572 15.232780000000002
571 573 0.446662
573 574 14.392622
573 575 13.946518
570 576 0.170878
576 577 0.131226
577 578 14.833003999999999
577 579 14.435287999999998
576 580 14.677135999999999
569 581 0.113452
581 582 0.35455600000000004
582 583 0.175965
583 584 0.114686
584 585 0.17285799999999998
585 586 14.906589
585 587 0.221169
587 588 14.765917
587 589 15.19924
584 590 0.19553600000000002
590 591 14.94104
590 592 0.092351
592 593 0.22499400000000003
593 594 14.32998
593 595 0.442087
595 596 0.139039
596 597 14.634929
596 598 15.620587
595 599 0.194875
599 600 15.044916
599 601 14.513736999999999
592 602 14.764842999999999
583 603 0.13575
603 604 14.904191
603 605 14.828678
582 606 0.219991
606 607 0.417304
607 608 0.115713
608 609 15.960806999999999
608 610 16.733734
607 611 18.147934
606 612 0.323114
612 613 0.30567099999999997
613 614 15.633453999999999
613 615 16.480367
612 616 0.216977
616 617 16.640325
616 618 0.200558
618 619 17.075495
618 620 16.257838
581 621 0.071031
621 622 0.11437000000000001
622 623 0.15531799999999998
623 624 16.430805
623 625 15.566872000000002
622 626 0.236668
626 627 15.261183
626 628 14.645901
621 629 0.139695
629 630 15.970926999999998
629 631 0.133167
631 632 0.210208
632 633 0.190062
633 634 15.60369
633 635 15.058330999999999
632 636 14.821553000000002
631 637 0.49391599999999997
637 638 14.458455
637 639 16.784286
528 640 0.023337
640 641 0.29005400000000003
641 642 13.611968
641 643 13.449588000000002
640 644 0.218076
644 645 14.519027000000001
644 646 14.633122000000002
515 647 1.699875
647 648 12.410701
647 649 12.386047
512 650 0.130451
650 651 0.276854
651 652 13.461562999999998
651 653 0.214395
653 654 13.906073
653 655 13.910419
650 656 1.8282570000000002
656 657 12.188224
656 658 11.969731
511 659 0.238302
659 660 0.24168800000000001
660 661 14.416094
660 662 13.864974
659 663 0.12557200000000002
663 664 0.278415
664 665 0.323596
665 666 14.291147
665 667 13.815705000000001
664 668 13.729830000000002
663 669 0.066388
669 670 0.128019
670 671 13.818496
670 672 0.29663100000000003
672 673 0.33304799999999996
673 674 12.922905000000002
673 675 0.281218
675 676 0.18194000000000002
676 677 13.172292999999998
676 678 14.469983000000001
675 679 0.093902
679 680 13.471117
679 681 14.635735
672 682 0.211377
682 683 13.691718
682 684 12.963334000000001
669 685 0.11243600000000001
685 686 14.746003
685 687 0.17850400000000002
687 688 14.717505000000001
687 689 13.970068
510 690 0.043957
690 691 0.11924699999999999
691 692 13.780556999999998
691 693 0.214797
693 694 13.467317000000001
693 695 13.710384000000001
690 696 0.030469
696 697 0.08269599999999999
697 698 0.26165
698 699 0.356791
699 700 14.597628000000002
699 701 14.148016
698 702 0.10778499999999999
702 703 14.360111999999999
702 704 14.037099999999999
697 705 0.144855
705 706 0.314506
706 707 13.949613
706 708 0.219957
708 709 13.763537000000001
708 710 13.704524000000001
705 711 0.135552
711 712 13.68443
711 713 13.957845999999998
696 714 0.165925
714 715 13.217372
714 716 13.031176
509 717 0.125196
717 718 0.384354
718 719 13.105486999999998
718 720 13.08499
717 721 0.12377600000000001
721 722 0.511021
722 723 13.2458
722 724 12.828532000000001
721 725 13.077829
508 726 0.162261
726 727 13.393832
726 728 13.783867999999998
507 729 13.088638
504 730 0.25409899999999996
730 731 0.244065
731 732 0.095385
732 733 11.963666
732 734 12.716937999999999
731 735 0.140533
735 736 0.246503
736 737 12.985656
736 738 0.34187
738 739 13.278488
738 740 11.750548
735 741 0.276145
741 742 12.884365
741 743 13.306112
730 744 0.300774
744 745 0.239622
745 746 12.372972
745 747 12.365704
744 748 0.903285
748 749 0.168501
749 750 0.27852
750 751 14.562679000000001
750 752 13.602246000000001
749 753 0.055931
753 754 0.478879
754 755 0.30517500000000003
755 756 0.704692
756 757 14.315228999999999
756 758 14.372344
755 759 0.174545
759 760 0.5438649999999999
760 761 0.175682
761 762 0.21651800000000002
762 763 15.241341
762 764 0.23485
764 765 15.675183
764 766 16.264422
761 767 0.183275
767 768 0.239294
768 769 0.094066
769 770 0.131278
770 771 0.259355
771 772 16.775783999999998
771 773 0.38449500000000003
773 774 16.258098
773 775 15.913795
770 776 0.034635
776 777 0.530821
777 778 16.508119
777 779 17.580151
776 780 0.296705
780 781 15.606374
780 782 16.100943
769 783 0.10822799999999999
783 784 0.162446
784 785 0.08452699999999999
785 786 0.238866
786 787 0.145245
787 788 17.576107999999998
787 789 16.860594000000003
786 790 0.181089
790 791 0.090909
791 792 0.231118
792 793 17.553266
792 794 0.129661
794 795 17.656182
794 796 17.419311
791 797 0.06823
797 798 0.156949
798 799 0.364825
799 800 17.89955
799 801 18.221239999999998
798 802 0.138073
802 803 0.34539200000000003
803 804 0.284622
804 805 0.100215
805 806 0.18107299999999998
806 807 0.237095
807 808 17.896531
807 809 18.514619
806 810 0.140373
810 811 17.960251
810 812 20.018843
805 813 0.305281
813 814 17.801999
813 815 17.621927
804 816 0.130304
816 817 0.274677
817 818 18.454981
817 819 0.12806199999999998
819 820 18.056005
819 821 18.122857
816 822 0.149762
822 823 0.191439
823 824 0.153969
824 825 0.061431
825 826 0.065414
826 827 0.21600399999999997
827 828 0.323571
828 829 20.735184
828 830 20.205582
827 831 0.25715
831 832 20.764904
831 833 20.001647
826 834 0.222258
834 835 0.310173
835 836 0.18846500000000002
836 837 18.590481
836 838 19.098253
835 839 19.381802
834 840 0.08635
840 841 20.118054
840 842 0.23618599999999998
842 843 20.207459
842 844 0.20485299999999998
844 845 0.45155999999999996
845 846 21.906948
845 847 19.440323
844 848 21.993272
825 849 0.143509
849 850 20.63852
849 851 19.721526
824 852 0.11665600000000001
852 853 0.347312
853 854 19.650944
853 855 19.083085999999998
852 856 0.276963
856 857 0.220563
857 858 0.273679
858 859 23.338025000000002
858 860 0.210175
860 861 21.338006
860 862 24.887313
857 863 0.6155489999999999
863 864 21.63669
863 865 0.430673
865 866 20.407479000000002
865 867 19.662207000000002
856 868 19.681803000000002
823 869 20.867525
822 870 18.140940999999998
803 871 0.270835
871 872 19.698975
871 873 18.976983999999998
802 874 18.223502
797 875 0.102288
875 876 0.02525
876 877 0.105824
877 878 0.24897500000000003
878 879 0.44026400000000004
879 880 19.126322000000002
879 881 18.330124
878 882 17.968563
877 883 0.51322
883 884 19.620774
883 885 18.880968
876 886 0.313384
886 887 18.717435
886 888 0.155968
888 889 17.976868
888 890 17.505129
875 891 0.20142900000000002
891 892 0.089926
892 893 0.43621099999999996
893 894 17.354627999999998
893 895 17.198217
892 896 0.492941
896 897 18.360419
896 898 18.457235
891 899 0.051887
899 900 0.161998
900 901 0.189679
901 902 17.314467
901 903 17.29645
900 904 0.20820499999999997
904 905 0.223397
905 906 18.000902999999997
905 907 0.168377
907 908 0.6180599999999999
908 909 0.48518500000000003
909 910 21.19713
909 911 0.173369
911 912 19.079207
911 913 18.899887
908 914 18.272074
907 915 18.85784
904 916 17.132875
899 917 0.158392
917 918 0.12368900000000001
918 919 0.086463
919 920 0.27771100000000004
920 921 0.172185
921 922 15.703506
921 923 16.584531
920 924 0.126551
924 925 0.09640900000000001
925 926 0.28317899999999996
926 927 16.88146
926 928 0.21258000000000002
928 929 0.059079
929 930 0.064568
930 931 0.24447599999999997
931 932 0.322502
932 933 0.132306
933 934 0.468629
934 935 0.072708
935 936 14.305116000000002
935 937 15.485825
934 938 15.113123
933 939 0.250012
939 940 14.056825
939 941 0.228889
941 942 14.680576
941 943 15.981444999999999
932 944 15.15878
931 945 0.044304
945 946 0.264053
946 947 15.633654
946 948 16.654383
945 949 0.118859
949 950 0.16598400000000002
950 951 0.2287
951 952 16.009887
951 953 0.07605999999999999
953 954 15.496706
953 955 16.152538999999997
950 956 15.305563
949 957 0.331258
957 958 14.753191
957 959 15.560398000000001
930 960 15.198027999999999
929 961 15.970565
928 962 15.3942
925 963 0.137389
963 964 16.47383
963 965 0.396088
965 966 16.635421
965 967 16.291408
924 968 0.197737
968 969 0.42521700000000007
969 970 0.243047
970 971 0.106054
971 972 0.33569699999999997
972 973 0.23051
973 974 0.531381
974 975 20.75928
974 976 20.762206
973 977 18.951778
972 978 18.323497
971 979 0.014549
979 980 0.27352499999999996
980 981 0.528658
981 982 18.157491
981 983 18.718234
980 984 0.08835699999999999
984 985 18.191516
984 986 0.130203
986 987 18.148901000000002
986 988 17.855745
979 989 17.979233
970 990 0.363059
990 991 17.586032
990 992 17.082957
969 993 0.205843
993 994 0.23314999999999997
994 995 0.27565799999999996
995 996 20.218343
995 997 0.134424
997 998 0.48985
998 999 19.713096999999998
998 1000 0.41481399999999996
1000 1001 20.830457
1000 1002 0.317789
1002 1003 0.38022300000000003
1003 1004 22.005459
1003 1005 21.664692
1002 1006 0.191936
1006 1007 0.549708
1007 1008 0.494013
1008 1009 0.12382199999999999
1009 1010 0.29865
1010 1011 21.433413
1010 1012 21.656018
1009 1013 0.40638
1013 1014 0.230564
1014 1015 21.071813
1014 1016 21.320754
1013 1017 0.260326
1017 1018 0.34881500000000004
1018 1019 0.47430700000000003
1019 1020 0.06428500000000001
1020 1021 23.107210000000002
1020 1022 21.375949
1019 1023 21.480430000000002
1018 1024 21.288179
1017 1025 0.20105499999999998
1025 1026 0.795153
1026 1027 21.375743
1026 1028 19.797312
1025 1029 21.533534
1008 1030 0.21092
1030 1031 0.21973
1031 1032 0.384894
1032 1033 0.314809
1033 1034 0.277993
1034 1035 0.281978
1035 1036 0.175228
1036 1037 0.219753
1037 1038 0.918512
1038 1039 27.104555
1038 1040 26.902414000000004
1037 1041 0.444081
1041 1042 0.10443200000000001
1042 1043 0.084315
1043 1044 0.8588490000000001
1044 1045 1.684494
1045 1046 0.264581
1046 1047 28.710599
1046 1048 0.23829699999999998
1048 1049 0.39168800000000004
1049 1050 26.397039
1049 1051 25.809697999999997
1048 1052 27.511913
1045 1053 5.97453
1053 1054 6.078755999999999
1054 1055 15.937332000000001
1054 1056 16.350704999999998
1053 1057 21.766773
1044 1058 27.099259999999997
1043 1059 24.888828
1042 1060 1.880606
1060 1061 22.001534
1060 1062 22.539697
1041 1063 0.157913
1063 1064 5.656391999999999
1064 1065 19.542658
1064 1066 18.84294
1063 1067 0.383097
1067 1068 23.137878
1067 1069 25.178034
1036 1070 0.29066000000000003
1070 1071 0.153702
1071 1072 0.5236550000000001
1072 1073 29.62601
1072 1074 26.123119
1071 1075 14.778319000000002
1075 1076 9.916006
1075 1077 9.944622
1070 1078 0.345354
1078 1079 0.24410199999999999
1079 1080 0.541745
1080 1081 28.731191
1080 1082 29.39889
1079 1083 0.358371
1083 1084 23.923204000000002
1083 1085 23.753916
1078 1086 25.815712
1035 1087 24.267041
1034 1088 0.278729
1088 1089 0.11496500000000001
1089 1090 0.248578
1090 1091 0.221529
1091 1092 24.035433
1091 1093 23.525543
1090 1094 0.299304
1094 1095 0.145591
1095 1096 23.113174
1095 1097 26.944898000000002
1094 1098 0.938722
1098 1099 0.26204700000000003
1099 1100 0.19195600000000002
1100 1101 0.768777
1101 1102 0.654712
1102 1103 28.458555
1102 1104 36.175592
1101 1105 0.717239
1105 1106 0.369207
1106 1107 28.402085999999997
1106 1108 27.811619
1105 1109 26.634277
1100 1110 0.21300300000000003
1110 1111 28.989078000000003
1110 1112 0.250179
1112 1113 0.359999
1113 1114 25.952737999999997
1113 1115 26.195926000000004
1112 1116 28.211429
1099 1117 0.458405
1117 1118 0.78984
1118 1119 0.5711390000000001
1119 1120 0.23198799999999997
1120 1121 28.226032
1120 1122 25.89708
1119 1123 24.535724000000002
1118 1124 0.45963899999999996
1124 1125 23.813376
1124 1126 23.457238999999998
1117 1127 0.340749
1127 1128 0.462204
1128 1129 24.947156
1128 1130 27.54994
1127 1131 26.918749
1098 1132 0.330129
1132 1133 24.704375
1132 1134 0.034301
1134 1135 25.788006000000003
1134 1136 25.896082
1089 1137 0.383749
1137 1138 23.662851
1137 1139 23.317404
1088 1140 0.391592
1140 1141 0.467168
1141 1142 22.521852
1141 1143 0.300448
1143 1144 23.938420999999998
1143 1145 22.054610999999998
1140 1146 22.993923
1033 1147 0.141853
1147 1148 23.290271
1147 1149 21.831680000000002
1032 1150 0.275807
1150 1151 0.17249699999999998
1151 1152 0.174993
1152 1153 0.282639
1153 1154 0.310916
1154 1155 0.600278
1155 1156 23.404723999999998
1155 1157 0.590074
1157 1158 0.977858
1158 1159 25.016360999999996
1158 1160 0.27422599999999997
1160 1161 27.422729
1160 1162 0.552554
1162 1163 23.850640000000002
1162 1164 0.305728
1164 1165 0.254606
1165 1166 0.29962
1166 1167 28.928055000000004
1166 1168 23.278682
1165 1169 24.787488
1164 1170 0.12104699999999999
1170 1171 0.5908789999999999
1171 1172 0.673006
1172 1173 0.509156
1173 1174 26.567384
1173 1175 0.465137
1175 1176 23.856502
1175 1177 28.408306
1172 1178 26.320112
1171 1179 0.8695309999999999
1179 1180 28.911798
1179 1181 29.044067000000002
1170 1182 0.190371
1182 1183 0.175852
1183 1184 0.471578
1184 1185 23.359431
1184 1186 22.169024
1183 1187 0.34143
1187 1188 23.028062
1187 1189 21.629313
1182 1190 0.404868
1190 1191 24.136505
1190 1192 22.727607
1157 1193 30.962427999999996
1154 1194 0.472196
1194 1195 22.609374
1194 1196 21.525353
1153 1197 0.402032
1197 1198 21.244305999999998
1197 1199 20.219109
1152 1200 20.965654999999998
1151 1201 0.255774
1201 1202 22.643716
1201 1203 0.323764
1203 1204 22.833749
1203 1205 0.30794699999999997
1205 1206 26.167889
1205 1207 27.142216
1150 1208 0.24330799999999997
1208 1209 0.156556
1209 1210 21.72017
1209 1211 0.071351
1211 1212 0.31372700000000003
1212 1213 20.322114
1212 1214 20.909013
1211 1215 22.798932999999998
1208 1216 0.21728199999999998
1216 1217 21.500543999999998
1216 1218 21.588887
1031 1219 0.152835
1219 1220 0.193692
1220 1221 21.530452999999998
1220 1222 0.449803
1222 1223 22.674514000000002
1222 1224 24.24767
1219 1225 0.321698
1225 1226 22.446266
1225 1227 21.862677
1030 1228 21.2231
1007 1229 0.106189
1229 1230 20.149950999999998
1229 1231 0.14621599999999998
1231 1232 0.11037499999999999
1232 1233 21.030009
1232 1234 0.63085
1234 1235 20.545838
1234 1236 19.29156
1231 1237 20.113202
1006 1238 21.351302999999998
997 1239 4.858744000000001
1239 1240 13.938031
1239 1241 14.459182
994 1242 0.240548
1242 1243 0.237361
1243 1244 19.273820999999998
1243 1245 17.485761
1242 1246 0.19817900000000002
1246 1247 18.717171
1246 1248 17.635907
993 1249 17.688482
968 1250 0.138292
1250 1251 0.253022
1251 1252 16.484569
1251 1253 17.139124
1250 1254 0.414806
1254 1255 16.870382
1254 1256 17.508248000000002
919 1257 0.454857
1257 1258 16.991864
1257 1259 16.283397
918 1260 0.27536700000000003
1260 1261 0.235367
1261 1262 17.087741
1261 1263 16.652096
1260 1264 0.084029
1264 1265 16.689678999999998
1264 1266 16.875942
917 1267 0.447842
1267 1268 16.618174
1267 1269 16.482872
790 1270 0.332972
1270 1271 0.110851
1271 1272 17.160472
1271 1273 17.160085
1270 1274 17.426896
785 1275 17.011948
784 1276 0.2693
1276 1277 0.09782199999999999
1277 1278 17.54447
1277 1279 0.167493
1279 1280 17.700184
1279 1281 17.084948999999998
1276 1282 0.591784
1282 1283 17.675251
1282 1284 17.400243
783 1285 0.08147299999999999
1285 1286 16.762348
1285 1287 16.396769
768 1288 0.215598
1288 1289 16.060854
1288 1290 16.459471
767 1291 0.137159
1291 1292 0.141939
1292 1293 0.453266
1293 1294 16.688185999999998
1293 1295 17.632371
1292 1296 15.777861000000001
1291 1297 15.639128999999999
760 1298 15.051288
759 1299 0.09622800000000001
1299 1300 0.357365
1300 1301 0.6985060000000001
1301 1302 15.050619000000001
1301 1303 14.798394
1300 1304 15.271296000000001
1299 1305 0.128988
1305 1306 15.166066
1305 1307 15.205594999999999
754 1308 14.303659
753 1309 14.159858
748 1310 13.174282000000002
503 1311 0.084715
1311 1312 0.235987
1312 1313 0.252601
1313 1314 12.24649
1313 1315 12.201826
1312 1316 12.871673
1311 1317 13.527079
492 1318 0.22348400000000002
1318 1319 0.258907
1319 1320 12.807220999999998
1319 1321 12.918679
1318 1322 0.191151
1322 1323 12.668446999999999
1322 1324 0.078359
1324 1325 12.913891
1324 1326 12.405505
491 1327 0.394446
1327 1328 2.715462
1328 1329 9.431866999999999
1328 1330 10.196473000000001
1327 1331 12.847837
468 1332 3.6428040000000004
1332 1333 7.877782
1332 1334 8.150093
467 1335 0.194268
1335 1336 0.502381
1336 1337 10.520033
1336 1338 10.037458
1335 1339 0.19448300000000002
1339 1340 11.228615999999999
1339 1341 10.548387
464 1342 0.08134699999999999
1342 1343 0.061179
1343 1344 0.188877
1344 1345 11.753904
1344 1346 10.952252
1343 1347 10.873840999999999
1342 1348 11.030574
369 1349 0.273239
1349 1350 11.139007
1349 1351 10.696069
368 1352 0.232738
1352 1353 0.184028
1353 1354 0.20487499999999997
1354 1355 10.145592
1354 1356 10.469971000000001
1353 1357 10.393267
1352 1358 0.251512
1358 1359 10.04569
1358 1360 10.221441
199 1361 0.104042
1361 1362 9.788739
1361 1363 0.22868300000000003
1363 1364 9.859248
1363 1365 9.536803
198 1366 0.040002
1366 1367 0.020974
1367 1368 0.239223
1368 1369 0.19893699999999997
1369 1370 9.058866
1369 1371 9.117673
1368 1372 0.251121
1372 1373 9.747145999999999
1372 1374 8.893969
1367 1375 0.09106099999999999
1375 1376 9.3742
1375 1377 0.178645
1377 1378 9.128759
1377 1379 8.989708
1366 1380 0.152753
1380 1381 0.162876
1381 1382 0.14590899999999998
1382 1383 9.294245
1382 1384 10.334094
1381 1385 0.449329
1385 1386 9.488019
1385 1387 9.153096
1380 1388 0.066208
1388 1389 0.053405
1389 1390 0.112349
1390 1391 0.20066099999999998
1391 1392 9.246967
1391 1393 8.435960000000001
1393 1394 1.9059679999999999
1393 1395 1.752569
1390 1396 0.120323
1396 1397 0.22841799999999998
1397 1398 0.16390300000000002
1398 1399 0.11032900000000001
1399 1400 0.266716
1400 1401 8.578501
1400 1402 10.120686
1399 1403 9.140948999999999
1398 1404 0.161884
1404 1405 0.256352
1405 1406 8.8899
1405 1407 8.531703
1404 1408 9.732033
1397 1409 0.108764
1409 1410 0.08595900000000001
1410 1411 0.106913
1411 1412 0.262395
1412 1413 8.623844
1412 1414 8.797759
1411 1415 8.622622
1410 1416 0.256037
1416 1417 9.422823
1416 1418 9.160219999999999
1409 1419 8.958757
1396 1420 9.963901
1389 1421 0.18062
1421 1422 9.079321
1421 1423 9.561793999999999
1388 1424 0.30013100000000004
1424 1425 8.986565
1424 1426 9.712622
197 1427 0.364006
1427 1428 0.129692
1428 1429 0.072572
1429 1430 0.148317
1430 1431 0.470344
1431 1432 8.156499
1431 1433 8.452096000000001
1430 1434 0.21200199999999997
1434 1435 8.964271
1434 1436 8.283116
1429 1437 9.818292000000001
1428 1438 0.372042
1438 1439 0.685509
1439 1440 9.423088
1439 1441 9.334171
1438 1442 3.2343509999999998
1442 1443 6.9739960000000005
1442 1444 6.556782
1427 1445 0.265017
1445 1446 9.195333999999999
1445 1447 9.213493
176 1448 0.118144
1448 1449 0.135901
1449 1450 9.298492999999999
1449 1451 9.516838
1448 1452 0.173117
1452 1453 0.112874
1453 1454 0.130851
1454 1455 0.303515
1455 1456 9.213178
1455 1457 10.008657
1454 1458 9.133187
1453 1459 0.059868
1459 1460 0.185752
1460 1461 0.14391
1461 1462 0.407465
1462 1463 8.841844
1462 1464 9.276623
1461 1465 0.071629
1465 1466 8.800025
1465 1467 9.26037
1460 1468 0.182745
1468 1469 8.915837999999999
1468 1470 8.796125
1459 1471 0.033266
1471 1472 0.037898
1472 1473 0.14201999999999998
1473 1474 9.220507
1473 1475 0.41944699999999996
1475 1476 8.759338999999999
1475 1477 8.720336
1472 1478 9.410826
1471 1479 0.061686
1479 1480 0.049842
1480 1481 0.080534
1481 1482 9.287904
1481 1483 0.061689999999999995
1483 1484 9.58735
1483 1485 9.634485
1480 1486 9.428758
1479 1487 0.097606
1487 1488 9.231017
1487 1489 0.078652
1489 1490 0.271032
1490 1491 9.938817
1490 1492 10.386386
1489 1493 0.055623
1493 1494 0.177801
1494 1495 9.423085
1494 1496 9.682606
1493 1497 9.984801000000001
1452 1498 9.500028
175 1499 0.071537
1499 1500 9.384218
1499 1501 0.13372900000000001
1501 1502 0.323374
1502 1503 0.134475
1503 1504 9.22244
1503 1505 8.721811
1502 1506 0.07968800000000001
1506 1507 0.06379499999999999
1507 1508 0.049463999999999994
1508 1509 0.070734
1509 1510 0.112183
1510 1511 0.14795
1511 1512 0.082376
1512 1513 0.17666199999999999
1513 1514 8.418873
1513 1515 7.957433
1512 1516 0.24436000000000002
1516 1517 7.9566
1516 1518 7.780914
1511 1519 0.193466
1519 1520 8.021549
1519 1521 7.715965
1510 1522 8.631812
1509 1523 0.105587
1523 1524 8.33762
1523 1525 8.503263
1508 1526 0.202385
1526 1527 0.269474
1527 1528 8.607204
1527 1529 9.395119000000001
1526 1530 9.022048
1507 1531 0.162919
1531 1532 0.069243
1532 1533 0.308144
1533 1534 0.313702
1534 1535 8.466323000000001
1534 1536 8.200343
1533 1537 9.674683
1532 1538 8.896269
1531 1539 0.179378
1539 1540 0.076041
1540 1541 0.09865
1541 1542 9.402732
1541 1543 8.948023
1540 1544 0.36592600000000003
1544 1545 9.266836000000001
1544 1546 9.258135000000001
1539 1547 0.265132
1547 1548 8.627584
1547 1549 9.316666
1506 1550 0.101418
1550 1551 0.084087
1551 1552 0.087822
1552 1553 0.11575400000000001
1553 1554 8.267397
1553 1555 8.457341999999999
1552 1556 8.101435
1551 1557 0.086394
1557 1558 8.652998
1557 1559 8.013669
1550 1560 0.047741
1560 1561 0.095956
1561 1562 0.132764
1562 1563 8.403532
1562 1564 8.669638
1561 1565 0.302776
1565 1566 8.872897
1565 1567 8.08413
1560 1568 0.011756
1568 1569 0.22072099999999997
1569 1570 8.407589999999999
1569 1571 9.478589
1568 1572 0.13334
1572 1573 0.058071000000000005
1573 1574 0.211421
1574 1575 0.08212900000000001
1575 1576 7.549264999999999
1575 1577 0.174312
1577 1578 7.575548
1577 1579 7.639318
1574 1580 0.171936
1580 1581 7.604693999999999
1580 1582 7.958603999999999
1573 1583 0.110045
1583 1584 0.180894
1584 1585 0.12653799999999998
1585 1586 0.14443999999999999
1586 1587 0.25869600000000004
1587 1588 0.079835
1588 1589 0.304341
1589 1590 0.384616
1590 1591 0.147635
1591 1592 6.960706
1591 1593 7.731513
1590 1594 6.821006000000001
1589 1595 6.671133
1588 1596 7.593452000000001
1587 1597 7.0702810000000005
1586 1598 7.379587999999999
1585 1599 0.093746
1599 1600 7.633502
1599 1601 7.058717000000001
1584 1602 0.207376
1602 1603 7.525888
1602 1604 7.805123
1583 1605 0.195269
1605 1606 0.246625
1606 1607 8.691081
1606 1608 9.020882
1605 1609 9.248149
1572 1610 0.233905
1610 1611 8.155647
1610 1612 7.756082999999999
1501 1613 9.482823999999999
172 1614 9.136474999999999
171 1615 10.08307
170 1616 0.193297
1616 1617 9.860673
1616 1618 0.190321
1618 1619 0.12717399999999998
1619 1620 9.47024
1619 1621 10.332315
1618 1622 0.16863099999999998
1622 1623 9.821003000000001
1622 1624 0.17464100000000002
1624 1625 8.982422
1624 1626 0.425243
1626 1627 0.39061399999999996
1627 1628 7.862748999999999
1627 1629 7.816694
1626 1630 8.581512
167 1631 9.017546999999999
166 1632 0.10700799999999999
1632 1633 0.056326
1633 1634 0.132134
1634 1635 0.23421000000000003
1635 1636 7.665029
1635 1637 7.6659809999999995
1634 1638 7.547439000000001
1633 1639 0.058414999999999995
1639 1640 0.202889
1640 1641 7.99521
1640 1642 0.07679899999999999
1642 1643 7.616886000000001
1642 1644 7.481837
1639 1645 8.987006000000001
1632 1646 0.099289
1646 1647 0.039064999999999996
1647 1648 0.187724
1648 1649 7.357602000000001
1648 1650 7.74112
1647 1651 0.21878000000000003
1651 1652 0.212
1652 1653 7.681915999999999
1652 1654 0.186842
1654 1655 6.761863
1654 1656 7.523852000000001
1651 1657 0.129173
1657 1658 7.552986000000001
1657 1659 8.242600999999999
1646 1660 0.136965
1660 1661 7.618329999999999
1660 1662 7.5965370000000005
153 1663 0.193224
1663 1664 7.667439
1663 1665 0.288427
1665 1666 6.626522
1665 1667 6.962327999999999
152 1668 0.18069500000000002
1668 1669 9.219462
1668 1670 6.866485
151 1671 0.26773800000000003
1671 1672 0.266642
1672 1673 0.206162
1673 1674 8.280521
1673 1675 7.573138
1672 1676 0.30196799999999996
1676 1677 7.983931
1676 1678 7.521295
1671 1679 0.125344
1679 1680 7.484908999999999
1679 1681 7.846101
150 1682 0.083013
1682 1683 0.597306
1683 1684 6.997891000000001
1683 1685 6.300599
1682 1686 0.11441599999999999
1686 1687 0.0362
1687 1688 6.641664
1687 1689 0.036617000000000004
1689 1690 6.800013000000001
1689 1691 0.197664
1691 1692 6.762683999999999
1691 1693 7.232671
1686 1694 0.152761
1694 1695 6.641318
1694 1696 0.100479
1696 1697 0.08670699999999999
1697 1698 7.722136
1697 1699 0.034107
1699 1700 0.07950700000000001
1700 1701 6.14793
1700 1702 6.2794799999999995
1699 1703 0.11648599999999999
1703 1704 0.351084
1704 1705 6.033819
1704 1706 6.858167
1703 1707 6.269125000000001
1696 1708 0.871481
1708 1709 5.798914
1708 1710 6.860784000000001
89 1711 0.039446
1711 1712 0.43932600000000005
1712 1713 0.244923
1713 1714 7.242495
1713 1715 6.520571
1712 1716 0.110768
1716 1717 0.14661400000000002
1717 1718 6.096314
1717 1719 6.621456
1716 1720 0.18730000000000002
1720 1721 6.656582
1720 1722 6.874196
1711 1723 0.203096
1723 1724 0.22846899999999998
1724 1725 1.462103
1725 1726 6.557114
1725 1727 5.69608
1724 1728 1.630231
1728 1729 6.183382
1728 1730 6.476316
1723 1731 0.254255
1731 1732 7.280030999999999
1731 1733 0.298367
1733 1734 5.981032
1733 1735 6.039873
84 1736 0.096885
1736 1737 0.073629
1737 1738 0.07202
1738 1739 0.133271
1739 1740 6.042063000000001
1739 1741 0.142606
1741 1742 5.668999
1741 1743 5.655043
1738 1744 0.069981
1744 1745 0.027809999999999998
1745 1746 0.164498
1746 1747 5.644383
1746 1748 5.911947
1745 1749 6.717035
1744 1750 0.055668999999999996
1750 1751 0.151141
1751 1752 6.805403
1751 1753 6.028511
1750 1754 0.327953
1754 1755 5.867743
1754 1756 5.746658
1737 1757 5.76331
1736 1758 0.10936299999999999
1758 1759 0.041917
1759 1760 0.042966
1760 1761 0.038697
1761 1762 0.147907
1762 1763 5.93265
1762 1764 5.159103
1761 1765 0.200525
1765 1766 5.415812
1765 1767 4.862934
1760 1768 0.08470599999999999
1768 1769 0.071717
1769 1770 0.137486
1770 1771 4.8822
1770 1772 0.082956
1772 1773 4.777658
1772 1774 4.97844
1769 1775 5.176102
1768 1776 0.008132
1776 1777 6.079503
1776 1778 0.27938199999999996
1778 1779 5.132631
1778 1780 5.146114
1759 1781 0.131817
1781 1782 0.041561
1782 1783 0.060245999999999994
1783 1784 5.884972
1783 1785 0.154517
1785 1786 5.537099
1785 1787 5.612727
1782 1788 0.139377
1788 1789 5.46266
1788 1790 0.112253
1790 1791 5.736386
1790 1792 5.355366999999999
1781 1793 0.12176699999999999
1793 1794 0.160694
1794 1795 5.290578
1794 1796 5.568888
1793 1797 0.129666
1797 1798 5.220015
1797 1799 5.174875
1758 1800 0.03969
1800 1801 0.117644
1801 1802 5.383181
1801 1803 5.302069
1800 1804 0.158198
1804 1805 5.462566
1804 1806 5.222683999999999
81 1807 0.520532
1807 1808 0.195524
1808 1809 5.7769960000000005
1808 1810 5.198614
1807 1811 0.32712399999999997
1811 1812 5.385167
1811 1813 6.113091
80 1814 0.277672
1814 1815 0.076628
1815 1816 0.046977
1816 1817 0.12109600000000001
1817 1818 5.4636759999999995
1817 1819 5.511933
1816 1820 5.366709
1815 1821 0.272419
1821 1822 5.744652
1821 1823 1.7466369999999998
1823 1824 3.1984070000000004
1823 1825 3.1895140000000004
1814 1826 0.026473000000000003
1826 1827 0.031494
1827 1828 0.077921
1828 1829 0.167811
1829 1830 0.039348999999999995
1830 1831 0.061028000000000006
1831 1832 4.753541
1831 1833 5.989781000000001
1830 1834 5.8332809999999995
1829 1835 0.18568
1835 1836 4.713907
1835 1837 4.693759
1828 1838 0.363911
1838 1839 4.789529
1838 1840 0.378879
1840 1841 5.440122
1840 1842 5.535487
1827 1843 0.059546999999999996
1843 1844 0.137764
1844 1845 3.5850769999999996
1845 1846 3.172246
1845 1847 2.809171
1844 1848 5.44512
1843 1849 5.146789
1826 1850 0.18809
1850 1851 0.07361200000000001
1851 1852 1.816345
1852 1853 3.7754580000000004
1852 1854 3.657759
1851 1855 4.8328999999999995
1850 1856 5.5884089999999995
79 1857 0.122846
1857 1858 0.039235
1858 1859 0.191736
1859 1860 5.277167
1859 1861 5.1177220000000005
1858 1862 0.080477
1862 1863 5.0461789999999995
1862 1864 0.049640000000000004
1864 1865 0.317791
1865 1866 4.843341000000001
1865 1867 4.738541000000001
1864 1868 5.460374
1857 1869 0.28038799999999997
1869 1870 0.207209
1870 1871 0.447393
1871 1872 0.985715
1872 1873 0.45622199999999996
1873 1874 0.297275
1874 1875 4.8205789999999995
1874 1876 4.70323
1873 1877 4.929206
1872 1878 5.801037
1871 1879 7.703309
1870 1880 5.907862
1869 1881 5.144489
78 1882 4.756416
77 1883 0.06833600000000001
1883 1884 0.102181
1884 1885 4.178069
1884 1886 4.242373
1883 1887 0.086553
1887 1888 4.779769
1887 1889 4.569825000000001
76 1890 4.469329
33 1891 0.138985
1891 1892 0.009203
1892 1893 0.367221
1893 1894 4.495504
1893 1895 4.796017
1892 1896 4.365648
1891 1897 0.023462
1897 1898 0.119756
1898 1899 4.1673670000000005
1898 1900 4.078857999999999
1897 1901 0.177863
1901 1902 0.080179
1902 1903 3.934865
1902 1904 4.369432
1901 1905 4.449438
32 1906 0.257931
1906 1907 0.140164
1907 1908 0.014316
1908 1909 4.170525
1908 1910 4.540276
1907 1911 0.08005100000000001
1911 1912 0.11593
1912 1913 4.179333
1912 1914 4.763757
1911 1915 4.152362
1906 1916 0.046415
1916 1917 0.12118000000000001
1917 1918 0.299711
1918 1919 3.557502
1918 1920 3.527284
1917 1921 0.057795000000000006
1921 1922 0.070743
1922 1923 0.099949
1923 1924 3.821951
1923 1925 3.378978
1922 1926 0.067009
1926 1927 0.09107
1927 1928 3.749832
1927 1929 4.0898900000000005
1926 1930 3.944935
1921 1931 3.997927
1916 1932 4.336754
31 1933 4.150932
22 1934 0.051714
1934 1935 3.629073
1934 1936 3.513784
17 1937 0.189975
1937 1938 0.12448
1938 1939 0.20962899999999998
1939 1940 0.159046
1940 1941 2.316541
1940 1942 0.3829
1942 1943 0.241837
1943 1944 4.186802
1943 1945 5.917728
1942 1946 0.073929
1946 1947 0.22128899999999999
1947 1948 3.3825809999999996
1947 1949 0.24692
1949 1950 3.412171
1949 1951 3.149966
1946 1952 0.617126
1952 1953 4.7554739999999995
1952 1954 0.558115
1954 1955 7.0158689999999995
1954 1956 0.322982
1956 1957 0.233782
1957 1958 8.061667
1957 1959 9.069576
1956 1960 0.5356719999999999
1960 1961 6.159857
1960 1962 6.209481
1939 1963 2.901985
1938 1964 3.489966
1937 1965 0.420399
1965 1966 2.1973119999999997
1965 1967 2.854953
16 1968 0.058673
1968 1969 2.6602799999999998
1968 1970 2.9146330000000003
15 1971 2.36577
10 1972 0.13322399999999998
1972 1973 2.2101949999999997
1972 1974 0.31593699999999997
1974 1975 2.435982
1974 1976 3.022786
9 1977 0.040768
1977 1978 0.057790999999999995
1978 1979 0.055444999999999994
1979 1980 0.35828
1980 1981 5.103504
1980 1982 2.620074
1979 1983 1.500024
1978 1984 2.833638
1977 1985 2.6933700000000003
6 1986 2.022384
5 1987 0.07492
1987 1988 0.019317
1988 1989 1.317265
1988 1990 0.134535
1990 1991 1.202421
1990 1992 1.8173229999999998
1987 1993 1.098569
4 1994 0.463014
1 1995 0.009160999999999999
1995 1996 0.406513
1995 1997 0.580711
1 1998 3.823591
