4384 3
18685 8
31722 13
14315 14
30500 20
30841 21
36795 26
42489 27
29694 29
15040 30
43536 38
36618 39
19239 42
15441 45
19526 49
29481 50
43048 55
44976 56
11742 58
19011 59
37271 60
34555 61
15436 62
4156 65
26774 66
19635 68
3309 69
6390 71
22285 72
26615 74
10968 75
40763 83
38686 87
35099 88
6499 96
23748 97
21703 99
16932 100
42875 102
17733 104
26167 105
8848 108
22437 109
933 110
28743 114
29350 115
12030 121
32680 122
23261 127
36511 128
5165 132
40220 133
23197 135
38557 136
40905 138
45025 139
5560 140
26829 141
2111 142
12474 143
33413 145
25674 146
8464 148
24067 149
25747 157
21404 158
16126 159
24319 162
39611 164
18388 165
3733 169
21171 174
35856 182
8881 183
32976 184
11078 186
20409 187
38707 189
11243 192
33696 193
33657 195
20812 196
11740 203
31257 204
32546 205
9001 210
20038 211
39674 220
26091 222
40047 223
34726 224
35906 225
3772 226
9136 228
39716 229
11385 230
13961 232
25341 233
28134 235
8946 236
36438 238
830 239
3874 253
20267 254
11176 255
22128 256
4394 257
13227 258
3929 259
17345 260
21642 262
28522 263
31645 264
6629 267
36021 268
34565 269
33981 273
31235 274
26469 281
40128 282
10037 283
3811 284
32149 286
15361 287
7231 293
42498 294
39310 295
19329 296
313 299
31605 300
31232 303
29154 304
23214 306
31907 307
29618 311
34138 312
34281 313
40601 318
11570 320
9040 322
7238 323
29966 325
12052 326
5843 327
42298 329
16567 330
18986 331
18167 335
11609 336
17250 337
31878 338
22760 341
18441 342
38070 347
45239 351
39724 352
43640 355
4226 356
1402 358
21279 359
33740 360
40488 361
17474 363
6957 364
19935 366
15245 367
4017 373
18299 374
22917 380
35807 381
20641 388
13156 389
14706 393
30648 397
21907 398
26843 399
16856 400
41809 401
33184 404
4644 405
34403 406
38441 408
23211 410
18709 413
13609 414
11696 415
39008 419
27745 420
15063 424
15797 425
8461 426
6484 427
927 428
22886 431
11524 433
11544 434
22035 438
39395 442
17234 443
10454 444
1297 445
22206 446
8071 448
2714 449
22028 450
12234 453
35613 454
24448 455
34418 457
20958 458
35294 460
2313 461
7614 463
4268 466
17201 473
22919 474
40305 475
13563 476
16614 479
17663 480
7514 484
29184 485
42243 487
30888 489
7747 490
14189 497
26109 498
634 499
36627 501
20305 502
30974 506
16605 514
11266 519
28161 520
40842 523
15195 524
1907 526
4404 527
5265 532
18843 533
24264 534
33627 539
39956 540
24356 543
44367 547
43844 548
37258 549
39535 550
38465 554
10883 555
40750 556
3639 559
17820 561
29191 562
8649 564
37481 565
20172 567
26564 568
1029 572
25440 574
19104 575
1133 578
32125 579
28313 580
43097 586
22864 588
45268 589
2022 591
9033 594
1201 597
35819 598
25753 600
26058 601
39597 602
31984 604
44803 605
35621 609
31910 610
23220 611
5971 614
24714 615
33620 617
37794 619
16609 620
1876 624
32807 625
43499 627
22660 628
2054 630
43281 634
29548 635
8348 636
42103 638
23008 639
19323 642
18975 643
26877 645
2896 646
34368 648
9447 649
43733 652
15839 654
3914 655
37974 657
13029 658
1295 661
29554 662
41089 666
40483 667
12887 668
38322 671
6393 674
243 677
7621 678
26382 680
45344 681
7190 683
41146 684
25528 686
16144 688
24049 689
24139 692
34319 694
39921 695
4499 700
31205 701
9927 703
13891 704
4162 707
19983 709
16859 710
32829 712
25378 713
6060 715
39653 716
12492 719
25834 720
17021 723
14740 724
5909 725
7602 727
38103 728
20384 729
11497 733
11107 734
15909 737
10202 739
26505 740
8335 742
24141 743
38336 746
3978 747
39854 751
34063 752
11156 757
17521 758
11413 763
9327 765
14945 766
17783 772
76 774
411 775
23709 778
38051 779
14972 781
30341 782
22404 788
16432 789
5270 793
6206 795
33348 796
11718 800
12483 801
21799 808
15423 809
7805 811
7654 812
41551 814
14561 815
4831 818
23788 820
40122 821
27541 829
39037 830
38970 832
33349 833
3589 837
1356 838
23182 839
7371 841
5095 843
9210 846
40589 847
36633 848
19522 850
22365 851
1630 854
30595 855
15589 859
28460 861
27789 862
12273 864
7929 866
28996 867
23370 868
19246 869
34243 870
21371 872
9893 873
45115 874
38500 880
21521 881
40120 882
41769 884
17257 885
11443 887
17206 889
15295 890
5537 894
32579 895
40285 897
18282 898
22517 902
41502 903
22102 906
25252 910
24255 912
8598 913
36360 914
9652 915
18650 916
1267 922
27668 923
17285 927
31102 936
27806 937
11689 938
11044 940
31580 942
26377 943
25837 944
39325 947
2534 948
39297 952
29800 954
35875 955
24546 956
5228 958
4730 959
16726 960
2819 961
1415 962
19600 964
20521 966
232 967
33729 975
36391 976
5122 977
16694 978
10090 982
19989 983
3474 985
1431 987
17953 988
3864 989
41528 991
15971 992
43934 996
1474 999
16148 1001
17317 1004
3779 1005
35644 1011
24286 1012
11551 1015
37022 1016
23627 1021
40635 1022
19634 1023
8067 1024
41603 1027
26358 1028
27870 1029
37252 1039
9568 1040
19744 1047
34866 1050
43633 1051
18575 1052
6894 1055
24134 1056
10189 1057
15567 1058
30060 1059
21210 1061
8313 1062
44628 1065
9186 1066
15439 1068
14242 1069
33110 1073
33077 1074
40676 1076
40778 1077
9311 1081
18882 1082
27294 1084
43632 1085
42476 1086
19535 1087
43643 1092
43674 1093
14061 1096
37744 1097
2941 1103
41300 1104
38674 1107
37460 1108
39020 1109
29486 1111
35523 1114
5217 1115
20910 1116
14362 1121
38469 1122
29326 1123
35941 1125
20895 1126
4605 1129
37166 1130
34144 1131
5796 1133
20283 1135
21481 1136
32828 1138
6941 1139
34548 1142
30775 1144
36029 1145
4847 1146
4242 1148
12593 1149
28480 1156
3852 1159
33460 1161
36268 1163
616 1167
45028 1168
34208 1169
13375 1174
17622 1176
42042 1177
43579 1178
33960 1180
10616 1181
31623 1185
12861 1186
14662 1188
33602 1189
8694 1191
18731 1192
38828 1193
24800 1195
10423 1196
14948 1198
14546 1199
261 1200
40688 1202
5799 1204
28598 1206
16200 1207
23915 1210
39242 1213
2675 1214
6943 1215
32414 1217
23052 1218
42679 1221
24221 1223
5034 1224
29601 1226
12304 1227
12551 1228
42509 1230
5968 1233
30188 1235
34976 1236
37623 1237
38363 1238
44974 1240
5608 1241
22523 1244
23143 1245
16385 1247
42316 1248
26150 1249
12099 1252
14773 1253
32692 1255
7148 1256
4202 1258
2703 1259
6750 1262
1882 1263
10130 1265
6229 1266
17133 1268
22303 1269
21179 1272
8429 1273
9585 1274
44032 1275
15778 1278
21167 1280
23893 1281
41127 1283
21728 1284
15280 1286
4318 1287
27201 1289
2314 1290
40233 1294
34569 1295
19853 1296
23394 1297
26957 1298
4326 1302
8672 1303
34031 1304
16094 1306
3217 1307
6598 1308
45087 1309
38105 1310
29477 1314
26986 1315
37842 1316
40477 1317
15943 1320
13504 1321
28433 1323
26212 1325
26296 1326
35443 1329
39539 1330
3052 1331
37342 1333
34600 1334
28493 1337
12761 1338
44971 1340
18506 1341
18320 1345
10683 1346
8775 1347
6892 1348
8215 1350
8894 1351
42608 1355
27463 1356
18497 1357
22677 1359
4232 1360
16660 1362
16487 1364
32646 1365
18367 1370
4173 1371
33907 1373
11656 1374
18962 1376
31698 1378
13546 1379
3358 1383
23567 1384
30485 1386
21422 1387
29863 1392
45146 1394
38135 1395
37493 1401
41529 1402
36070 1403
11670 1406
11062 1407
14365 1408
17358 1413
42621 1414
8194 1415
38551 1417
18857 1418
20614 1419
640 1420
25315 1422
6285 1423
35303 1425
18290 1426
10500 1432
16831 1433
2336 1435
28962 1436
33461 1437
12172 1440
21241 1441
4793 1443
38203 1444
28095 1446
15738 1447
8885 1450
20503 1451
31813 1456
1349 1457
11036 1458
4117 1463
17857 1464
2351 1466
27250 1467
26541 1469
18571 1470
40268 1474
11470 1476
30252 1477
16236 1478
29139 1482
22662 1484
23948 1485
223 1486
32626 1488
29977 1491
9859 1492
33262 1495
31574 1496
18377 1497
36866 1498
32127 1500
19347 1504
30765 1505
16064 1514
35359 1515
45367 1517
39411 1518
42017 1520
1016 1521
13639 1522
32887 1524
30473 1525
20341 1528
22534 1529
3695 1530
31468 1535
15758 1536
20850 1537
4558 1538
19562 1542
12186 1543
31400 1545
33624 1546
8236 1548
32718 1549
17933 1554
28770 1555
8667 1556
25826 1558
23112 1559
4372 1563
30753 1564
37634 1566
19863 1567
37875 1570
45092 1571
45067 1576
13462 1578
28595 1579
32644 1581
3176 1582
9195 1592
43067 1593
5544 1594
3659 1595
22469 1596
3169 1597
43226 1598
9537 1600
8630 1601
43732 1603
31693 1604
43725 1607
1640 1608
27436 1609
23086 1611
13717 1612
10036 1613
32566 1614
780 1615
23081 1617
29342 1620
9482 1621
7487 1623
37276 1625
33123 1628
23718 1629
37050 1630
13894 1631
13620 1636
20634 1637
13748 1638
36523 1641
3240 1643
39000 1644
18363 1645
31175 1649
902 1650
14071 1653
26178 1655
43993 1656
12178 1658
41104 1659
39098 1661
26685 1662
41081 1664
30817 1666
3731 1667
15187 1669
29246 1670
1933 1674
16110 1675
20698 1677
39968 1678
14282 1680
2830 1681
36137 1684
35012 1685
4166 1688
31486 1690
28338 1692
20934 1693
18691 1695
14967 1698
22852 1701
16850 1702
4986 1705
25369 1706
45336 1707
10943 1709
26473 1710
43263 1714
28672 1715
36208 1718
12115 1719
25943 1721
44562 1722
27960 1726
31831 1727
30517 1729
15503 1730
40695 1732
29892 1734
31880 1735
36215 1740
5253 1742
3925 1743
9714 1747
36591 1748
29687 1749
14476 1752
18927 1753
13215 1755
39706 1756
25053 1757
11104 1763
31963 1764
2627 1766
7810 1767
5946 1771
16284 1773
42013 1774
31099 1775
6029 1777
22781 1779
28416 1780
44512 1784
34635 1786
24723 1787
34675 1789
21012 1791
1259 1792
2320 1795
11978 1796
38527 1798
28507 1799
10774 1802
40566 1803
33320 1805
11461 1806
20858 1809
20814 1810
38597 1812
31385 1813
16995 1818
28953 1819
27226 1820
7764 1822
19030 1824
42499 1825
35280 1832
12462 1833
43828 1834
29365 1836
40613 1837
3118 1839
35170 1841
1477 1842
43255 1846
33644 1847
24876 1848
41266 1849
15171 1853
40264 1854
35355 1855
21766 1856
31367 1860
10898 1861
20278 1863
25714 1866
39396 1867
38110 1868
17122 1875
20074 1876
3600 1877
39065 1878
773 1879
1093 1880
34385 1881
37440 1882
4281 1885
27562 1886
30219 1888
36682 1889
9141 1890
28330 1894
33411 1895
16391 1896
21407 1899
4705 1900
27815 1903
1702 1904
37233 1905
15555 1909
3654 1910
43341 1913
9376 1914
37353 1915
41477 1919
22544 1920
12561 1924
18656 1925
6225 1928
40726 1929
37607 1930
24487 1931
13673 1932
27059 1933
26300 1935
6601 1936
27404 1941
27931 1944
20872 1945
44320 1948
39596 1950
42331 1951
4347 1953
23515 1955
41032 1958
31065 1959
20541 1961
6991 1962
12478 1963
40429 1964
16067 1966
39067 1967
1870 1969
4511 1970
15457 1971
11831 1973
4701 1975
17367 1976
14947 1981
33336 1982
22550 1983
5600 1984
19931 1985
18946 1986
2076 1989
6471 1991
9336 1992
34638 1993
12007 1994
19569 1996
38700 1997
10051 1998
