1 2 0.12085399999999999
2 3 0.108497
3 4 0.108848
4 5 0.11283
5 6 0.1122
6 7 0.19768
7 8 0.215439
8 9 11.545783
8 10 0.151367
10 11 10.195867999999999
10 12 10.476186
7 13 0.11155
13 14 11.877212
13 15 0.160219
15 16 12.801148000000001
15 17 12.294556
6 18 10.985062
5 19 0.13964400000000002
19 20 0.182359
20 21 0.0288
21 22 10.826104
21 23 10.611582
20 24 10.923986
19 25 0.15789899999999998
25 26 0.083128
26 27 0.056421
27 28 0.261833
28 29 0.085594
29 30 0.182905
30 31 11.441492
30 32 0.213123
32 33 10.320293
32 34 10.096551
29 35 0.105309
35 36 0.062401000000000005
36 37 1.01698
37 38 11.071076
37 39 2.5614209999999997
39 40 7.499496
39 41 11.045803999999999
36 42 0.069418
42 43 0.115687
43 44 0.304676
44 45 12.146922
44 46 0.205664
46 47 0.259323
47 48 12.875368000000002
47 49 0.113451
49 50 0.173659
50 51 0.159231
51 52 13.776362
51 53 0.163638
53 54 0.200488
54 55 0.240918
55 56 0.9879539999999999
56 57 14.445259
56 58 14.138322
55 59 13.091162
54 60 0.188312
60 61 0.240757
61 62 15.289902999999999
61 63 0.129068
63 64 14.172639
63 65 0.161686
65 66 15.72215
65 67 15.541141999999999
60 68 0.030227
68 69 0.189192
69 70 0.293149
70 71 13.857753
70 72 15.619064999999999
69 73 0.177396
73 74 0.184015
74 75 14.911691999999999
74 76 16.649346
73 77 0.469962
77 78 0.264013
78 79 16.145159
78 80 0.33718899999999996
80 81 17.844966
80 82 20.053801
77 83 16.271503000000003
68 84 0.087502
84 85 0.356473
85 86 0.082678
86 87 14.806428999999998
86 88 15.09574
85 89 15.18742
84 90 0.19533100000000003
90 91 0.195194
91 92 0.066424
92 93 0.579314
93 94 15.504487000000001
93 95 16.141621
92 96 0.25012
96 97 15.432773999999998
96 98 15.532772
91 99 0.276515
99 100 0.15584
100 101 17.260057
100 102 0.17933000000000002
102 103 17.330856
102 104 17.377779
99 105 15.241864
90 106 0.150767
106 107 0.102141
107 108 15.360561
107 109 0.19664800000000002
109 110 14.877669
109 111 0.49876699999999996
111 112 15.503218999999998
111 113 14.909370999999998
106 114 0.28173400000000004
114 115 0.060563
115 116 0.05603999999999999
116 117 0.195685
117 118 1.163786
118 119 0.564872
119 120 17.76772
119 121 20.939213000000002
118 122 21.851122
117 123 16.116095
116 124 0.128645
124 125 15.700534
124 126 16.41346
115 127 0.230366
127 128 0.374493
128 129 0.20351100000000003
129 130 16.049059
129 131 0.135543
131 132 17.160047
131 133 15.762113999999999
128 134 0.15803799999999998
134 135 0.339597
135 136 16.567636
135 137 18.098464
134 138 15.845005
127 139 0.23645
139 140 0.377723
140 141 0.630956
141 142 18.008257999999998
141 143 16.23249
140 144 0.275573
144 145 0.23521000000000003
145 146 19.921965
145 147 17.891731
144 148 0.572956
148 149 19.672414999999997
148 150 0.659358
150 151 20.392703
150 152 18.48437
139 153 16.595108
114 154 0.086544
154 155 16.955412
154 156 0.409539
156 157 16.526408
156 158 0.21115
158 159 20.902797
158 160 16.357943
53 161 0.119191
161 162 13.353154
161 163 13.529024
50 164 0.151028
164 165 0.12466300000000001
165 166 0.044656
166 167 0.8384020000000001
167 168 12.734103
167 169 2.546628
169 170 4.573784
170 171 3.337461
171 172 2.1589810000000003
171 173 2.987765
170 174 4.935614
169 175 11.525748
166 176 0.313991
176 177 0.027655
177 178 5.2664089999999995
178 179 8.490722
178 180 9.331482000000001
177 181 0.10466099999999999
181 182 1.6389999999999998
182 183 12.68668
182 184 12.366489
181 185 0.212663
185 186 0.08226499999999999
186 187 0.39081000000000005
187 188 5.4786790000000005
188 189 7.834544999999999
189 190 1.116716
189 191 1.0100390000000001
188 192 8.584
187 193 13.927956
186 194 0.152041
194 195 0.111772
195 196 1.6798
196 197 2.640114
197 198 12.11267
197 199 12.770359000000001
196 200 0.8982739999999999
200 201 10.273311999999999
201 202 2.425078
201 203 2.2112469999999997
200 204 0.961269
204 205 7.411522
205 206 5.504008
205 207 5.384975
204 208 8.741179
208 209 3.2649610000000004
208 210 3.753329
195 211 0.232285
211 212 4.707327
212 213 12.103195
212 214 12.269412
211 215 15.730785
194 216 0.125558
216 217 0.228996
217 218 3.4762139999999997
218 219 11.649936
218 220 11.999574
217 221 0.40503
221 222 1.3848179999999999
222 223 0.9951800000000001
223 224 1.062875
224 225 10.854685
224 226 12.752291
223 227 12.165539
222 228 1.4319790000000001
228 229 13.138437
228 230 3.333277
230 231 1.298502
231 232 5.953221999999999
231 233 8.593779999999999
230 234 8.144288
221 235 0.687605
235 236 3.508301
236 237 2.4269369999999997
237 238 8.552426
238 239 0.502238
238 240 0.47606899999999996
237 241 1.8155029999999999
241 242 7.040598000000001
241 243 8.527245
236 244 10.509048
235 245 15.063583999999999
216 246 0.168683
246 247 0.25744700000000004
247 248 0.172643
248 249 0.34057699999999996
249 250 18.364433
249 251 0.317121
251 252 3.257786
252 253 13.517847
252 254 16.596998
251 255 0.136682
255 256 0.312288
256 257 0.33278800000000003
257 258 0.44202800000000003
258 259 0.348218
259 260 20.846533
259 261 0.161191
261 262 0.666034
262 263 3.3549589999999996
263 264 20.218584
263 265 19.509192
262 266 18.082727000000002
261 267 2.694321
267 268 1.465528
268 269 16.990441
268 270 14.740737000000001
267 271 1.880787
271 272 1.401734
272 273 1.130224
273 274 2.224078
274 275 2.920447
275 276 11.799982
275 277 0.726602
277 278 5.658913
277 279 11.610334
274 280 0.7455459999999999
280 281 10.075056
280 282 5.833068
282 283 7.06064
282 284 6.72073
273 285 0.703532
285 286 0.8416140000000001
286 287 0.084856
287 288 2.666172
288 289 9.243414
288 290 9.17428
287 291 9.520132
286 292 11.899405999999999
285 293 12.657961
272 294 9.255982
294 295 5.041601
294 296 6.442874
271 297 16.709908000000002
258 298 8.102391
298 299 12.010201
298 300 11.426635000000001
257 301 0.467515
301 302 1.20855
302 303 21.227968
302 304 20.796702
301 305 0.49551300000000004
305 306 0.28378000000000003
306 307 5.068045000000001
307 308 4.164598
308 309 10.492086
308 310 10.179969
307 311 13.891549
306 312 17.794567
305 313 10.453672
313 314 8.440577000000001
313 315 8.318249
256 316 17.574671
255 317 1.281705
317 318 18.375358
317 319 18.587636
248 320 0.140118
320 321 3.141884
321 322 14.900274
321 323 14.874290000000002
320 324 0.128002
324 325 19.162756
324 326 0.265147
326 327 18.805142999999997
326 328 1.718038
328 329 15.561551000000001
328 330 16.509908
247 331 1.0757430000000001
331 332 14.629096
331 333 0.407059
333 334 13.79582
333 335 13.681848999999998
246 336 0.13837000000000002
336 337 0.131283
337 338 0.377631
338 339 13.483458
339 340 2.0536559999999997
339 341 2.199854
338 342 16.631387
337 343 0.33316999999999997
343 344 16.052798
344 345 0.5226999999999999
344 346 0.583212
343 347 0.248776
347 348 16.074115
347 349 4.427799
349 350 2.2945819999999997
350 351 9.397123
351 352 0.560112
351 353 0.439463
353 354 0.086892
353 355 0.168319
350 356 9.722401
349 357 13.581641
336 358 0.460366
358 359 0.636254
359 360 16.72015
359 361 0.336422
361 362 17.497394
361 363 0.686357
363 364 16.635724
363 365 18.030375000000003
358 366 0.19583899999999999
366 367 16.515369999999997
366 368 19.894668
185 369 0.035546
369 370 0.151772
370 371 0.174545
371 372 4.732882
372 373 1.8906280000000002
373 374 6.733169999999999
373 375 7.431016
372 376 8.61554
371 377 5.363885
377 378 8.900123
377 379 9.475037
370 380 0.042118
380 381 3.7429530000000004
381 382 10.539799
381 383 11.195632
380 384 1.499497
384 385 14.374116
384 386 14.379606
369 387 3.9402369999999998
387 388 13.107372
387 389 12.413683
176 390 0.07267900000000001
390 391 0.314385
391 392 0.43398000000000003
392 393 1.212271
393 394 4.4073340000000005
394 395 8.661687
394 396 8.43742
393 397 12.755575
392 398 5.18926
398 399 7.544098000000001
398 400 10.23557
391 401 1.644922
401 402 12.929827999999999
401 403 13.739673999999999
390 404 0.264491
404 405 1.001034
405 406 13.181692
405 407 2.407419
407 408 10.372718
407 409 11.91567
404 410 13.333291
165 411 7.313701999999999
411 412 6.004833
411 413 1.8216240000000001
413 414 6.634016
413 415 2.8938450000000002
164 416 13.094715
49 417 0.185116
417 418 0.113342
418 419 0.591903
419 420 13.65299
419 421 14.420169999999999
418 422 0.122886
422 423 0.10659
423 424 12.723764000000001
423 425 0.185636
425 426 12.077454999999999
425 427 12.380222999999999
422 428 0.07352
428 429 0.193158
429 430 0.047234000000000005
430 431 0.061498
431 432 13.598008
431 433 0.481108
433 434 12.023925
433 435 11.795727
430 436 0.209663
436 437 12.169185
436 438 12.883984000000002
429 439 0.118919
439 440 11.854936
439 441 0.11869199999999999
441 442 0.7370869999999999
442 443 10.803828
442 444 11.356954
441 445 12.257384
428 446 0.23817500000000003
446 447 12.927401999999999
446 448 13.912241
417 449 0.15493200000000001
449 450 0.167546
450 451 0.372752
451 452 0.101698
452 453 11.618846
452 454 11.647849
451 455 12.424886
450 456 0.168242
456 457 0.10321
457 458 0.338447
458 459 12.796437
458 460 12.894758000000001
457 461 0.140073
461 462 11.565201
461 463 11.191073
456 464 0.46569699999999997
464 465 10.9178
464 466 11.455658
449 467 12.420847
46 468 13.192942999999998
43 469 0.25757
469 470 0.260409
470 471 0.8294889999999999
471 472 13.493863000000001
471 473 12.027191
470 474 11.803433
469 475 1.288134
475 476 12.036716
475 477 3.7278520000000004
477 478 6.718043
478 479 0.119587
478 480 0.178159
477 481 0.555458
481 482 3.1015580000000003
482 483 5.39305
482 484 2.901293
481 485 6.128557
485 486 0.22161
485 487 0.288812
42 488 0.100832
488 489 0.8548220000000001
489 490 0.15765600000000002
490 491 0.06462599999999999
491 492 10.616779
491 493 11.033583
490 494 0.96685
494 495 10.031373
494 496 9.87505
489 497 1.650086
497 498 9.421375
497 499 2.530986
499 500 7.487175
499 501 7.442641999999999
488 502 1.168253
502 503 10.371212
502 504 10.683658
35 505 0.035959000000000005
505 506 0.09478600000000001
506 507 0.347498
507 508 2.736198
508 509 8.352364
508 510 8.363927
507 511 2.878435
511 512 9.871129
511 513 9.524873
506 514 0.111904
514 515 0.111429
515 516 0.081698
516 517 0.121919
517 518 12.827923
517 519 2.101894
519 520 10.021073
519 521 9.885349999999999
516 522 0.068159
522 523 0.166625
523 524 0.31197
524 525 13.075413999999999
524 526 12.615781
523 527 12.958977999999998
522 528 0.256067
528 529 6.811469000000001
529 530 4.766527
529 531 5.271754
528 532 7.650461999999999
532 533 4.004945
532 534 4.331933
515 535 0.143771
535 536 10.883799
535 537 0.5661160000000001
537 538 0.376231
538 539 10.811588
538 540 11.56187
537 541 0.8732369999999999
541 542 1.329115
542 543 10.202682000000001
542 544 12.000634999999999
541 545 12.069438
514 546 0.018233
546 547 0.15981299999999998
547 548 0.10396
548 549 0.7107279999999999
549 550 1.056168
550 551 9.551429
550 552 1.9968489999999999
552 553 10.503865
552 554 11.189032000000001
549 555 10.959996
548 556 2.0048719999999998
556 557 10.3348
556 558 9.380215
558 559 0.783378
558 560 0.70535
547 561 12.168079
546 562 0.120736
562 563 0.11653
563 564 0.12023500000000001
564 565 3.095541
565 566 4.100918
566 567 6.763890999999999
566 568 4.380303
565 569 10.042
564 570 1.849163
570 571 9.967232
570 572 9.59891
563 573 0.043259
573 574 9.388174000000001
574 575 3.12874
574 576 3.336594
573 577 13.219227
562 578 3.3813169999999997
578 579 8.69158
578 580 3.409654
580 581 5.019842
580 582 5.784071
505 583 0.052924000000000006
583 584 2.823146
584 585 9.099738
584 586 8.807535
583 587 11.107096
28 588 0.068486
588 589 0.031569
589 590 0.19741
590 591 0.816304
591 592 0.867391
592 593 8.697823
592 594 1.7232750000000001
594 595 5.273022
594 596 6.977084
591 597 9.436735
590 598 0.21517200000000003
598 599 0.16378199999999998
599 600 0.10141499999999999
600 601 9.219826000000001
600 602 9.325474
599 603 9.936867000000001
598 604 10.119076
589 605 0.08592899999999999
605 606 0.142001
606 607 0.7093320000000001
607 608 1.083922
608 609 8.561952999999999
608 610 2.709846
610 611 5.645552
610 612 5.838923
607 613 2.504977
613 614 6.9825289999999995
613 615 5.076169
615 616 3.3706229999999997
615 617 3.094711
606 618 10.921357
605 619 0.086466
619 620 0.031318
620 621 0.039297
621 622 1.395944
622 623 9.009967000000001
622 624 8.429421
621 625 0.10690000000000001
625 626 0.076924
626 627 0.500676
627 628 9.844228
627 629 1.8210199999999999
629 630 9.52544
629 631 0.8318549999999999
631 632 6.113686
631 633 8.560921
626 634 0.054852000000000005
634 635 0.10030399999999999
635 636 2.243719
636 637 2.732679
637 638 3.411079
638 639 2.341694
639 640 0.21874
639 641 0.164076
638 642 2.2095610000000003
637 643 1.475139
643 644 4.227087999999999
643 645 3.9396500000000003
636 646 1.32344
646 647 1.7811919999999999
647 648 5.585732
647 649 4.165438
649 650 2.6878699999999998
649 651 2.565213
651 652 0.31253600000000004
651 653 0.282955
646 654 6.667339999999999
635 655 0.266474
655 656 0.35524300000000003
656 657 1.333288
657 658 13.141606
657 659 18.121686
656 660 0.8513919999999999
660 661 1.6458879999999998
661 662 0.19969900000000002
662 663 17.962425
663 664 7.248652999999999
663 665 1.6049600000000002
665 666 0.7203
666 667 3.756477
667 668 0.66578
667 669 0.440133
666 670 3.431953
670 671 0.167601
670 672 0.130145
665 673 1.518774
673 674 3.3252950000000006
674 675 0.246686
674 676 0.17866500000000002
676 677 0.161575
676 678 0.178706
673 679 2.100588
679 680 0.39461599999999997
679 681 0.264678
681 682 0.07742600000000001
681 683 0.07144700000000001
683 684 0.08946899999999999
683 685 0.059404
685 686 0.158414
685 687 0.096797
662 688 0.473961
688 689 16.46321
688 690 0.699699
690 691 15.840196
690 692 22.654062
661 693 1.194032
693 694 0.728774
694 695 12.755184
694 696 12.08531
693 697 23.771439
660 698 18.35005
655 699 0.046204
699 700 0.634053
700 701 1.099668
701 702 0.733159
702 703 7.872923
702 704 8.715763
701 705 8.922307
700 706 0.572825
706 707 0.6480480000000001
707 708 1.384596
708 709 1.155771
709 710 3.4004600000000003
710 711 3.19397
710 712 4.462346999999999
709 713 8.041479
708 714 7.3831489999999995
707 715 1.243275
715 716 10.473811
715 717 8.050222
717 718 1.787425
717 719 1.4452420000000001
706 720 3.0319019999999997
720 721 9.178395
720 722 9.451975
699 723 12.111354
634 724 1.01825
724 725 9.595493
724 726 1.7028910000000002
726 727 7.631288
726 728 2.95995
728 729 5.11799
728 730 1.326076
730 731 6.8800349999999995
730 732 4.051484
625 733 0.006993
733 734 1.908071
734 735 1.348527
735 736 2.80281
736 737 3.516796
736 738 1.098262
738 739 2.499388
738 740 2.264542
735 741 8.139342
734 742 2.253664
742 743 1.303435
743 744 4.936472
743 745 4.804064
742 746 5.714855
733 747 0.042061
747 748 0.09819399999999999
748 749 0.032224
749 750 0.038096
750 751 0.076985
751 752 0.139643
752 753 0.195639
753 754 3.008826
754 755 2.4108899999999998
755 756 5.325566
755 757 3.819479
754 758 6.011057999999999
753 759 0.45778399999999997
759 760 8.521505
759 761 9.130558
752 762 9.603383000000001
751 763 0.011472999999999999
763 764 9.457902
763 765 0.954888
765 766 1.1353179999999998
766 767 1.560992
767 768 4.875625
767 769 0.271121
769 770 0.767065
770 771 0.367568
771 772 1.3569639999999998
772 773 1.532402
772 774 3.6568789999999995
771 775 2.8540099999999997
770 776 4.864248
769 777 4.299928
766 778 0.6840630000000001
778 779 7.879634
778 780 6.5397620000000005
765 781 10.177687
750 782 0.398586
782 783 0.175843
783 784 0.376772
784 785 2.45648
785 786 6.324003
785 787 6.223849
784 788 0.147465
788 789 1.541909
789 790 6.875729999999999
789 791 7.543666
788 792 0.488124
792 793 0.477224
793 794 2.595571
794 795 2.239793
795 796 2.618399
795 797 1.8052510000000002
794 798 4.906102
793 799 0.589909
799 800 0.577024
800 801 1.059152
801 802 4.519004
801 803 4.753646
800 804 0.732639
804 805 2.7485679999999997
805 806 2.067538
805 807 3.4620239999999995
804 808 5.439437
799 809 1.07387
809 810 5.7098450000000005
809 811 5.136603
792 812 1.134748
812 813 0.7926449999999999
813 814 1.135043
814 815 7.508487
814 816 2.338387
816 817 2.223552
817 818 2.280891
817 819 1.930084
816 820 4.305585
813 821 2.2823860000000002
821 822 3.488438
822 823 1.014993
822 824 1.707253
821 825 2.838657
825 826 1.907442
825 827 2.0057869999999998
812 828 0.486897
828 829 3.7541900000000004
829 830 3.3776599999999997
829 831 3.8107710000000004
828 832 0.244108
832 833 1.507381
833 834 3.803255
833 835 4.703764
832 836 0.534304
836 837 5.480927
836 838 0.495253
838 839 8.189962000000001
838 840 4.698171
783 841 0.32686400000000004
841 842 5.178864
842 843 1.400382
843 844 5.008357
843 845 2.6054250000000003
842 846 6.38354
841 847 1.004675
847 848 7.617336
847 849 3.1653100000000003
849 850 6.710186
849 851 7.836816000000001
782 852 0.128081
852 853 0.527416
853 854 0.035426
854 855 2.325899
855 856 6.669925
855 857 7.919611
854 858 1.066275
858 859 8.486597
858 860 1.253939
860 861 7.346953000000001
860 862 5.1158280000000005
853 863 1.13296
863 864 9.270739
863 865 2.787959
865 866 4.555888
865 867 4.333946
852 868 1.950917
868 869 7.616663
868 870 8.121321
749 871 0.125943
871 872 0.237486
872 873 7.751129
873 874 1.9817
873 875 2.2292739999999998
872 876 0.10722999999999999
876 877 0.219557
877 878 9.562167
877 879 9.833835
876 880 10.350413
871 881 9.614704999999999
748 882 0.265793
882 883 0.130221
883 884 0.392119
884 885 10.753571
884 886 0.32682
886 887 0.445511
887 888 0.38950999999999997
888 889 4.707187
889 890 5.995070999999999
889 891 4.511097
888 892 9.605872
887 893 10.201728000000001
886 894 9.890516
883 895 0.151864
895 896 0.115877
896 897 0.131115
897 898 0.392499
898 899 0.632263
899 900 2.1750570000000002
900 901 2.248055
901 902 5.110404
901 903 3.566755
900 904 10.555008
899 905 3.9127780000000003
905 906 6.167331
905 907 5.742494
898 908 0.617206
908 909 8.434041
908 910 9.558303
897 911 0.156822
911 912 0.43932299999999996
912 913 10.187462
912 914 0.73874
914 915 9.124725
914 916 0.30477299999999996
916 917 8.221332
916 918 0.663185
918 919 8.135393
918 920 0.19616899999999998
920 921 0.36251500000000003
921 922 7.603408
921 923 7.028663
920 924 0.435018
924 925 8.732846
924 926 6.494717
911 927 1.156075
927 928 7.347302999999999
928 929 1.696293
928 930 1.366233
927 931 9.815606
896 932 0.915933
932 933 1.08145
933 934 3.062595
934 935 5.766045
934 936 5.208008
933 937 7.634981000000001
932 938 0.851902
938 939 0.8217949999999999
939 940 8.336703
939 941 6.890859000000001
938 942 0.98063
942 943 7.339662
942 944 0.8058080000000001
944 945 4.505989
945 946 1.207868
945 947 1.003957
944 948 8.063131
895 949 0.291475
949 950 1.305792
950 951 3.900737
951 952 5.650498000000001
951 953 5.153415
950 954 8.179229000000001
949 955 9.583191000000001
882 956 0.267938
956 957 9.490214
956 958 0.525471
958 959 1.195128
959 960 6.939491
959 961 0.833797
961 962 2.25147
962 963 6.568016
962 964 7.468565000000001
961 965 5.957802999999999
958 966 1.8062539999999998
966 967 6.583213000000001
966 968 8.176463
747 969 0.13328199999999998
969 970 2.18648
970 971 7.454281999999999
970 972 1.924706
972 973 5.7467820000000005
972 974 6.248114
969 975 0.753758
975 976 9.263422
975 977 9.537089
620 978 1.83615
978 979 8.180453
978 980 8.153022
619 981 3.063607
981 982 7.231455
981 983 7.315546
588 984 1.052606
984 985 4.7291039999999995
985 986 5.113622
985 987 4.797054
984 988 10.477191
27 989 1.246751
989 990 1.115868
990 991 8.39839
990 992 11.975919
989 993 0.85138
993 994 9.053187999999999
993 995 8.386199
26 996 0.099965
996 997 0.061051
997 998 10.278265000000001
997 999 0.097638
999 1000 0.17399900000000001
1000 1001 10.410392
1000 1002 0.170212
1002 1003 0.437917
1003 1004 10.281047000000001
1003 1005 9.923121
1002 1006 10.578672000000001
999 1007 0.410859
1007 1008 9.724408
1007 1009 10.394689999999999
996 1010 0.122049
1010 1011 10.499569000000001
1010 1012 0.43194899999999997
1012 1013 9.923070000000001
1012 1014 10.153493
25 1015 0.160164
1015 1016 0.15210300000000002
1016 1017 0.211203
1017 1018 10.864558
1017 1019 11.381294
1016 1020 11.294539
1015 1021 0.204128
1021 1022 10.973485
1021 1023 12.080534
4 1024 0.328194
1024 1025 1.1573820000000001
1025 1026 0.575434
1026 1027 8.521604
1026 1028 2.452449
1028 1029 8.776692
1028 1030 5.472563
1025 1031 10.441155
1024 1032 9.752869
3 1033 0.352704
1033 1034 11.378188
1033 1035 9.676682
2 1036 0.07767600000000001
1036 1037 0.028867999999999998
1037 1038 0.128358
1038 1039 9.078486
1038 1040 10.062306
1037 1041 0.066838
1041 1042 0.22094800000000003
1042 1043 9.115907
1042 1044 0.624629
1044 1045 9.187510999999999
1044 1046 8.889903
1041 1047 0.058112
1047 1048 0.077878
1048 1049 0.09780900000000001
1049 1050 0.075639
1050 1051 0.081599
1051 1052 0.591843
1052 1053 0.747522
1053 1054 7.09066
1053 1055 3.479311
1055 1056 4.591273
1055 1057 4.894053
1052 1058 7.8658339999999995
1051 1059 9.318833
1050 1060 9.805150999999999
1049 1061 0.07271
1061 1062 0.116701
1062 1063 8.374713
1062 1064 8.681858
1061 1065 0.12358
1065 1066 0.141449
1066 1067 8.777557
1066 1068 8.704365
1065 1069 0.12211
1069 1070 8.904427
1069 1071 0.18565
1071 1072 0.10237099999999999
1072 1073 8.106119
1072 1074 1.655684
1074 1075 7.211848
1074 1076 8.058249
1071 1077 0.18773299999999998
1077 1078 0.06830599999999999
1078 1079 0.104497
1079 1080 0.0967
1080 1081 0.148362
1081 1082 0.033692
1082 1083 0.093335
1083 1084 0.08219800000000001
1084 1085 0.154755
1085 1086 0.095959
1086 1087 0.096235
1087 1088 8.331083
1087 1089 1.6008609999999999
1089 1090 8.121906
1089 1091 1.639898
1091 1092 5.5493250000000005
1091 1093 5.679939
1086 1094 8.288495
1085 1095 0.148867
1095 1096 0.054055
1096 1097 0.278546
1097 1098 1.091977
1098 1099 7.263514
1098 1100 3.348991
1100 1101 4.709986
1100 1102 5.498436
1097 1103 0.896539
1103 1104 7.85358
1103 1105 9.032851
1096 1106 1.761809
1106 1107 6.862982
1106 1108 1.941782
1108 1109 6.150029
1108 1110 5.036700000000001
1095 1111 0.157955
1111 1112 0.306737
1112 1113 8.618297
1112 1114 7.842784
1111 1115 0.161149
1115 1116 8.654114
1115 1117 8.997949
1084 1118 0.058585
1118 1119 0.055788
1119 1120 8.247251
1119 1121 0.382056
1121 1122 0.762521
1122 1123 2.647729
1123 1124 4.788158
1123 1125 4.229282
1122 1126 8.113649
1121 1127 8.744072
1118 1128 0.057527999999999996
1128 1129 0.153706
1129 1130 7.9900009999999995
1129 1131 0.070399
1131 1132 8.695806000000001
1131 1133 8.4033
1128 1134 7.736553
1083 1135 0.076457
1135 1136 8.215598
1135 1137 0.216984
1137 1138 7.115928
1137 1139 0.157573
1139 1140 6.975065
1139 1141 7.401795999999999
1082 1142 0.037417
1142 1143 0.292582
1143 1144 0.11741399999999999
1144 1145 0.535548
1145 1146 6.6004309999999995
1145 1147 7.2660089999999995
1144 1148 6.84429
1143 1149 0.8369669999999999
1149 1150 0.373804
1150 1151 5.956918
1150 1152 5.995443
1149 1153 0.444996
1153 1154 1.060554
1154 1155 6.0400290000000005
1154 1156 5.019095
1153 1157 6.531960000000001
1142 1158 0.075467
1158 1159 0.060793999999999994
1159 1160 0.094919
1160 1161 6.888617
1160 1162 7.062893000000001
1159 1163 0.057275999999999994
1163 1164 0.095723
1164 1165 7.088469
1164 1166 7.160787
1163 1167 0.027894
1167 1168 0.177396
1168 1169 7.006759999999999
1168 1170 0.20293799999999998
1170 1171 1.1309069999999999
1171 1172 5.771241
1171 1173 8.86083
1170 1174 6.972028
1167 1175 0.18947
1175 1176 7.451236999999999
1175 1177 6.670413
1158 1178 0.23798999999999998
1178 1179 8.240344
1178 1180 0.07991899999999999
1180 1181 0.07965900000000001
1181 1182 0.22062900000000002
1182 1183 0.153141
1183 1184 7.498643
1183 1185 7.55878
1182 1186 7.03529
1181 1187 0.090409
1187 1188 7.9873009999999995
1187 1189 0.115634
1189 1190 7.641551000000001
1189 1191 7.713617
1180 1192 0.111749
1192 1193 0.130892
1193 1194 7.974753
1193 1195 7.678161
1192 1196 7.865705
1081 1197 0.087031
1197 1198 0.072487
1198 1199 0.154258
1199 1200 7.161687
1199 1201 7.087567999999999
1198 1202 0.162097
1202 1203 7.033826
1202 1204 0.048267
1204 1205 7.382267000000001
1204 1206 0.359119
1206 1207 8.446117000000001
1206 1208 7.632147
1197 1209 0.029531
1209 1210 0.25773100000000004
1210 1211 0.187424
1211 1212 6.865974
1211 1213 7.3832819999999995
1210 1214 0.176783
1214 1215 0.096481
1215 1216 0.8440080000000001
1216 1217 6.253986
1216 1218 7.0594980000000005
1215 1219 6.833576
1214 1220 6.889908
1209 1221 0.101823
1221 1222 7.553731
1221 1223 0.11321899999999999
1223 1224 7.627234
1223 1225 0.15668800000000002
1225 1226 7.889329
1225 1227 7.635979
1080 1228 0.142492
1228 1229 0.10239999999999999
1229 1230 0.09028
1230 1231 0.180788
1231 1232 0.031063999999999998
1232 1233 0.041212
1233 1234 0.087152
1234 1235 0.052105
1235 1236 0.147114
1236 1237 0.0931
1237 1238 0.23098200000000002
1238 1239 7.138032
1238 1240 0.571453
1240 1241 6.492641000000001
1240 1242 2.8863469999999998
1242 1243 3.4725939999999995
1242 1244 3.120345
1237 1245 0.34656499999999996
1245 1246 0.426494
1246 1247 7.1446629999999995
1246 1248 0.043768
1248 1249 6.932225
1248 1250 7.317031
1245 1251 6.921444
1236 1252 0.22026400000000002
1252 1253 6.643043
1252 1254 0.141305
1254 1255 5.935168
1254 1256 6.867895
1235 1257 0.167828
1257 1258 0.24063700000000002
1258 1259 1.262601
1259 1260 2.329451
1260 1261 0.6874520000000001
1261 1262 1.487305
1261 1263 1.426349
1263 1264 0.50688
1263 1265 0.47142699999999993
1260 1266 2.9918340000000003
1259 1267 3.01402
1267 1268 2.090419
1267 1269 1.8653449999999998
1258 1270 0.894061
1270 1271 1.7814279999999998
1271 1272 3.0168239999999997
1271 1273 2.767949
1270 1274 5.194327
1257 1275 1.9695259999999999
1275 1276 1.6056560000000002
1276 1277 2.8543
1276 1278 2.845402
1275 1279 4.902213
1234 1280 0.084313
1280 1281 0.12212200000000001
1281 1282 0.8131980000000001
1282 1283 6.116734
1282 1284 6.6437930000000005
1281 1285 6.3965
1280 1286 0.09613300000000001
1286 1287 0.094752
1287 1288 0.28285099999999996
1288 1289 7.170541
1288 1290 6.313083
1287 1291 0.039361
1291 1292 0.159432
1292 1293 0.06660200000000001
1293 1294 7.163759
1293 1295 0.21608
1295 1296 7.20059
1295 1297 0.221783
1297 1298 8.067262
1297 1299 6.8625549999999995
1292 1300 6.542288
1291 1301 0.061468
1301 1302 0.020458
1302 1303 0.232198
1303 1304 6.377268
1303 1305 6.595935
1302 1306 0.076181
1306 1307 6.558148
1306 1308 0.098594
1308 1309 0.13817600000000002
1309 1310 6.821562
1309 1311 7.172483000000001
1308 1312 6.731242
1301 1313 0.303872
1313 1314 6.823638999999999
1313 1315 6.915196
1286 1316 0.166726
1316 1317 0.10516
1317 1318 0.166672
1318 1319 6.125151
1318 1320 0.318915
1320 1321 5.638007
1320 1322 5.421117000000001
1317 1323 0.059377
1323 1324 6.16912
1323 1325 0.11931800000000001
1325 1326 0.11600099999999999
1326 1327 0.14171699999999998
1327 1328 0.31819000000000003
1328 1329 4.569519
1328 1330 0.190213
1330 1331 4.810213
1330 1332 0.204929
1332 1333 0.128971
1333 1334 4.26742
1333 1335 0.379539
1335 1336 0.563368
1336 1337 3.4457269999999998
1336 1338 4.040449
1335 1339 4.710983
1332 1340 0.076125
1340 1341 0.32723399999999997
1341 1342 2.136217
1342 1343 3.9540529999999996
1342 1344 3.595925
1344 1345 0.19442800000000002
1344 1346 0.188387
1341 1347 0.9661869999999999
1347 1348 4.56055
1347 1349 0.43732299999999996
1349 1350 4.7929010000000005
1349 1351 5.628197
1340 1352 0.090599
1352 1353 0.21759900000000001
1353 1354 0.070871
1354 1355 0.080242
1355 1356 0.20528
1356 1357 3.960324
1356 1358 0.16558
1358 1359 3.394235
1358 1360 4.772503
1355 1361 0.181239
1361 1362 0.044568
1362 1363 0.110406
1363 1364 0.058433
1364 1365 0.033381
1365 1366 0.148556
1366 1367 0.12830999999999998
1367 1368 2.885074
1367 1369 3.5802599999999996
1366 1370 0.134876
1370 1371 3.079249
1370 1372 0.312925
1372 1373 3.2427079999999995
1372 1374 0.627986
1374 1375 3.91671
1374 1376 3.7396069999999995
1365 1377 0.248549
1377 1378 3.71183
1377 1379 0.499144
1379 1380 0.519923
1380 1381 2.076223
1380 1382 1.113909
1382 1383 0.858384
1382 1384 0.672879
1379 1385 2.7871799999999998
1364 1386 0.261457
1386 1387 3.4968369999999998
1386 1388 0.166497
1388 1389 0.125537
1389 1390 0.42520600000000003
1390 1391 3.545414
1390 1392 4.153438
1389 1393 0.21281999999999998
1393 1394 3.511767
1393 1395 3.719199
1388 1396 3.0326940000000002
1363 1397 0.133017
1397 1398 0.061624
1398 1399 0.140341
1399 1400 0.405694
1400 1401 2.606647
1400 1402 2.79531
1399 1403 0.125995
1403 1404 3.194317
1403 1405 3.7389029999999996
1398 1406 2.975354
1397 1407 3.3465000000000003
1362 1408 0.070286
1408 1409 3.192236
1408 1410 0.119129
1410 1411 0.047504
1411 1412 0.583705
1412 1413 2.466202
1412 1414 2.72308
1411 1415 0.021101
1415 1416 0.19250899999999999
1416 1417 0.223975
1417 1418 0.509433
1418 1419 1.373246
1419 1420 1.183806
1419 1421 1.198159
1418 1422 2.391109
1417 1423 0.102774
1423 1424 0.14038799999999999
1424 1425 0.508215
1425 1426 1.8707049999999998
1425 1427 1.744778
1424 1428 2.1927640000000004
1423 1429 0.10452199999999999
1429 1430 0.019327
1430 1431 0.074206
1431 1432 0.14754
1432 1433 0.189948
1433 1434 0.323314
1434 1435 1.7677660000000002
1434 1436 1.337296
1433 1437 0.027269
1437 1438 2.171599
1437 1439 0.12837
1439 1440 0.229698
1440 1441 0.233866
1441 1442 3.4019269999999997
1441 1443 2.510451
1440 1444 0.175534
1444 1445 3.968841
1444 1446 0.210231
1446 1447 0.311752
1447 1448 5.180035999999999
1447 1449 3.2844480000000003
1446 1450 0.666555
1450 1451 9.090709
1450 1452 4.818266
1439 1453 0.10244099999999999
1453 1454 0.054683
1454 1455 0.25907600000000003
1455 1456 1.220897
1455 1457 1.7140240000000002
1454 1458 0.591626
1453 1459 0.06095999999999999
1459 1460 0.785686
1459 1461 0.033114
1461 1462 0.155295
1462 1463 0.453327
1462 1464 0.142164
1461 1465 0.12118299999999999
1465 1466 2.3863570000000003
1465 1467 0.76124
1432 1468 0.28608
1468 1469 1.515422
1468 1470 1.376964
1431 1471 0.6745
1471 1472 0.8900830000000001
1471 1473 0.938926
1430 1474 0.244662
1474 1475 2.1740269999999997
1474 1476 0.8672320000000001
1476 1477 1.901816
1476 1478 1.9688770000000002
1429 1479 0.27992500000000003
1479 1480 2.195741
1479 1481 1.8876279999999999
1416 1482 2.992223
1415 1483 3.338449
1410 1484 0.138568
1484 1485 3.243886
1484 1486 0.350329
1486 1487 3.5732760000000003
1486 1488 3.402479
1361 1489 0.169829
1489 1490 3.35646
1489 1491 4.895348
1354 1492 4.075793
1353 1493 0.154903
1493 1494 0.054928
1494 1495 0.207697
1495 1496 5.650733
1495 1497 4.387549
1494 1498 0.068781
1498 1499 4.772831
1498 1500 4.542354
1493 1501 0.106079
1501 1502 0.19738799999999998
1502 1503 0.763093
1503 1504 4.827048
1503 1505 4.317997
1502 1506 0.23648200000000003
1506 1507 3.8443119999999995
1506 1508 4.535101
1501 1509 0.094926
1509 1510 0.204669
1510 1511 1.0459649999999998
1511 1512 0.47845400000000005
1512 1513 0.700654
1513 1514 3.673817
1513 1515 1.0050430000000001
1515 1516 2.9748050000000004
1515 1517 1.916731
1517 1518 0.086126
1517 1519 0.08401399999999999
1512 1520 0.7812209999999999
1520 1521 0.330683
1521 1522 1.318337
1522 1523 0.602138
1523 1524 2.323546
1523 1525 1.015459
1525 1526 3.2390019999999997
1525 1527 2.6733759999999998
1522 1528 2.534825
1521 1529 0.089973
1529 1530 0.283369
1530 1531 1.8643159999999999
1530 1532 0.8366629999999999
1532 1533 0.918478
1532 1534 2.101513
1534 1535 1
1534 1536 1
1529 1537 0.21376
1537 1538 0.25815
1538 1539 1.956752
1538 1540 2.594503
1537 1541 2.8894469999999997
1520 1542 0.36126
1542 1543 0.5632889999999999
1543 1544 2.07922
1543 1545 0.435667
1545 1546 1.229643
1546 1547 0.012876
1546 1548 0.02966
1545 1549 0.09957900000000001
1549 1550 1.740796
1549 1551 1.534406
1551 1552 0.034357
1551 1553 0.008178000000000001
1542 1554 0.269468
1554 1555 1.3285500000000001
1555 1556 0.8060350000000001
1555 1557 0.8528330000000001
1554 1558 0.734402
1558 1559 0.617114
1559 1560 1.033391
1560 1561 1
1560 1562 1
1559 1563 1.64632
1558 1564 2.80696
1511 1565 1.658852
1565 1566 0.902507
1566 1567 1.994196
1566 1568 2.471988
1565 1569 3.3722700000000003
1510 1570 6.295076
1509 1571 4.775094
1352 1572 0.26656599999999997
1572 1573 4.133348
1572 1574 4.841556000000001
1327 1575 5.712467
1326 1576 0.095558
1576 1577 0.22426500000000002
1577 1578 0.175906
1578 1579 0.130101
1579 1580 0.227292
1580 1581 4.495793
1580 1582 4.904462
1579 1583 0.065137
1583 1584 5.259342999999999
1583 1585 0.07881099999999999
1585 1586 0.22394
1586 1587 4.107385
1586 1588 4.697378
1585 1589 4.476187
1578 1590 0.210845
1590 1591 0.06204300000000001
1591 1592 0.343221
1592 1593 3.938638
1592 1594 4.228098999999999
1591 1595 0.16720000000000002
1595 1596 3.5585159999999996
1595 1597 4.5656870000000005
1590 1598 0.10012199999999999
1598 1599 4.285639
1598 1600 0.052939999999999994
1600 1601 4.348338999999999
1600 1602 4.031073999999999
1577 1603 5.134666999999999
1576 1604 0.227338
1604 1605 0.920165
1605 1606 4.744161999999999
1605 1607 5.336653999999999
1604 1608 1.142787
1608 1609 4.70576
1608 1610 4.992241
1325 1611 0.177309
1611 1612 6.007852000000001
1611 1613 0.200942
1613 1614 5.544628
1613 1615 0.26141200000000003
1615 1616 0.094872
1616 1617 5.8083990000000005
1616 1618 0.146514
1618 1619 0.10769600000000001
1619 1620 6.300197000000001
1619 1621 6.673005999999999
1618 1622 0.10497900000000002
1622 1623 7.182714
1622 1624 6.003164
1615 1625 6.0354980000000005
1316 1626 0.101501
1626 1627 6.744265
1626 1628 0.074309
1628 1629 5.827967
1628 1630 0.17612699999999998
1630 1631 6.192358
1630 1632 0.15201699999999999
1632 1633 5.703517000000001
1632 1634 0.134424
1634 1635 5.151307
1634 1636 0.341037
1636 1637 5.014007
1636 1638 0.122105
1638 1639 3.8875390000000003
1639 1640 1.501594
1639 1641 1.390792
1638 1642 5.066098
1233 1643 0.086991
1643 1644 0.797117
1644 1645 6.499611
1644 1646 7.536969
1643 1647 0.017696
1647 1648 2.4227149999999997
1648 1649 5.2567889999999995
1648 1650 4.994168
1647 1651 0.12673199999999998
1651 1652 2.35569
1652 1653 1.333321
1653 1654 3.307343
1653 1655 3.1579910000000004
1652 1656 4.664127
1651 1657 7.533719
1232 1658 0.058201
1658 1659 0.124001
1659 1660 7.1425160000000005
1659 1661 0.141619
1661 1662 7.1768529999999995
1661 1663 0.8835459999999999
1663 1664 7.142884
1663 1665 6.383274999999999
1658 1666 0.6549229999999999
1666 1667 7.219892
1666 1668 7.029364
1231 1669 0.080833
1669 1670 0.11619499999999999
1670 1671 1.180042
1671 1672 6.946447999999999
1671 1673 5.98422
1670 1674 2.265301
1674 1675 6.149607
1674 1676 5.122192
1669 1677 0.09896900000000002
1677 1678 0.190256
1678 1679 0.190073
1679 1680 0.14586
1680 1681 7.525165
1680 1682 6.6390210000000005
1679 1683 4.501099
1683 1684 2.4521189999999997
1683 1685 2.354346
1678 1686 0.08108800000000001
1686 1687 0.177595
1687 1688 2.563886
1688 1689 6.096316
1688 1690 5.81351
1687 1691 7.4956640000000005
1686 1692 1.547735
1692 1693 5.119096
1693 1694 0.5986779999999999
1693 1695 0.847515
1692 1696 5.854958
1677 1697 0.046618
1697 1698 0.020746
1698 1699 0.096232
1699 1700 0.086176
1700 1701 3.849096
1701 1702 4.841053
1701 1703 4.389062
1700 1704 3.015004
1704 1705 2.583486
1705 1706 2.1925850000000002
1705 1707 1.890783
1704 1708 5.264238000000001
1699 1709 0.208912
1709 1710 0.18992
1710 1711 0.22440300000000002
1711 1712 13.082957
1711 1713 7.886843000000001
1710 1714 8.729234
1709 1715 0.267332
1715 1716 7.5138419999999995
1715 1717 1.0357109999999998
1717 1718 6.477114
1717 1719 7.0065100000000005
1698 1720 0.112455
1720 1721 3.6045380000000002
1721 1722 1.083475
1722 1723 3.98013
1722 1724 2.782949
1721 1725 0.926308
1725 1726 1.369655
1726 1727 2.5730679999999997
1726 1728 1.765512
1725 1729 3.458078
1720 1730 1.260413
1730 1731 7.285359
1730 1732 7.346712
1697 1733 0.129695
1733 1734 1.138001
1734 1735 3.448894
1735 1736 3.4654619999999996
1735 1737 3.3826879999999995
1734 1738 6.8233310000000005
1733 1739 2.846642
1739 1740 0.6875100000000001
1740 1741 1.8679089999999998
1741 1742 1.546993
1742 1743 1.460224
1743 1744 0.655678
1743 1745 0.137867
1745 1746 0.134164
1746 1747 0.30483099999999996
1746 1748 0.056717
1748 1749 0.519848
1748 1750 0.11817799999999999
1745 1751 0.139655
1751 1752 0.497241
1751 1753 0.204588
1753 1754 0.24811299999999997
1753 1755 0.304843
1742 1756 0.756253
1756 1757 0.375805
1757 1758 0.305653
1757 1759 0.374909
1756 1760 1.591443
1760 1761 0.305724
1760 1762 0.5875130000000001
1741 1763 2.046225
1740 1764 1.606012
1764 1765 2.500473
1764 1766 2.986554
1739 1767 0.6828960000000001
1767 1768 0.9993
1768 1769 0.680302
1769 1770 2.977173
1769 1771 1.042393
1771 1772 1.790263
1771 1773 2.463246
1768 1774 4.4558100000000005
1767 1775 1.568756
1775 1776 3.3494509999999997
1775 1777 2.435321
1230 1778 0.28416
1778 1779 0.703034
1779 1780 6.864874
1779 1781 6.873961
1778 1782 0.47731500000000004
1782 1783 8.380837
1782 1784 6.931795999999999
1229 1785 0.21623499999999998
1785 1786 1.281098
1786 1787 6.632167999999999
1786 1788 6.851456000000001
1785 1789 8.310565
1228 1790 0.20002399999999998
1790 1791 1.620501
1791 1792 1.9260159999999997
1792 1793 3.262595
1792 1794 6.3503359999999995
1791 1795 1.7320019999999998
1795 1796 4.539546
1795 1797 4.775639
1790 1798 1.3941729999999999
1798 1799 7.120296
1798 1800 6.831213999999999
1079 1801 0.163443
1801 1802 7.924114
1801 1803 0.20540599999999998
1803 1804 0.054414000000000004
1804 1805 9.026066
1804 1806 5.286993
1806 1807 3.570636
1806 1808 4.043145
1803 1809 7.7826770000000005
1078 1810 0.132417
1810 1811 0.191442
1811 1812 0.10725599999999999
1812 1813 0.287057
1813 1814 7.297734
1813 1815 7.632083000000001
1812 1816 0.202096
1816 1817 6.950755999999999
1816 1818 7.043289
1811 1819 0.252963
1819 1820 0.194965
1820 1821 7.638694999999999
1820 1822 9.417876999999999
1819 1823 0.113415
1823 1824 0.144916
1824 1825 6.581252
1824 1826 7.115048
1823 1827 7.277458
1810 1828 0.142193
1828 1829 0.13588999999999998
1829 1830 1.455363
1830 1831 6.206142
1830 1832 6.937202000000001
1829 1833 0.0759
1833 1834 0.233633
1834 1835 7.302994999999999
1834 1836 7.456682000000001
1833 1837 7.401415999999999
1828 1838 4.073754999999999
1838 1839 4.442024
1838 1840 1.2151429999999999
1840 1841 3.8013619999999997
1840 1842 2.7915769999999998
1077 1843 0.073118
1843 1844 0.063546
1844 1845 0.056178
1845 1846 0.088955
1846 1847 0.124511
1847 1848 1.662081
1848 1849 8.117319
1848 1850 7.365454000000001
1847 1851 8.716481
1846 1852 0.869747
1852 1853 8.178816999999999
1852 1854 8.282262999999999
1845 1855 0.082847
1855 1856 0.08700999999999999
1856 1857 0.446153
1857 1858 0.8579669999999999
1858 1859 7.766629999999999
1858 1860 7.375862
1857 1861 8.818766
1856 1862 9.613396
1855 1863 0.142946
1863 1864 5.182738
1864 1865 4.101045
1864 1866 4.320903
1863 1867 7.184340000000001
1867 1868 1.498562
1867 1869 1.521429
1844 1870 0.105613
1870 1871 0.23311400000000002
1871 1872 0.24747200000000003
1872 1873 9.326241
1872 1874 8.325821999999999
1871 1875 0.068883
1875 1876 2.201108
1876 1877 1.4282080000000001
1877 1878 4.255358
1877 1879 4.634476
1876 1880 0.964391
1880 1881 6.389139000000001
1880 1882 4.840125
1875 1883 8.480517
1870 1884 0.15617899999999998
1884 1885 0.732632
1885 1886 3.873142
1886 1887 4.925901
1886 1888 5.282521
1885 1889 8.908653
1884 1890 0.052689
1890 1891 8.51507
1890 1892 1.7988790000000001
1892 1893 0.790727
1893 1894 0.90005
1894 1895 0.604858
1895 1896 0.717147
1896 1897 4.979401
1896 1898 5.1864859999999995
1895 1899 0.253184
1899 1900 4.055905
1899 1901 1.625188
1901 1902 2.034619
1902 1903 1.324102
1902 1904 0.9302579999999999
1901 1905 1.033224
1905 1906 0.9964799999999999
1906 1907 0.557515
1906 1908 0.463327
1905 1909 1.406753
1894 1910 0.925741
1910 1911 2.685831
1910 1912 3.609363
1893 1913 5.650022
1892 1914 0.9099710000000001
1914 1915 2.2618
1915 1916 3.1130709999999997
1915 1917 0.715087
1917 1918 1.541483
1917 1919 2.712026
1914 1920 3.9270560000000003
1920 1921 3.110044
1920 1922 0.739382
1922 1923 1.9844259999999998
1922 1924 2.566828
1843 1925 0.833157
1925 1926 0.372959
1926 1927 1.9839349999999998
1927 1928 6.177612
1927 1929 1.548156
1929 1930 4.058579
1929 1931 1.97941
1931 1932 2.4700819999999997
1931 1933 0.728025
1933 1934 2.003605
1933 1935 1.054934
1935 1936 0.20620500000000003
1936 1937 0.641706
1937 1938 1.282537
1937 1939 1.227033
1936 1940 4.531624
1940 1941 1.249506
1940 1942 0.292391
1942 1943 0.679249
1943 1944 0.10044299999999999
1943 1945 0.06969800000000001
1942 1946 0.171453
1946 1947 0.6521319999999999
1946 1948 1.049272
1948 1949 0.085072
1948 1950 0.085068
1935 1951 0.732225
1951 1952 0.728145
1952 1953 0.167569
1952 1954 0.172712
1951 1955 0.52664
1955 1956 0.10334199999999999
1955 1957 0.066798
1926 1958 8.321521
1925 1959 8.312880999999999
1048 1960 0.154084
1960 1961 0.172721
1961 1962 10.16374
1961 1963 0.12975199999999998
1963 1964 9.728041
1963 1965 9.157540000000001
1960 1966 0.22604600000000002
1966 1967 9.267377999999999
1966 1968 9.915949
1047 1969 0.104342
1969 1970 0.266957
1970 1971 0.23168899999999998
1971 1972 8.984892
1971 1973 9.220127
1970 1974 8.87082
1969 1975 0.074653
1975 1976 0.240647
1976 1977 8.932730999999999
1976 1978 8.932007
1975 1979 0.179387
1979 1980 0.21041200000000002
1980 1981 8.862814
1980 1982 9.086995
1979 1983 0.108601
1983 1984 9.744634000000001
1983 1985 10.714745
1036 1986 0.029994
1986 1987 0.312696
1987 1988 9.606620000000001
1987 1989 9.27896
1986 1990 0.857019
1990 1991 8.88174
1990 1992 9.876235
1 1993 0.185654
1993 1994 9.866929
1993 1995 0.065014
1995 1996 9.211748
1995 1997 10.269324000000001
1 1998 9.565516
