1 2 0.360354
2 3 0.13274999999999998
3 4 0.178667
4 5 9.469768
4 6 10.443605999999999
3 7 0.11710100000000001
7 8 0.059504999999999995
8 9 0.17615
9 10 0.09732
10 11 9.017625
10 12 0.12110300000000002
12 13 9.360774
12 14 0.21063900000000002
14 15 0.131853
15 16 8.339884
15 17 0.093283
17 18 0.135791
18 19 0.090438
19 20 0.282628
20 21 9.197496
20 22 8.570070000000001
19 23 0.305332
23 24 9.24037
23 25 9.805345
18 26 0.15221099999999999
26 27 0.12266099999999999
27 28 0.098726
28 29 0.067385
29 30 0.224792
30 31 9.474857
30 32 9.213035
29 33 9.15485
28 34 0.204792
34 35 0.060039999999999996
35 36 9.374905
35 37 9.527421
34 38 0.168624
38 39 0.32548
39 40 9.007838
39 41 8.970839
38 42 0.203312
42 43 0.233604
43 44 0.134099
44 45 9.406119
44 46 2.594896
46 47 6.142152
46 48 8.480659
43 49 0.072815
49 50 0.494842
50 51 0.039007
51 52 0.216722
52 53 0.128742
53 54 0.12321000000000001
54 55 0.160845
55 56 8.737889000000001
55 57 0.28397
57 58 8.123951
57 59 8.737482
54 60 8.131686
53 61 8.238863
52 62 8.664189
51 63 8.678236
50 64 0.02441
64 65 0.093072
65 66 0.17204799999999998
66 67 8.415768
66 68 8.445665
65 69 0.19948000000000002
69 70 0.08625
70 71 0.09032000000000001
71 72 0.082596
72 73 8.006058000000001
72 74 8.099493
71 75 0.190325
75 76 0.199862
76 77 0.148309
77 78 9.400466
77 79 8.226778999999999
76 80 0.235056
80 81 8.069601
80 82 8.378315
75 83 0.054031
83 84 8.566003
83 85 8.781604
70 86 8.349929
69 87 0.031585
87 88 0.10807499999999999
88 89 0.082889
89 90 0.087563
90 91 0.201241
91 92 0.645513
92 93 0.048703
93 94 0.235902
94 95 6.43496
94 96 6.742589000000001
93 97 0.09041099999999999
97 98 0.148143
98 99 6.753389
98 100 7.076542
97 101 0.246104
101 102 6.690512999999999
101 103 6.7470870000000005
92 104 0.03997
104 105 0.049421999999999994
105 106 0.085434
106 107 0.087126
107 108 0.035367
108 109 6.744891
108 110 0.07144299999999999
110 111 6.907317
110 112 7.185684
107 113 6.56905
106 114 0.089306
114 115 6.600019
114 116 0.25540799999999997
116 117 0.223783
117 118 6.054018
117 119 6.286555000000001
116 120 0.096137
120 121 0.040748
121 122 6.18259
121 123 0.261121
123 124 0.40463799999999994
124 125 6.194552
124 126 5.827402
123 127 6.664806
120 128 6.14523
105 129 0.108674
129 130 0.12175899999999999
130 131 0.27179000000000003
131 132 6.789737999999999
131 133 7.171576
130 134 0.14232699999999998
134 135 6.828034
134 136 7.199084999999999
129 137 7.097803
104 138 0.03766
138 139 0.05163499999999999
139 140 0.132896
140 141 0.11703
141 142 0.12551400000000001
142 143 0.042302
143 144 7.327831999999999
143 145 0.184969
145 146 7.174638
145 147 7.6481259999999995
142 148 7.035433
141 149 0.183245
149 150 6.9086110000000005
149 151 0.111333
151 152 0.41835400000000006
152 153 0.14466800000000002
153 154 7.834432
153 155 0.081982
155 156 0.135654
156 157 7.905127
156 158 7.454279
155 159 8.18837
152 160 8.147542000000001
151 161 0.237155
161 162 7.4141639999999995
161 163 7.142150999999999
140 164 0.11553799999999999
164 165 0.11492200000000001
165 166 6.949283
165 167 6.8150710000000005
164 168 6.571014
139 169 0.054379000000000004
169 170 0.09974300000000001
170 171 0.299092
171 172 7.235485999999999
171 173 6.9895059999999996
170 174 0.129784
174 175 7.251203
174 176 0.026818
176 177 0.145763
177 178 7.0853340000000005
177 179 7.271957
176 180 7.732608000000001
169 181 0.395211
181 182 0.175775
182 183 0.16799
183 184 8.113529
183 185 7.651669
182 186 0.124185
186 187 8.188914
186 188 0.078944
188 189 0.370811
189 190 0.577126
190 191 9.285191
190 192 0.281287
192 193 4.657155
193 194 0.7663760000000001
194 195 2.797123
195 196 3.5037220000000002
195 197 4.831445
194 198 1.4497039999999999
198 199 2.677102
198 200 6.436078
193 201 1.5751060000000001
201 202 5.322516
201 203 6.319479
192 204 0.263666
204 205 10.860635
204 206 9.198583000000001
189 207 8.861703
188 208 8.610479
181 209 0.090352
209 210 0.24094
210 211 7.524298
210 212 8.581253
209 213 7.712419
138 214 0.035887
214 215 0.18998
215 216 0.189948
216 217 6.396031000000001
216 218 6.522658000000001
215 219 0.24899700000000002
219 220 6.793951
219 221 6.448499000000001
214 222 0.052555
222 223 0.06626699999999999
223 224 0.248758
224 225 6.460847
224 226 6.5224459999999995
223 227 6.82801
222 228 0.062292999999999994
228 229 0.081667
229 230 0.14790999999999999
230 231 6.824906
230 232 0.22906200000000002
232 233 6.122198999999999
232 234 0.061103000000000005
234 235 0.077136
235 236 0.21607800000000002
236 237 0.07782
237 238 0.048491
238 239 0.060959
239 240 0.381979
240 241 0.039036
241 242 0.05013
242 243 0.205361
243 244 5.056749
243 245 0.087116
245 246 0.414554
246 247 0.247074
247 248 0.034207
248 249 0.131849
249 250 3.487497
250 251 0.47690299999999997
250 252 0.442425
249 253 0.084455
253 254 0.21484799999999998
254 255 3.9155420000000003
254 256 3.8286800000000003
253 257 0.044617000000000004
257 258 0.050029000000000004
258 259 0.115339
259 260 0.004587
260 261 0.102574
261 262 4.338425
261 263 4.474197
260 264 4.393937
259 265 0.411347
265 266 1.0951570000000002
266 267 3.996004
266 268 5.056931
265 269 1.494035
269 270 5.410399
269 271 0.732428
271 272 4.413906
271 273 2.2276480000000003
273 274 0.914799
273 275 2.812602
258 276 0.066964
276 277 0.093455
277 278 0.272314
278 279 0.256611
279 280 0.22771800000000003
280 281 0.17622
281 282 0.121962
282 283 0.262533
283 284 0.230166
284 285 0.157991
285 286 0.018276
286 287 0.05643
287 288 0.090202
288 289 2.689041
288 290 0.019583
290 291 2.8948229999999997
290 292 0.419263
292 293 0.10132400000000001
293 294 3.227246
293 295 3.01034
292 296 0.023625999999999998
296 297 3.172506
296 298 0.05216
298 299 0.042076
299 300 0.020080999999999998
300 301 0.136425
301 302 0.045804
302 303 0.07187199999999999
303 304 2.851788
303 305 2.81751
302 306 3.905514
301 307 0.127549
307 308 3.154613
307 309 2.911844
300 310 3.190912
299 311 0.029429
311 312 0.01708
312 313 0.171271
313 314 3.2561890000000004
313 315 4.136557
312 316 0.16725500000000001
316 317 0.05709
317 318 3.180996
317 319 3.2856249999999996
316 320 0.448855
320 321 3.433591
320 322 3.378445
311 323 0.07441700000000001
323 324 0.060966000000000006
324 325 3.34505
324 326 3.06422
323 327 4.214998
298 328 0.13048300000000002
328 329 0.093601
329 330 3.9623440000000003
329 331 3.488822
328 332 3.108772
287 333 0.0176
333 334 2.641015
333 335 2.690226
286 336 0.26567399999999997
336 337 0.08702700000000001
337 338 2.944596
337 339 3.464674
336 340 3.261732
285 341 0.068156
341 342 0.08219699999999999
342 343 0.18332400000000001
343 344 0.08706799999999999
344 345 0.091995
345 346 0.271319
346 347 0.403408
347 348 1.9880539999999998
347 349 2.507456
346 350 0.157123
350 351 0.152809
351 352 1.8443379999999998
351 353 1.774256
350 354 0.072535
354 355 0.352469
355 356 0.385325
356 357 0.674459
357 358 10.157688
357 359 7.0506
356 360 4.612848
355 361 2.795665
354 362 0.120569
362 363 0.407917
363 364 0.23004100000000002
364 365 0.189781
365 366 3.463094
365 367 0.086864
367 368 4.518744
367 369 0.6442800000000001
364 370 1.22939
363 371 1.521148
362 372 0.016972
372 373 1.492939
372 374 0.09804900000000001
374 375 1.865015
374 376 2.4098729999999997
345 377 0.362373
377 378 2.004026
377 379 2.768579
344 380 2.550344
343 381 2.420086
342 382 0.08027200000000001
382 383 0.048439
383 384 0.304716
384 385 2.07014
384 386 2.259816
383 387 2.442198
382 388 0.038177
388 389 0.325174
389 390 0.263156
390 391 2.595113
390 392 0.058177
392 393 2.081251
392 394 0.25087299999999996
394 395 0.26207
395 396 1.321996
396 397 5.4807950000000005
396 398 1.499862
398 399 5.520748
398 400 34.167429
395 401 5.290431
394 402 0.170544
402 403 3.2794179999999997
402 404 0.47289000000000003
404 405 3.242088
404 406 3.224533
389 407 2.0283320000000002
388 408 0.06786
408 409 0.16547199999999998
409 410 0.203382
410 411 0.24080999999999997
411 412 1.269769
411 413 0.106401
413 414 0.094259
414 415 2.436655
414 416 1.618544
413 417 1.6614380000000002
410 418 0.150488
418 419 0.285661
419 420 2.861367
419 421 3.091311
418 422 1.929389
409 423 2.893021
408 424 2.7625279999999997
341 425 0.048698
425 426 0.176074
426 427 0.454437
427 428 3.8430350000000004
427 429 0.229344
429 430 5.064813
429 431 4.776542
426 432 0.34330900000000003
432 433 3.104867
432 434 3.822806
425 435 0.0558
435 436 2.461443
435 437 2.9259899999999996
284 438 0.27771599999999996
438 439 2.741662
438 440 2.589578
283 441 0.356091
441 442 4.9684289999999995
441 443 2.599767
282 444 0.051230000000000005
444 445 0.10719900000000002
445 446 3.095266
445 447 3.028173
444 448 3.297734
281 449 0.156979
449 450 2.892181
449 451 3.345405
280 452 0.324344
452 453 3.0816090000000003
452 454 3.4424250000000005
279 455 5.3446430000000005
278 456 0.150913
456 457 0.07262300000000001
457 458 0.12115100000000001
458 459 0.115172
459 460 3.918282
459 461 4.357498
458 462 0.12322699999999999
462 463 3.8307420000000003
462 464 4.267269
457 465 0.133232
465 466 0.189076
466 467 4.293047
466 468 0.082783
468 469 4.213845
468 470 3.9433570000000002
465 471 3.8150139999999997
456 472 0.096923
472 473 0.150036
473 474 0.034183
474 475 0.203079
475 476 3.211013
475 477 4.415795
474 478 0.035667000000000004
478 479 0.068218
479 480 0.07352399999999999
480 481 0.126491
481 482 3.2288930000000002
481 483 0.263527
483 484 2.8897559999999998
483 485 3.34783
480 486 0.046657
486 487 3.4294369999999996
486 488 3.324874
479 489 0.031145
489 490 3.418311
489 491 3.3360000000000003
478 492 0.02786
492 493 4.148422999999999
492 494 3.537059
473 495 0.075181
495 496 0.125228
496 497 0.086791
497 498 3.702449
497 499 0.314534
499 500 3.61194
499 501 3.3736469999999996
496 502 3.4491510000000005
495 503 3.7254240000000003
472 504 0.222151
504 505 4.44933
504 506 0.200136
506 507 0.34627199999999997
507 508 5.607191
507 509 4.972147
506 510 4.451165
277 511 0.10039599999999999
511 512 0.097175
512 513 0.388617
513 514 4.189855
513 515 4.145311
512 516 0.09114799999999999
516 517 0.206561
517 518 5.631994
517 519 5.883921
516 520 4.645864
511 521 4.270353
276 522 0.260553
522 523 0.10241600000000001
523 524 0.204141
524 525 3.5982250000000002
524 526 3.852942
523 527 0.180256
527 528 3.905039
527 529 4.549098
522 530 0.215074
530 531 0.183619
531 532 6.918727
531 533 0.036337
533 534 8.858821
533 535 0.275065
535 536 5.234519
535 537 5.34482
530 538 0.155118
538 539 0.168656
539 540 0.092584
540 541 0.169224
541 542 4.855206
541 543 0.09664400000000001
543 544 4.6551990000000005
543 545 5.064118
540 546 0.13112200000000002
546 547 0.27033399999999996
547 548 0.073897
548 549 5.2530149999999995
548 550 0.161182
550 551 6.0226109999999995
550 552 5.493304
547 553 0.318934
553 554 0.39972
554 555 5.221672
554 556 5.295789
553 557 0.427471
557 558 5.445281
557 559 5.134058
546 560 0.224557
560 561 4.804452
560 562 4.36904
539 563 0.19607000000000002
563 564 4.482969
563 565 4.449676999999999
538 566 4.585992
257 567 0.06189
567 568 0.436759
568 569 0.375356
569 570 3.899377
569 571 4.435789
568 572 4.060943999999999
567 573 4.105174
248 574 0.145374
574 575 0.040994
575 576 0.060966000000000006
576 577 4.706840000000001
576 578 4.285917
575 579 0.133274
579 580 0.081581
580 581 4.156248
580 582 4.357472
579 583 0.232772
583 584 4.941413
583 585 0.070235
585 586 4.600168
585 587 4.815239
574 588 4.38957
247 589 4.124217
246 590 4.781591000000001
245 591 4.904314
242 592 0.109608
592 593 0.001274
593 594 5.107258
593 595 0.335586
595 596 0.180601
596 597 0.094496
597 598 0.10817800000000001
598 599 0.360491
599 600 0.12842599999999998
600 601 0.469039
601 602 4.954395
601 603 5.009271
600 604 0.25844599999999995
604 605 5.422779
604 606 5.0946810000000005
599 607 4.7822759999999995
598 608 5.717931
597 609 5.316557
596 610 0.059405000000000006
610 611 0.174996
611 612 0.137554
612 613 6.074003
612 614 6.394527
611 615 5.619104
610 616 0.158726
616 617 0.30408599999999997
617 618 5.6561710000000005
617 619 5.671159
616 620 5.705889
595 621 5.4954030000000005
592 622 0.11943999999999999
622 623 4.947605
622 624 4.89375
241 625 0.067201
625 626 0.22404399999999997
626 627 0.11090099999999999
627 628 5.58124
627 629 5.80888
626 630 0.138759
630 631 4.912533
630 632 0.189883
632 633 4.648955
632 634 4.584915
625 635 0.037753
635 636 5.474794999999999
635 637 0.126078
637 638 0.28978
638 639 5.870865
638 640 5.771129
637 641 0.04187
641 642 5.351005000000001
641 643 0.251253
643 644 5.456392
643 645 6.059523
240 646 0.070756
646 647 0.174449
647 648 0.233993
648 649 2.159372
649 650 14.283704
649 651 6.880780000000001
648 652 0.36474
652 653 0.376728
653 654 0.25677099999999997
654 655 6.194082
654 656 8.963495
653 657 4.205509999999999
652 658 5.586981
647 659 5.024169
646 660 0.12205099999999999
660 661 0.397783
661 662 0.173609
662 663 4.5302750000000005
662 664 5.494649
661 665 5.364272
660 666 0.098519
666 667 0.168516
667 668 4.781423
667 669 4.755346
666 670 4.812909
239 671 0.113779
671 672 0.554574
672 673 7.598277
672 674 6.166077
671 675 0.08234
675 676 0.123963
676 677 6.297572999999999
676 678 5.597441
675 679 5.697788
238 680 0.11128799999999998
680 681 5.592098999999999
680 682 5.609861
237 683 0.057132999999999996
683 684 0.190628
684 685 0.22976899999999997
685 686 3.1400780000000004
686 687 3.515574
686 688 3.008461
685 689 0.12914
689 690 5.774743
689 691 7.273227
684 692 5.491461
683 693 0.251456
693 694 0.202577
694 695 0.12890200000000002
695 696 0.066245
696 697 0.276925
697 698 5.874483
697 699 6.211051
696 700 0.028488
700 701 0.10440200000000001
701 702 0.344811
702 703 6.700505
702 704 6.089199
701 705 6.115827
700 706 0.049733000000000006
706 707 0.162071
707 708 0.149023
708 709 5.963488
708 710 7.214060999999999
707 711 7.226597999999999
706 712 6.133364
695 713 0.063234
713 714 6.148967000000001
713 715 6.383652
694 716 0.370416
716 717 6.590815999999999
716 718 6.457154
693 719 0.372681
719 720 5.779178
719 721 6.179269
236 722 0.20081700000000002
722 723 5.737341
722 724 6.157672
235 725 0.199514
725 726 0.16103599999999998
726 727 6.137567
726 728 0.226083
728 729 6.001918
728 730 0.672635
730 731 5.899224
730 732 5.115214
725 733 6.547008999999999
234 734 0.410503
734 735 6.784783
734 736 6.392765000000001
229 737 0.123693
737 738 0.383525
738 739 6.621557999999999
738 740 6.55599
737 741 6.661165
228 742 0.138279
742 743 7.3177080000000005
742 744 0.260731
744 745 7.5518790000000005
744 746 6.938018
91 747 0.091686
747 748 7.988294999999999
747 749 7.776904
90 750 0.174628
750 751 7.708681
750 752 0.208033
752 753 7.972459
752 754 7.86065
89 755 7.795820000000001
88 756 0.306714
756 757 8.015131
756 758 0.037444000000000005
758 759 7.683605
758 760 8.013763
87 761 0.07305299999999999
761 762 0.086045
762 763 8.083748
762 764 8.501681
761 765 7.795748
64 766 0.299543
766 767 0.325756
767 768 10.133408000000001
767 769 0.075971
769 770 1.467692
770 771 8.270553
770 772 9.146839
769 773 0.329088
773 774 0.179132
774 775 9.150745
774 776 9.110596
773 777 9.199996
766 778 0.221702
778 779 0.865059
779 780 8.167451
779 781 7.9380999999999995
778 782 8.955203000000001
49 783 0.032899
783 784 0.198155
784 785 8.744169
784 786 0.518906
786 787 10.468644000000001
786 788 0.29513999999999996
788 789 9.520972
788 790 0.39945299999999995
790 791 10.001837
790 792 9.693436
783 793 9.393618
42 794 9.855997
27 795 0.100552
795 796 0.14977300000000002
796 797 0.179866
797 798 0.305723
798 799 9.432625
798 800 0.26852
800 801 10.505032
800 802 0.39754300000000004
802 803 9.613717
802 804 9.431998
797 805 10.322106999999999
796 806 8.899564
795 807 9.222325000000001
26 808 0.17388099999999998
808 809 0.21055700000000002
809 810 8.255452
809 811 0.106182
811 812 8.403825
811 813 9.716015
808 814 0.048578
814 815 0.33528
815 816 8.384466
815 817 8.476968
814 818 0.461817
818 819 8.204693
818 820 8.174588
17 821 0.306007
821 822 8.846506
821 823 8.850858
14 824 9.375057
9 825 0.21796900000000002
825 826 9.520288
825 827 8.953944
8 828 0.124544
828 829 0.327804
829 830 10.128933
829 831 9.638952
828 832 9.448145
7 833 0.170513
833 834 0.16828800000000002
834 835 0.112973
835 836 0.096505
836 837 0.130089
837 838 9.559062
837 839 10.354312
836 840 0.378347
840 841 0.378313
841 842 10.238401
841 843 9.602184
840 844 9.579260000000001
835 845 0.116005
845 846 9.728783
845 847 10.039102
834 848 0.151624
848 849 0.21402600000000002
849 850 0.103762
850 851 0.468964
851 852 10.904497000000001
851 853 9.963261
850 854 0.151943
854 855 11.573403
854 856 0.168896
856 857 0.322944
857 858 0.502692
858 859 12.373729
858 860 13.423584
857 861 0.269461
861 862 11.338405
861 863 0.31064
863 864 0.328088
864 865 10.892660999999999
864 866 0.22204500000000002
866 867 0.246649
867 868 0.144696
868 869 9.790923999999999
868 870 9.904349
867 871 11.098016
866 872 0.09148300000000001
872 873 10.653561
872 874 10.288241
863 875 0.100283
875 876 0.40241699999999997
876 877 0.9248630000000001
877 878 0.294633
878 879 0.09532399999999999
879 880 0.439582
880 881 11.972515999999999
880 882 11.23371
879 883 11.977282
878 884 0.273764
884 885 0.081331
885 886 0.073733
886 887 13.088764
886 888 12.628427
885 889 0.314066
889 890 12.82384
889 891 0.23421599999999998
891 892 0.562621
892 893 12.625658000000001
892 894 12.137993
891 895 12.856143000000001
884 896 0.078788
896 897 0.174358
897 898 0.11481499999999999
898 899 0.289986
899 900 0.127253
900 901 0.214722
901 902 0.14945
902 903 0.374135
903 904 13.50646
903 905 13.586857
902 906 0.24654299999999998
906 907 14.051461000000002
906 908 13.205740999999998
901 909 14.223498000000001
900 910 0.17895999999999998
910 911 0.113363
911 912 0.05851
912 913 0.144049
913 914 13.694319
913 915 13.809505
912 916 0.188047
916 917 0.205335
917 918 0.059063
918 919 0.07144500000000001
919 920 0.231394
920 921 0.264694
921 922 14.212107
921 923 13.622041
920 924 0.07327600000000001
924 925 0.24114100000000002
925 926 0.16605599999999998
926 927 0.290581
927 928 0.198305
928 929 0.260561
929 930 14.245891
929 931 14.842395999999999
928 932 14.328152
927 933 0.21584199999999998
933 934 0.22660699999999998
934 935 0.117549
935 936 0.064475
936 937 0.303623
937 938 15.762873999999998
937 939 0.338235
939 940 16.100146000000002
939 941 16.723968
936 942 15.533335000000001
935 943 15.476078
934 944 0.092823
944 945 0.067632
945 946 0.13343
946 947 0.159086
947 948 15.075746
947 949 0.194495
949 950 15.124676000000001
949 951 15.848272999999999
946 952 14.853234
945 953 0.305838
953 954 14.973714
953 955 15.307557
944 956 0.115413
956 957 0.338936
957 958 0.23004599999999997
958 959 16.251089
958 960 15.333143
957 961 0.35248100000000004
961 962 17.755693
961 963 15.697183
956 964 0.13153800000000002
964 965 0.110183
965 966 0.45252000000000003
966 967 14.995517999999999
966 968 15.113974999999998
965 969 0.12496099999999999
969 970 0.12483699999999999
970 971 0.24768300000000001
971 972 15.432839000000001
971 973 14.762485999999999
970 974 0.093653
974 975 16.32051
974 976 0.114411
976 977 0.221732
977 978 15.652516
977 979 0.39689900000000006
979 980 15.010762999999999
979 981 15.184561999999998
976 982 0.056762999999999994
982 983 0.067074
983 984 0.058731
984 985 0.074089
985 986 0.12368900000000001
986 987 0.8901100000000001
987 988 0.09281299999999999
988 989 16.707821
988 990 0.517415
990 991 16.620847
990 992 16.92234
987 993 0.19665300000000002
993 994 0.302879
994 995 0.312025
995 996 0.425368
996 997 0.282754
997 998 19.291257
997 999 18.446646
996 1000 0.35867899999999997
1000 1001 0.263977
1001 1002 0.15443099999999998
1002 1003 0.692875
1003 1004 0.21116500000000002
1004 1005 23.877261
1004 1006 0.48061099999999995
1006 1007 22.284651
1006 1008 23.063682999999997
1003 1009 0.5792860000000001
1009 1010 22.881578
1009 1011 0.240848
1011 1012 0.607366
1012 1013 0.7384499999999999
1013 1014 0.547298
1014 1015 0.538031
1015 1016 25.626606000000002
1015 1017 0.234241
1017 1018 0.566651
1018 1019 0.30530599999999997
1019 1020 0.321769
1020 1021 0.014750000000000001
1021 1022 24.67592
1021 1023 0.22643799999999997
1023 1024 0.337301
1024 1025 1.776794
1025 1026 1.242218
1026 1027 30.49096
1026 1028 2.059685
1028 1029 0.699417
1029 1030 4.0265059999999995
1030 1031 56.550353
1030 1032 38.174086
1029 1033 33.454675
1028 1034 36.426837
1025 1035 0.7004520000000001
1035 1036 0.387697
1036 1037 0.246127
1037 1038 1.2878640000000001
1038 1039 29.137584999999998
1038 1040 30.439411999999997
1037 1041 26.968605
1036 1042 1.0076289999999999
1042 1043 0.064504
1043 1044 29.927056
1043 1045 29.39211
1042 1046 30.958751
1035 1047 27.360469
1024 1048 1.316586
1048 1049 30.589038000000002
1048 1050 29.896989
1023 1051 1.305905
1051 1052 24.724183999999997
1051 1053 26.530988
1020 1054 28.097987000000003
1019 1055 0.428772
1055 1056 0.27706200000000003
1056 1057 0.455734
1057 1058 27.282975999999998
1057 1059 0.639466
1059 1060 1.113759
1060 1061 29.537499
1060 1062 0.613612
1062 1063 1.7641049999999998
1063 1064 0.211965
1064 1065 0.544689
1065 1066 0.307095
1066 1067 0.25664400000000004
1067 1068 1.2823330000000002
1068 1069 32.162602
1068 1070 46.987925000000004
1067 1071 30.507395999999996
1066 1072 30.939708999999997
1065 1073 0.774338
1073 1074 29.197389
1073 1075 28.088784999999998
1064 1076 0.395466
1076 1077 0.721522
1077 1078 0.734294
1078 1079 39.607611999999996
1078 1080 28.829251
1077 1081 29.276243
1076 1082 0.151028
1082 1083 1.665807
1083 1084 0.596599
1084 1085 1.1909919999999998
1085 1086 1.38964
1086 1087 0.375453
1087 1088 7.178523
1088 1089 1.353195
1089 1090 0.7477280000000001
1090 1091 48.040592
1090 1092 56.803623
1089 1093 43.817111
1088 1094 49.498952
1087 1095 41.428107
1086 1096 43.319857999999996
1085 1097 0.333869
1097 1098 0.708335
1098 1099 3.2142120000000003
1099 1100 42.772851
1099 1101 49.482356
1098 1102 38.763559
1097 1103 34.764203
1084 1104 0.614977
1104 1105 0.5512630000000001
1105 1106 39.310089999999995
1105 1107 0.428036
1107 1108 1.444343
1108 1109 40.073038
1108 1110 35.097963
1107 1111 41.037186
1104 1112 1.726472
1112 1113 1.425502
1113 1114 49.419852
1113 1115 44.157096
1112 1116 2.570624
1116 1117 3.601902
1117 1118 37.668885
1117 1119 42.958966
1116 1120 44.954627
1083 1121 1.153159
1121 1122 31.45053
1121 1123 39.914151
1082 1124 1.471389
1124 1125 32.617366
1124 1126 0.9575699999999999
1126 1127 33.116113000000006
1126 1128 33.189808
1063 1129 0.6493559999999999
1129 1130 1.157908
1130 1131 0.5095729999999999
1131 1132 0.456846
1132 1133 1.053287
1133 1134 34.122117
1133 1135 2.678419
1135 1136 1.274529
1136 1137 2.619481
1137 1138 1.232751
1138 1139 0.165051
1139 1140 1.03091
1140 1141 0.676873
1141 1142 41.38957
1141 1143 2.250512
1143 1144 0.75501
1144 1145 1.139651
1145 1146 40.802179
1145 1147 42.683803999999995
1144 1148 1.018001
1148 1149 43.196466
1148 1150 51.720548
1143 1151 40.111404
1140 1152 48.336203
1139 1153 0.6552640000000001
1153 1154 42.696857
1153 1155 42.339236
1138 1156 1.282822
1156 1157 0.6083500000000001
1157 1158 45.258416000000004
1157 1159 50.238616
1156 1160 43.741865000000004
1137 1161 43.117953
1136 1162 38.442127
1135 1163 50.11118
1132 1164 30.492741000000002
1131 1165 0.529485
1165 1166 1.40407
1166 1167 1.172519
1167 1168 1.4418739999999999
1168 1169 35.751865
1168 1170 39.730971999999994
1167 1171 0.6219910000000001
1171 1172 1.05534
1172 1173 33.656146
1172 1174 34.207135
1171 1175 0.9498629999999999
1175 1176 34.276971
1175 1177 1.073201
1177 1178 1.413354
1178 1179 45.296673999999996
1178 1180 34.507443
1177 1181 50.191728999999995
1166 1182 1.6267009999999997
1182 1183 32.704811
1182 1184 32.072424999999996
1165 1185 30.538590999999997
1130 1186 0.442399
1186 1187 1.171389
1187 1188 0.38475
1188 1189 0.599905
1189 1190 28.197754000000003
1189 1191 27.229131000000002
1188 1192 28.723248
1187 1193 0.279014
1193 1194 0.71156
1194 1195 25.0917
1194 1196 0.515028
1196 1197 0.398209
1197 1198 0.200357
1198 1199 23.476433999999998
1198 1200 0.103222
1200 1201 23.566603999999998
1200 1202 0.45321700000000004
1202 1203 23.982357
1202 1204 0.559879
1204 1205 23.219302
1204 1206 25.079253
1197 1207 25.968659
1196 1208 24.769375
1193 1209 0.178842
1209 1210 0.592678
1210 1211 0.06672
1211 1212 0.787296
1212 1213 24.203511
1212 1214 23.983639
1211 1215 1.119664
1215 1216 27.381838
1215 1217 35.22144
1210 1218 28.18702
1209 1219 0.193036
1219 1220 0.8270700000000001
1220 1221 0.34294600000000003
1221 1222 22.569729
1221 1223 24.184262
1220 1224 0.396946
1224 1225 0.708889
1225 1226 0.9210950000000001
1226 1227 21.686543999999998
1226 1228 29.221467
1225 1229 22.132376
1224 1230 0.8086289999999999
1230 1231 23.526521
1230 1232 21.182108
1219 1233 30.349601999999997
1186 1234 28.149684000000004
1129 1235 30.975914
1062 1236 2.491115
1236 1237 33.634995
1236 1238 37.432324
1059 1239 31.289429000000002
1056 1240 3.516375
1240 1241 0.867342
1241 1242 0.153205
1242 1243 0.762599
1243 1244 3.08222
1244 1245 38.386657
1244 1246 35.241674
1243 1247 36.065277
1242 1248 1.315426
1248 1249 0.964767
1249 1250 2.432543
1250 1251 41.429294999999996
1250 1252 38.868157
1249 1253 1.4431720000000001
1253 1254 1.373049
1254 1255 0.990667
1255 1256 4.5740620000000005
1256 1257 51.787342
1256 1258 44.098293
1255 1259 36.538926
1254 1260 1.108825
1260 1261 52.084456
1260 1262 0.9087500000000001
1262 1263 47.251271
1262 1264 47.08916
1253 1265 1.8203230000000001
1265 1266 1.255068
1266 1267 51.674094000000004
1266 1268 37.26391
1265 1269 3.0379650000000002
1269 1270 43.956237
1269 1271 53.301776999999994
1248 1272 1.102776
1272 1273 0.616908
1273 1274 36.652878
1273 1275 34.562993
1272 1276 39.808109
1241 1277 32.522175
1240 1278 30.004516
1055 1279 0.422903
1279 1280 0.989128
1280 1281 25.290868
1280 1282 24.244315
1279 1283 0.20372400000000002
1283 1284 0.491359
1284 1285 24.435562
1284 1286 0.178281
1286 1287 22.348053
1286 1288 0.43175899999999995
1288 1289 23.545481
1288 1290 22.990485
1283 1291 0.6265660000000001
1291 1292 0.91655
1292 1293 0.118304
1293 1294 0.1912
1294 1295 0.492909
1295 1296 23.706708000000003
1295 1297 22.503434
1294 1298 23.050895
1293 1299 0.308904
1299 1300 0.056489
1300 1301 0.14430400000000002
1301 1302 0.223072
1302 1303 0.447101
1303 1304 20.328158
1303 1305 26.644508000000002
1302 1306 0.21290900000000001
1306 1307 21.331397
1306 1308 0.24516
1308 1309 21.0893
1308 1310 23.619329
1301 1311 21.06391
1300 1312 0.17832499999999998
1312 1313 0.44276000000000004
1313 1314 0.502337
1314 1315 0.750227
1315 1316 0.486578
1316 1317 0.42163599999999996
1317 1318 1.095845
1318 1319 19.872772
1318 1320 19.815405
1317 1321 0.6863239999999999
1321 1322 19.314828000000002
1321 1323 18.615643000000002
1316 1324 21.236846
1315 1325 20.796289
1314 1326 1.3733499999999998
1326 1327 19.496005
1326 1328 20.093344
1313 1329 0.516126
1329 1330 22.295382
1329 1331 24.240584000000002
1312 1332 0.090727
1332 1333 20.764334
1332 1334 0.58845
1334 1335 19.877474
1334 1336 20.606395
1299 1337 0.45767100000000005
1337 1338 21.780636
1337 1339 21.042279999999998
1292 1340 23.195409
1291 1341 23.056077
1018 1342 0.125508
1342 1343 28.135792
1342 1344 25.117252
1017 1345 0.727186
1345 1346 25.447740000000003
1345 1347 0.666032
1347 1348 1.003456
1348 1349 34.305302999999995
1348 1350 29.786343
1347 1351 30.858469
1014 1352 8.340883999999999
1352 1353 24.220994
1352 1354 11.191139999999999
1354 1355 3.32514
1354 1356 8.633308000000001
1013 1357 3.172265
1357 1358 22.531465
1357 1359 25.322473000000002
1012 1360 1.289199
1360 1361 23.428632
1360 1362 27.364013
1011 1363 0.22287800000000002
1363 1364 0.173727
1364 1365 0.098528
1365 1366 0.215198
1366 1367 0.127522
1367 1368 21.294145
1367 1369 0.843032
1369 1370 21.559441
1369 1371 20.953967000000002
1366 1372 0.19679900000000003
1372 1373 0.513433
1373 1374 20.896159
1373 1375 20.190464
1372 1376 20.996405000000003
1365 1377 0.262119
1377 1378 0.630979
1378 1379 21.818331999999998
1378 1380 24.826564
1377 1381 0.191669
1381 1382 0.28914700000000004
1382 1383 24.071735999999998
1382 1384 0.267689
1384 1385 22.016905
1384 1386 22.268378
1381 1387 0.642549
1387 1388 21.806697
1387 1389 24.8382
1364 1390 0.21475499999999997
1390 1391 21.375109000000002
1390 1392 0.37946199999999997
1392 1393 22.741032
1392 1394 0.26429
1394 1395 22.618708
1394 1396 0.921527
1396 1397 23.842325
1396 1398 21.935637999999997
1363 1399 0.187568
1399 1400 0.8465429999999999
1400 1401 22.473646
1400 1402 25.713503999999997
1399 1403 0.261553
1403 1404 0.382061
1404 1405 0.43398400000000004
1405 1406 23.250791
1405 1407 20.613621
1404 1408 22.143581
1403 1409 20.556689
1002 1410 19.989464
1001 1411 0.33660399999999996
1411 1412 0.60976
1412 1413 32.439894
1412 1414 22.134308
1411 1415 20.312116
1000 1416 0.245956
1416 1417 0.33751200000000003
1417 1418 5.839029
1418 1419 13.824703
1418 1420 14.675263999999999
1417 1421 2.3005850000000003
1421 1422 3.3502820000000004
1422 1423 18.84964
1422 1424 17.555219
1421 1425 4.631554
1425 1426 4.935677
1426 1427 34.667473
1426 1428 3.114078
1428 1429 1.9577
1429 1430 39.735243999999994
1429 1431 1.993412
1431 1432 47.811731
1431 1433 39.688474
1428 1434 32.067417
1425 1435 29.08918
1416 1436 0.199869
1436 1437 18.888287000000002
1436 1438 0.07961
1438 1439 20.207549999999998
1438 1440 18.693915
995 1441 0.366912
1441 1442 0.270075
1442 1443 0.797687
1443 1444 0.15566
1444 1445 0.107051
1445 1446 0.19916399999999998
1446 1447 19.302305
1446 1448 19.111956
1445 1449 0.254414
1449 1450 0.370519
1450 1451 0.158284
1451 1452 19.769626000000002
1451 1453 24.199773
1450 1454 19.890058999999997
1449 1455 0.24514099999999997
1455 1456 19.886796
1455 1457 20.198095
1444 1458 0.313869
1458 1459 0.040621
1459 1460 22.547514
1459 1461 0.137076
1461 1462 18.573174
1461 1463 19.550406000000002
1458 1464 18.82022
1443 1465 0.241726
1465 1466 0.41331400000000007
1466 1467 19.110351
1466 1468 19.986957
1465 1469 19.382336
1442 1470 0.47116399999999997
1470 1471 18.484578
1470 1472 0.517653
1472 1473 19.408418
1472 1474 21.577386
1441 1475 17.990539
994 1476 0.08390700000000001
1476 1477 0.116241
1477 1478 0.5536690000000001
1478 1479 16.929171
1478 1480 17.799295
1477 1481 0.300403
1481 1482 16.379938
1481 1483 17.344237
1476 1484 0.240105
1484 1485 0.182431
1485 1486 19.051544
1485 1487 0.465096
1487 1488 17.617475
1487 1489 17.295215
1484 1490 0.288652
1490 1491 17.046649
1490 1492 18.050770999999997
993 1493 17.133473
986 1494 0.354962
1494 1495 16.985962
1494 1496 0.443426
1496 1497 0.11737600000000001
1497 1498 0.241602
1498 1499 0.836863
1499 1500 0.046269
1500 1501 0.9056160000000001
1501 1502 0.500865
1502 1503 18.115734
1502 1504 18.857251
1501 1505 0.3861
1505 1506 21.081165
1505 1507 20.207528999999997
1500 1508 0.090063
1508 1509 0.08289200000000001
1509 1510 0.279724
1510 1511 16.569958
1510 1512 0.058816
1512 1513 17.658450000000002
1512 1514 17.624208
1509 1515 0.198195
1515 1516 17.471638
1515 1517 0.63868
1517 1518 18.302166
1517 1519 16.610523999999998
1508 1520 0.11299999999999999
1520 1521 0.123208
1521 1522 0.223763
1522 1523 0.271923
1523 1524 0.21920199999999998
1524 1525 0.597492
1525 1526 19.119673000000002
1525 1527 18.522147
1524 1528 0.37633300000000003
1528 1529 19.595447
1528 1530 18.721785
1523 1531 0.26751800000000003
1531 1532 18.046575
1531 1533 0.52703
1533 1534 16.901949
1533 1535 21.318389
1522 1536 0.277957
1536 1537 19.846219
1536 1538 18.180739000000003
1521 1539 0.094303
1539 1540 0.043836
1540 1541 0.323865
1541 1542 0.592431
1542 1543 17.734364
1542 1544 0.46971399999999996
1544 1545 15.472391
1544 1546 16.024165
1541 1547 16.661933
1540 1548 17.143595
1539 1549 0.31299
1549 1550 16.415167
1549 1551 0.216861
1551 1552 0.559482
1552 1553 30.480020000000003
1552 1554 16.602228999999998
1551 1555 0.470939
1555 1556 17.935704
1555 1557 16.609040999999998
1520 1558 0.148098
1558 1559 0.398439
1559 1560 18.290944
1559 1561 17.737781
1558 1562 0.793192
1562 1563 0.214747
1563 1564 18.614616
1563 1565 0.065925
1565 1566 18.167667
1565 1567 19.666452
1562 1568 0.175596
1568 1569 0.301396
1569 1570 0.364446
1570 1571 19.219822
1570 1572 20.567321999999997
1569 1573 0.596117
1573 1574 0.096399
1574 1575 21.473458
1574 1576 20.834355
1573 1577 19.234205
1568 1578 0.778953
1578 1579 18.414749999999998
1578 1580 19.805588
1499 1581 18.317442
1498 1582 0.35763100000000003
1582 1583 0.21513000000000002
1583 1584 16.550659
1583 1585 1.168296
1585 1586 14.97357
1585 1587 16.96254
1582 1588 17.129762
1497 1589 17.728964
1496 1590 0.235439
1590 1591 16.494297
1590 1592 0.09926600000000001
1592 1593 16.401294999999998
1592 1594 18.235248000000002
985 1595 0.27823600000000004
1595 1596 15.866383
1595 1597 0.420433
1597 1598 17.379248999999998
1597 1599 15.355526
984 1600 16.173869
983 1601 0.66225
1601 1602 0.296343
1602 1603 15.010419
1602 1604 15.270851999999998
1601 1605 16.411222
982 1606 1.122785
1606 1607 14.423321999999999
1606 1608 14.664964999999999
969 1609 0.599341
1609 1610 0.21494499999999997
1610 1611 16.02419
1610 1612 0.248168
1612 1613 16.943486
1612 1614 17.418039
1609 1615 16.607768
964 1616 0.178257
1616 1617 0.606963
1617 1618 15.684401000000001
1617 1619 14.855388999999999
1616 1620 15.841591999999999
933 1621 0.424496
1621 1622 0.29005400000000003
1622 1623 14.054591
1622 1624 14.278271
1621 1625 0.510957
1625 1626 14.60783
1625 1627 14.227661
926 1628 1.364266
1628 1629 13.120454
1628 1630 13.079006000000001
925 1631 0.18837800000000002
1631 1632 13.460205
1631 1633 14.956154999999999
924 1634 0.130442
1634 1635 0.24337999999999999
1635 1636 14.583366
1635 1637 13.582825000000001
1634 1638 13.718898
919 1639 0.066609
1639 1640 0.228726
1640 1641 14.386368
1640 1642 0.463942
1642 1643 13.986032000000002
1642 1644 16.037743
1639 1645 14.381503
918 1646 0.158883
1646 1647 0.092545
1647 1648 0.16575299999999998
1648 1649 0.42489299999999997
1649 1650 15.493191000000001
1649 1651 14.788079000000002
1648 1652 14.80545
1647 1653 0.255105
1653 1654 15.748946
1653 1655 0.430248
1655 1656 14.142069
1655 1657 15.454805999999998
1646 1658 0.245728
1658 1659 0.386417
1659 1660 16.153557
1659 1661 0.465971
1661 1662 14.298755
1661 1663 15.72502
1658 1664 0.471161
1664 1665 14.772203000000001
1664 1666 0.38339799999999996
1666 1667 0.417585
1667 1668 16.397443
1667 1669 17.87266
1666 1670 15.542402
917 1671 0.363438
1671 1672 0.16757899999999998
1672 1673 13.870612
1672 1674 13.386588999999999
1671 1675 13.749495
916 1676 0.439162
1676 1677 13.405412
1676 1678 14.594541
911 1679 0.763786
1679 1680 13.207768
1679 1681 15.208592000000001
910 1682 13.183017999999999
899 1683 0.13289
1683 1684 13.821679000000001
1683 1685 13.026602
898 1686 0.454697
1686 1687 13.102564
1686 1688 12.935728
897 1689 0.048174999999999996
1689 1690 0.280921
1690 1691 14.112748
1690 1692 12.735532999999998
1689 1693 0.31057799999999997
1693 1694 0.24711199999999997
1694 1695 13.229969
1694 1696 13.699886
1693 1697 0.081974
1697 1698 0.301385
1698 1699 12.943077
1698 1700 13.986778
1697 1701 0.24634999999999999
1701 1702 13.870425000000001
1701 1703 0.486407
1703 1704 12.879808
1703 1705 12.757363999999999
896 1706 0.303182
1706 1707 12.362997
1706 1708 12.955117
877 1709 0.062588
1709 1710 0.19206399999999998
1710 1711 0.458072
1711 1712 11.676162
1711 1713 10.91795
1710 1714 11.261848
1709 1715 0.109917
1715 1716 0.18564899999999998
1716 1717 0.22095
1717 1718 0.104202
1718 1719 11.701274999999999
1718 1720 11.813311
1717 1721 11.383203
1716 1722 0.12180400000000001
1722 1723 0.181368
1723 1724 0.136454
1724 1725 11.994469
1724 1726 11.752404
1723 1727 12.753960000000001
1722 1728 0.15349300000000002
1728 1729 0.242283
1729 1730 12.152477000000001
1729 1731 12.690082
1728 1732 0.221688
1732 1733 12.419255999999999
1732 1734 0.100326
1734 1735 12.337897
1734 1736 0.283834
1736 1737 13.096774
1736 1738 12.300951
1715 1739 0.12778699999999998
1739 1740 0.196487
1740 1741 0.45223700000000006
1741 1742 11.111455000000001
1741 1743 11.482657
1740 1744 11.227105
1739 1745 0.047507
1745 1746 0.185631
1746 1747 0.295059
1747 1748 0.114149
1748 1749 0.16753200000000001
1749 1750 11.903509
1749 1751 0.608511
1751 1752 11.282047
1751 1753 0.45127700000000004
1753 1754 0.085594
1754 1755 10.257938
1754 1756 0.962997
1756 1757 8.956118
1756 1758 9.23443
1753 1759 0.339534
1759 1760 1.052727
1760 1761 11.102642999999999
1760 1762 10.360031
1759 1763 10.169689
1748 1764 11.328032
1747 1765 0.333699
1765 1766 0.38393
1766 1767 13.034091
1766 1768 0.081066
1768 1769 12.885822
1768 1770 0.296543
1770 1771 0.472323
1771 1772 0.053861
1772 1773 14.710412999999999
1772 1774 0.574262
1774 1775 1.0875309999999998
1775 1776 15.708209
1775 1777 0.640953
1777 1778 14.786228000000001
1777 1779 4.66857
1779 1780 19.302615
1779 1781 73.14030500000001
1774 1782 14.641347
1771 1783 0.190271
1783 1784 0.142833
1784 1785 13.089746
1784 1786 12.868117000000002
1783 1787 13.320275
1770 1788 0.244762
1788 1789 0.343546
1789 1790 12.303318
1789 1791 12.145699
1788 1792 0.19165000000000001
1792 1793 12.736116
1792 1794 11.870019
1765 1795 12.244835
1746 1796 0.196964
1796 1797 0.09780100000000001
1797 1798 11.783660999999999
1797 1799 10.582476
1796 1800 0.267768
1800 1801 11.071010000000001
1800 1802 11.447016
1745 1803 0.073126
1803 1804 11.211746
1803 1805 0.104882
1805 1806 0.140371
1806 1807 0.43288099999999996
1807 1808 11.445816
1807 1809 12.146102
1806 1810 0.092191
1810 1811 0.339665
1811 1812 12.008277
1811 1813 11.197949
1810 1814 11.573552
1805 1815 0.165733
1815 1816 11.414843
1815 1817 11.25545
876 1818 10.358547
875 1819 0.191426
1819 1820 10.743231
1819 1821 10.346934000000001
856 1822 11.14222
849 1823 0.078068
1823 1824 0.288609
1824 1825 10.070310000000001
1824 1826 10.797447
1823 1827 0.04876
1827 1828 0.28881599999999996
1828 1829 0.495961
1829 1830 0.709555
1830 1831 0.318918
1831 1832 13.956498
1831 1833 0.357344
1833 1834 0.189026
1834 1835 0.086021
1835 1836 14.29109
1835 1837 0.23032500000000003
1837 1838 14.370304
1837 1839 0.183288
1839 1840 13.404126999999999
1839 1841 0.100595
1841 1842 13.018730000000001
1841 1843 13.261469
1834 1844 0.082286
1844 1845 0.262067
1845 1846 15.209522
1845 1847 14.302309
1844 1848 0.11388
1848 1849 0.732982
1849 1850 15.109981999999999
1849 1851 14.147388999999999
1848 1852 14.965025
1833 1853 0.309141
1853 1854 14.370348
1853 1855 13.4638
1830 1856 0.327833
1856 1857 13.320502000000001
1856 1858 12.798322
1829 1859 0.30435100000000004
1859 1860 0.116638
1860 1861 0.158378
1861 1862 13.043974
1861 1863 11.956701
1860 1864 0.5271210000000001
1864 1865 0.613596
1865 1866 12.061149
1865 1867 12.231147
1864 1868 0.13666399999999998
1868 1869 13.286757
1868 1870 14.052545
1859 1871 0.11738499999999999
1871 1872 0.19731200000000002
1872 1873 11.666846
1872 1874 11.385778
1871 1875 0.41629
1875 1876 0.399782
1876 1877 4.307513
1877 1878 7.001577
1877 1879 7.355713999999999
1876 1880 12.377492
1875 1881 0.564715
1881 1882 0.171344
1882 1883 0.300524
1883 1884 9.671034
1883 1885 10.169552
1882 1886 0.165092
1886 1887 0.194718
1887 1888 10.304969999999999
1887 1889 11.382315
1886 1890 10.689791
1881 1891 0.44566
1891 1892 9.747404
1891 1893 10.16597
1828 1894 0.411232
1894 1895 0.463739
1895 1896 11.165243
1895 1897 11.352782999999999
1894 1898 0.379893
1898 1899 11.206936
1898 1900 0.20681699999999997
1900 1901 10.871519000000001
1900 1902 11.798773
1827 1903 11.892811
848 1904 11.29641
833 1905 0.097992
1905 1906 0.148719
1906 1907 10.690401
1906 1908 10.103402
1905 1909 10.174726
2 1910 0.161997
1910 1911 0.642818
1911 1912 0.42016
1912 1913 0.130401
1913 1914 0.274892
1914 1915 10.801845
1914 1916 0.20730700000000002
1916 1917 0.345261
1917 1918 0.012006999999999999
1918 1919 0.066858
1919 1920 0.151063
1920 1921 0.2059
1921 1922 10.993168
1921 1923 0.10805400000000001
1923 1924 0.05333
1924 1925 0.11597999999999999
1925 1926 0.479556
1926 1927 0.136738
1927 1928 9.896662000000001
1927 1929 11.416734
1926 1930 9.931977
1925 1931 0.203971
1931 1932 0.10956900000000001
1932 1933 0.096585
1933 1934 0.303527
1934 1935 0.894972
1935 1936 9.562142999999999
1935 1937 10.789832
1934 1938 10.170867999999999
1933 1939 10.826203
1932 1940 2.8358470000000002
1940 1941 7.776321
1940 1942 7.921047000000001
1931 1943 0.38845
1943 1944 11.606862
1943 1945 0.180794
1945 1946 0.734769
1946 1947 1.796872
1947 1948 0.937445
1948 1949 7.289962
1948 1950 7.266354
1947 1951 7.720013000000001
1946 1952 10.939835
1945 1953 0.276095
1953 1954 10.024489
1953 1955 10.400898
1924 1956 0.43814
1956 1957 14.021745999999998
1956 1958 11.535509
1923 1959 0.38646
1959 1960 10.301663
1959 1961 10.27082
1920 1962 0.21631100000000003
1962 1963 10.710398999999999
1962 1964 11.428612000000001
1919 1965 0.07021799999999999
1965 1966 11.737627
1965 1967 0.16619
1967 1968 0.108003
1968 1969 11.945144
1968 1970 11.569442
1967 1971 3.356936
1971 1972 7.5867130000000005
1971 1973 2.2553389999999998
1973 1974 4.712269
1973 1975 6.929726
1918 1976 0.513119
1976 1977 0.6080720000000001
1977 1978 10.953245
1977 1979 11.640867
1976 1980 0.203491
1980 1981 12.263855
1980 1982 11.872114999999999
1917 1983 0.20443700000000004
1983 1984 11.299667
1983 1985 12.68037
1916 1986 11.937992
1913 1987 0.263167
1987 1988 10.880708
1987 1989 10.13523
1912 1990 10.220701
1911 1991 12.023701
1910 1992 0.068885
1992 1993 0.255166
1993 1994 9.672637
1993 1995 10.386581
1992 1996 10.918837
1 1997 9.535201
1 1998 10.305384
