17676 15
14188 16
4899 17
717 18
28102 20
284 21
21768 22
29927 23
26288 25
22764 26
12189 27
2980 28
15945 29
25560 30
30354 31
10247 51
13911 52
20682 53
12442 54
1325 55
18508 72
21376 73
25609 74
22454 75
31324 76
5201 85
29165 87
3949 88
24962 89
6778 90
31523 91
23896 92
29082 93
2950 94
16641 95
10508 126
14726 127
9713 128
16814 129
3481 130
28073 131
28161 132
28407 133
30039 134
29259 136
10452 137
15519 138
10972 139
28643 140
7842 141
10402 142
17189 143
4804 144
20146 145
19257 146
19030 147
19225 148
30266 149
30494 150
26427 151
9473 152
3318 153
24797 154
12887 155
11398 157
14172 158
6804 159
28750 160
2357 161
12700 162
21720 176
21637 177
17444 178
5354 180
19193 181
944 182
21172 183
12336 184
26151 185
989 186
11419 187
2174 188
12538 189
7345 190
26330 193
13757 194
3549 219
8849 220
9060 221
29741 222
21064 223
16084 224
794 225
11020 226
27653 227
18241 228
5286 229
1752 230
10187 231
23091 232
29250 233
17832 234
13174 235
20681 236
23108 237
31184 238
3851 239
26811 240
5083 241
28592 242
28978 243
4094 244
10597 258
10815 263
10022 264
787 265
11319 266
11246 267
3721 268
11291 269
12305 270
2057 271
6620 272
3567 273
17397 276
7263 286
11729 292
5339 293
8964 294
11081 295
2380 296
1977 297
5610 298
8593 299
17989 300
27983 301
23161 302
26697 304
4552 305
15100 306
6258 308
4157 309
26558 310
7384 317
2002 322
23232 325
2842 332
26436 334
7642 335
7543 336
24023 337
29462 338
6560 339
1907 340
7787 341
9036 342
11321 343
13924 344
11171 345
6439 346
24193 347
15962 348
31063 350
14138 351
13933 352
18739 353
28309 354
3306 355
23354 359
29675 360
3612 361
9593 362
27509 381
8546 382
13817 383
8096 384
28860 385
1285 386
22220 387
17935 388
15880 389
24067 390
27859 391
5561 392
31177 393
8975 394
21213 395
8000 396
14832 397
10861 403
31076 404
26852 405
187 406
24136 407
28584 408
15005 416
15438 417
17786 418
15417 419
22632 420
20287 421
21381 422
3012 423
20615 424
26866 438
22604 445
27938 451
20885 452
6313 453
3237 454
15361 455
22665 456
29218 457
16237 458
23212 459
6577 460
26965 461
28106 462
13395 463
21166 464
21962 465
5778 466
618 467
18710 468
29527 469
12421 470
20629 471
30990 472
28050 473
13450 474
10393 478
26527 479
19771 480
7123 481
21890 483
24906 484
7429 499
12822 503
17572 504
30417 505
14316 506
14480 507
1518 508
30071 509
10399 510
871 511
29149 512
19378 513
6111 514
11357 515
24397 516
15887 517
25992 518
18295 520
30225 521
9003 536
28468 537
20397 538
23788 539
3646 540
10418 541
28645 542
325 543
4821 545
15271 546
30265 547
7506 548
9728 549
22958 554
25464 555
30670 556
20754 557
10353 559
3943 560
11341 561
21240 562
4009 563
23209 580
1570 581
4349 582
14118 583
20749 584
16039 585
22274 586
29398 587
6413 588
24485 589
19327 590
6919 591
12106 597
26132 598
8606 599
28625 600
7550 602
17474 603
7799 604
11300 605
22926 606
30442 607
17421 643
12999 644
6106 645
4848 647
30259 648
13519 649
20384 650
6504 651
11164 652
10066 653
17437 654
3855 655
2436 656
26259 657
15382 658
5713 659
518 660
7710 661
13269 662
13605 663
16020 664
10727 665
7537 666
13906 667
7965 668
22442 669
26694 670
15457 671
18236 672
27375 673
21471 680
29900 681
29560 682
19016 683
3000 684
12429 685
5585 686
5307 688
27904 689
11510 690
7372 691
14224 692
11540 693
9454 694
6048 695
23285 696
12223 698
15670 700
29386 714
15990 718
24220 719
30578 720
8442 721
15016 722
25137 724
31420 725
22346 727
7106 728
25518 729
17433 730
20677 731
27148 733
789 734
11969 735
30880 736
64 737
8069 738
2259 739
16099 743
9976 746
22488 755
16131 760
17717 761
24535 762
18043 763
28891 764
20231 765
20973 766
7330 767
17173 768
20393 769
17934 770
27194 772
29991 773
24984 774
21974 776
2880 783
16488 784
30172 787
25892 790
10361 791
25810 792
18779 793
2364 794
9163 796
3358 797
19665 805
13847 808
9594 809
19102 810
25727 811
24128 812
29062 813
21130 814
31342 815
21914 818
28016 819
5631 820
3992 822
18915 823
28444 825
2247 829
20904 840
20736 843
15735 845
26192 846
26176 847
10303 848
15847 849
3998 850
6381 851
7225 852
29187 853
5635 854
26809 855
6902 856
9184 857
7886 858
27498 859
1424 862
22199 874
19787 875
23812 876
9041 877
5777 878
1741 879
30735 880
20071 881
5969 883
7226 890
10008 891
1708 892
31254 893
483 896
22118 897
23593 899
6873 900
23556 901
26798 904
19243 905
22007 909
23795 910
445 911
13015 912
9618 914
28382 915
3388 916
8970 917
24456 930
30668 931
16982 932
15175 933
14748 934
29831 935
5658 936
9897 937
26086 943
27240 945
10970 946
10378 947
6597 948
7155 949
28789 950
21969 951
15533 952
19002 953
16518 960
15045 962
2043 964
9565 967
25719 970
10321 971
11269 972
10907 974
2125 975
14243 976
30465 977
21382 978
24821 980
23597 981
3492 982
13792 995
23235 996
16532 997
28696 999
21880 1000
8600 1001
15074 1002
7474 1003
3711 1004
14946 1006
18053 1008
6681 1010
2850 1011
26788 1012
29816 1018
4782 1024
30394 1025
1721 1026
28727 1027
25573 1028
23401 1029
29739 1030
8959 1036
28951 1037
29170 1039
20199 1040
12220 1041
11631 1042
436 1043
22404 1044
11283 1051
6749 1052
27167 1056
25256 1057
22961 1058
31349 1059
29117 1060
29763 1064
24511 1066
28512 1067
24646 1068
22163 1069
6479 1070
18992 1073
22074 1074
10211 1076
21181 1079
16623 1080
31383 1082
14023 1083
23686 1097
5516 1098
6968 1099
25733 1100
22792 1101
1342 1102
8385 1103
11271 1105
17664 1106
7052 1112
6771 1115
6696 1116
22360 1117
9933 1120
25571 1122
14513 1123
710 1126
29336 1127
6383 1128
18824 1131
17773 1132
10513 1133
8176 1135
27716 1139
13000 1141
21920 1142
21739 1143
14747 1144
28990 1146
30704 1149
1021 1151
15049 1152
2592 1153
9658 1157
12290 1164
14047 1165
14167 1166
1560 1167
2774 1168
19369 1169
16791 1170
16843 1173
9129 1175
8503 1180
18382 1182
12309 1183
19165 1184
24209 1185
5049 1186
11339 1187
12000 1193
15547 1194
30519 1196
18256 1197
9296 1199
5788 1202
4809 1203
14376 1205
31450 1206
11232 1208
2386 1211
25109 1212
20219 1213
18902 1214
24507 1218
1377 1219
21949 1221
31025 1223
24579 1224
12600 1231
11770 1232
3493 1233
17243 1234
1897 1235
27171 1241
5168 1242
20678 1243
1795 1244
5326 1245
1329 1248
14349 1249
6060 1251
30729 1252
15933 1253
13120 1263
19387 1264
8185 1265
21258 1266
19139 1267
28518 1268
29220 1271
798 1272
20946 1274
15043 1277
23168 1279
25577 1280
8354 1281
750 1284
8985 1285
13100 1286
24498 1294
16594 1295
9777 1297
2986 1298
5274 1300
18723 1302
26822 1304
14612 1306
2977 1307
5182 1311
2363 1312
5464 1314
26736 1316
15419 1317
4986 1320
22781 1321
4802 1323
6831 1325
22221 1326
27405 1329
3844 1330
22664 1332
20813 1335
17586 1336
9314 1337
27039 1338
2485 1339
29867 1344
8908 1348
25882 1349
20158 1350
9260 1351
13943 1357
28280 1358
14952 1359
242 1360
30580 1361
22716 1362
13458 1370
31414 1371
15787 1372
5472 1373
14530 1374
14754 1375
14199 1376
31456 1377
8711 1382
1454 1383
19353 1385
10335 1386
18067 1387
1044 1388
17365 1396
1170 1399
29948 1400
26057 1401
31278 1403
22492 1404
8745 1407
26913 1412
23799 1413
23105 1415
302 1416
31024 1417
28725 1418
18995 1420
30025 1422
22375 1423
18327 1431
7583 1432
11105 1435
11158 1436
28344 1437
6472 1438
6113 1439
14739 1440
20221 1441
7122 1446
5694 1447
28132 1448
1547 1451
6129 1452
17604 1453
20423 1454
23904 1455
7904 1457
17350 1458
30208 1469
28451 1470
2504 1471
6775 1472
24421 1473
735 1474
5828 1475
28431 1476
28940 1479
18377 1480
30605 1481
9999 1489
11962 1490
17667 1492
19850 1493
4536 1496
30773 1497
9628 1499
4183 1500
29231 1503
15879 1504
20485 1505
13671 1507
6390 1508
20842 1513
3490 1514
22820 1515
15659 1516
24586 1517
15334 1522
18063 1523
27676 1524
2316 1525
4160 1527
17688 1528
11533 1538
13597 1539
22698 1540
22208 1541
11823 1542
18740 1543
23090 1544
21799 1545
28481 1547
29788 1548
26549 1549
31098 1555
18612 1556
18441 1564
26646 1565
17878 1566
16854 1567
13945 1569
29488 1570
23656 1571
16135 1572
19218 1579
4926 1580
12589 1581
1946 1582
31 1583
19316 1584
8306 1587
10251 1588
12167 1589
13719 1594
10601 1595
6248 1598
13162 1599
8943 1601
15154 1603
1690 1604
235 1605
16801 1607
30887 1608
21038 1616
16127 1617
29694 1620
31164 1621
5270 1622
9927 1625
10329 1626
21270 1628
15582 1629
2089 1632
17038 1634
29510 1635
19664 1638
4035 1639
21822 1640
9605 1645
7441 1646
9526 1648
19569 1649
16933 1650
20337 1653
20544 1654
5715 1655
25338 1663
15896 1664
29169 1666
20271 1667
6316 1668
9538 1670
16848 1671
20174 1674
25932 1676
28308 1677
25357 1679
20390 1681
11201 1682
27746 1683
24068 1684
24293 1689
28126 1691
297 1693
20732 1697
5178 1698
22290 1699
29789 1700
28697 1702
6215 1704
25066 1705
17459 1706
25467 1714
20124 1715
10421 1716
3373 1717
3148 1718
22584 1719
28920 1722
1098 1723
27693 1724
31516 1730
6662 1731
21164 1732
26254 1733
23143 1735
27142 1736
24409 1737
26038 1741
19032 1750
21873 1751
27974 1752
14956 1753
30218 1754
16316 1755
13504 1756
14438 1758
16662 1759
21226 1764
28700 1766
6305 1767
10888 1768
11029 1770
22498 1771
10537 1775
6470 1776
13266 1779
7693 1780
27415 1781
8274 1782
31417 1784
5716 1785
10265 1788
14878 1789
25447 1791
10263 1795
14024 1796
25519 1799
30500 1801
5542 1802
30526 1803
10708 1804
4484 1810
21031 1819
17001 1821
27565 1822
28343 1823
1055 1824
20819 1825
14989 1826
3047 1827
16282 1828
20724 1829
7022 1830
25887 1831
24104 1842
21259 1843
14492 1844
15742 1845
5731 1846
27886 1847
13416 1848
12913 1849
15343 1857
17903 1858
1680 1859
31246 1860
11923 1861
23705 1862
1826 1863
8768 1864
900 1865
25099 1869
23851 1870
27083 1876
15536 1877
12082 1878
26966 1879
24529 1880
18932 1881
12925 1883
15291 1885
18825 1886
17425 1890
14916 1891
27376 1893
10134 1902
21684 1904
18913 1905
3015 1906
2369 1907
2261 1908
27244 1909
23298 1910
14448 1911
12936 1912
5960 1914
3483 1915
14071 1923
5485 1925
17295 1926
3155 1927
18563 1928
23318 1929
26127 1930
6813 1931
10568 1935
3177 1937
12873 1942
10868 1944
26844 1946
6511 1947
321 1948
25460 1949
25472 1951
3034 1952
22736 1958
3617 1960
24966 1961
26696 1963
23780 1964
13267 1965
12730 1966
28541 1967
11625 1968
14753 1970
3234 1980
10769 1981
30807 1982
24492 1983
20748 1984
13929 1986
28846 1987
26198 1989
25106 1990
26652 1992
14119 1993
3228 1994
27828 1996
25443 1997
8432 1998
