21744 9
27680 11
3392 12
4285 14
23828 16
29313 17
11612 18
335 22
14601 23
570 24
27927 31
1132 33
25004 34
19647 38
28693 40
13587 41
30313 45
31345 48
1523 52
15275 57
9875 58
168 59
8966 62
1984 64
4410 66
19051 67
23336 71
25581 72
11616 75
25847 76
1921 79
6665 81
27130 82
416 83
22864 87
17418 88
28805 89
230 94
16616 95
21671 97
12867 98
7597 101
13340 103
1063 104
3760 105
21250 108
12836 110
24922 112
11136 113
14980 120
7574 121
10802 122
13008 123
22522 125
12722 126
13690 130
15742 132
19069 133
9149 136
16344 137
24483 138
1870 142
19184 143
20315 146
6224 147
6817 149
8339 151
6609 152
26843 153
28706 155
8755 157
2188 159
30684 160
17080 162
20471 163
25674 168
3695 172
30022 173
29812 174
29191 175
19665 179
26567 180
3137 183
28074 184
18100 190
24907 191
15481 192
10162 193
28177 198
30685 199
3595 202
16922 203
23914 206
30677 207
19158 209
20469 210
24245 213
6263 214
23505 215
27863 219
26521 220
22041 225
728 226
1237 227
18061 229
14749 232
15678 233
11658 234
27317 239
6107 240
15749 242
1656 243
26582 244
10877 245
12041 250
27982 253
27250 254
20530 260
28920 264
7810 265
26064 266
30054 269
16598 270
1482 276
27574 278
13410 279
27600 281
14485 283
11135 284
10556 289
29056 290
30971 291
25207 292
5386 293
22091 295
31039 296
29684 297
6060 299
7727 300
11147 303
1872 304
7908 309
24428 310
22727 311
13420 312
28478 314
14394 315
19300 316
14870 318
30242 319
10440 322
26126 323
9914 325
22066 327
29202 329
4861 330
4230 332
13679 334
10664 335
22417 340
5754 341
16726 342
4055 345
9660 346
18754 348
4934 352
31086 354
10012 355
11583 356
27278 357
865 360
2620 362
3911 364
4507 365
15812 367
7036 368
276 374
7068 375
1948 376
30153 378
27743 379
28022 382
21652 383
13969 385
10214 386
27653 388
26602 389
11271 395
17664 396
281 397
15486 399
23378 400
74 402
29203 403
11812 406
13208 408
22449 409
20480 410
21350 412
30058 414
14278 415
3624 416
2201 420
14079 421
7765 424
25003 426
21886 427
2861 432
25573 434
15927 435
4340 437
26922 438
11876 440
5047 443
25453 444
19212 445
8031 447
23309 448
23968 453
12430 454
6161 455
14105 459
28844 460
20692 462
16532 463
1797 465
4604 466
1730 467
15577 468
20377 472
19950 473
13469 474
4226 476
15351 479
21479 480
2124 483
8555 484
10817 486
11651 487
27026 492
5138 493
12625 495
8056 496
4127 498
20884 500
845 501
23529 503
6192 504
29436 509
2634 510
21771 512
26960 513
29938 518
9862 520
11682 521
812 525
31030 526
2306 527
4541 530
21944 531
9258 533
24596 534
1550 536
15034 539
3075 540
12710 543
14902 544
6698 545
25246 551
9332 553
836 554
23078 555
8429 557
10444 559
1829 560
15791 561
11837 567
2464 568
1190 569
8839 571
11404 572
8679 575
15296 576
8589 577
12251 579
4741 581
22647 582
29183 585
27206 586
21506 587
17689 593
24160 595
13226 596
22326 597
29652 601
2400 602
21691 603
9708 604
16530 609
27723 611
26066 612
9259 614
3102 616
6482 617
22409 618
27382 623
26379 624
15365 628
29438 630
19688 632
28195 633
319 640
15051 641
20832 642
1342 644
21091 645
16095 648
14487 650
18051 652
31437 653
959 654
29704 658
28808 659
18376 664
9013 668
29209 669
7020 671
25367 672
19378 675
1448 677
6721 678
23915 680
21180 682
16122 684
12974 686
5895 687
13214 689
10261 691
6022 692
29116 695
4037 696
6737 697
29042 698
29003 703
1888 704
11603 705
3818 711
3203 712
17928 713
5567 714
5775 716
4355 718
30099 719
9005 721
14476 722
26267 723
3103 725
13916 727
26915 729
20813 731
14557 732
1361 737
9391 739
16007 740
14766 741
16349 744
30933 745
15383 746
3841 756
20708 757
17046 758
12989 760
19320 761
8321 762
4572 764
28603 768
22122 773
23317 774
2980 775
8928 776
882 777
15819 779
7356 780
29943 781
8909 786
10332 787
19193 790
6346 791
23648 796
10155 797
13157 798
6940 802
23982 803
25302 806
18960 807
10186 808
31341 810
6225 811
30682 815
12489 818
366 819
27869 820
7583 823
1726 824
29475 826
3706 827
29730 830
30620 831
18042 834
25578 835
7453 837
3415 839
27283 840
31356 844
11695 845
31417 846
21175 848
10669 850
19690 851
23092 856
3855 857
1584 859
24689 861
19459 862
19654 864
66 866
25002 867
637 869
883 870
8410 874
12243 875
26598 878
28036 879
15798 880
15769 881
23329 885
24057 890
23541 891
24378 892
23956 893
1657 894
5389 902
28440 903
6078 904
11781 906
6481 907
14673 909
23651 910
1169 913
25921 915
19773 917
9925 919
29723 922
6155 923
12665 925
20543 926
23712 929
29043 930
14986 931
20895 935
25399 936
3325 937
22740 940
8725 941
24827 943
23792 946
15517 947
24617 948
29394 952
30763 953
14996 954
29915 955
24124 957
8039 960
8127 963
1907 964
27196 965
17378 967
4984 968
13584 971
19114 973
29773 974
252 976
22784 977
2858 979
8574 980
18168 982
9432 983
29197 986
16774 987
2924 988
9002 991
28948 992
23443 994
15184 995
13575 998
26792 1001
20019 1004
21998 1005
24000 1006
22532 1008
151 1009
12656 1011
30238 1013
28623 1014
23139 1018
30314 1019
23996 1020
3064 1022
21020 1023
31155 1027
11752 1029
27826 1030
17731 1031
30745 1032
24235 1034
29801 1035
25069 1039
26069 1040
29446 1043
21009 1045
28239 1046
6621 1054
14233 1056
27393 1057
29575 1058
8122 1059
17530 1060
8439 1063
3481 1064
4129 1067
24804 1068
5194 1070
8094 1073
8455 1075
7385 1076
9762 1088
4228 1090
20603 1092
24715 1093
27811 1094
29993 1099
3740 1101
20063 1102
231 1104
9541 1105
22949 1107
19971 1109
23447 1110
7163 1113
15652 1114
12985 1116
14334 1117
3131 1120
2385 1124
31156 1125
12282 1126
31193 1127
31173 1130
20889 1132
27919 1133
22018 1134
14429 1136
14821 1138
1244 1140
7133 1141
27224 1146
4566 1147
3899 1148
29321 1151
15502 1152
27679 1155
8239 1156
4137 1157
5266 1161
26270 1162
7898 1165
6156 1166
8135 1169
3311 1172
7072 1173
2330 1174
17605 1176
14168 1177
8174 1179
3193 1184
19048 1185
14249 1186
25554 1188
13525 1190
30279 1191
1721 1194
24597 1195
15054 1196
6840 1200
17216 1201
11767 1203
13373 1205
29153 1207
14149 1208
12706 1212
2900 1213
22531 1217
25259 1218
11775 1219
31495 1220
1215 1222
29523 1224
4758 1226
5921 1227
3622 1239
6331 1241
16873 1243
17915 1244
13293 1247
11574 1249
9168 1250
20265 1251
23123 1253
11514 1255
5056 1256
14199 1262
17737 1264
10425 1265
9214 1266
25600 1268
10105 1269
31134 1272
6924 1273
29508 1274
18712 1277
13381 1278
2308 1279
12928 1283
25619 1284
17860 1285
29686 1289
7743 1290
23327 1294
6619 1296
13999 1298
26247 1299
15906 1300
29347 1304
11026 1305
11428 1307
29257 1310
20815 1311
19564 1312
8484 1314
18220 1315
2931 1319
3093 1321
23523 1322
17795 1324
31493 1329
15286 1331
27925 1334
29242 1337
22623 1338
2336 1339
6031 1343
20843 1345
31054 1346
14772 1348
28343 1350
2237 1351
14874 1357
9759 1359
11015 1360
3860 1368
6027 1369
9712 1371
2576 1373
25865 1375
10589 1376
24985 1378
11947 1381
29771 1383
14311 1384
8987 1385
11340 1387
25331 1391
20232 1392
25038 1394
21642 1395
30577 1396
1252 1401
19730 1402
19856 1404
6184 1405
15951 1406
3021 1407
19175 1409
25944 1413
11758 1414
27868 1420
6732 1421
12461 1422
20699 1426
18202 1427
10117 1428
13962 1435
4114 1436
6978 1438
3182 1442
20457 1443
31082 1445
6595 1448
12753 1449
25634 1451
20493 1452
26244 1456
21669 1457
7222 1458
26627 1460
28118 1463
27427 1464
15697 1466
27476 1467
718 1469
19649 1470
20877 1472
28726 1473
29908 1475
3234 1477
23023 1478
7604 1480
12616 1481
28052 1482
12812 1483
23067 1485
3030 1487
18702 1488
11687 1490
4532 1491
21318 1492
20287 1496
14182 1497
22375 1499
14000 1500
22618 1504
12541 1505
27416 1507
19267 1508
3127 1514
6144 1516
31406 1518
23470 1519
23043 1524
21094 1526
24667 1527
18082 1528
17629 1531
20966 1533
22 1535
21375 1536
12231 1539
26305 1540
31435 1541
1312 1544
26106 1547
18 1548
3435 1550
16154 1552
22200 1553
24925 1556
759 1557
26336 1561
22311 1562
25518 1563
2908 1564
29843 1567
23434 1568
26984 1569
20260 1570
21111 1571
4449 1573
26252 1574
2052 1575
15203 1581
12646 1582
19276 1584
16223 1587
11353 1588
14518 1589
12478 1593
25338 1594
15868 1596
25910 1597
11742 1599
7775 1601
5082 1602
28972 1603
1500 1606
13531 1607
28526 1609
2612 1610
9119 1612
30817 1614
11396 1617
13280 1620
22290 1621
30303 1623
17748 1624
1897 1625
13360 1627
1691 1629
13560 1631
27118 1633
10391 1635
12847 1637
24304 1640
2953 1641
21699 1642
4413 1645
809 1646
31042 1649
12720 1650
26957 1654
25123 1655
18828 1656
12831 1657
2051 1660
1741 1662
6317 1664
13458 1665
18573 1667
28952 1668
12037 1672
29264 1673
8645 1675
20942 1676
16875 1681
13832 1682
12289 1684
26698 1685
7976 1689
25305 1690
5285 1691
20753 1694
10713 1695
14096 1696
20319 1702
25238 1703
15255 1706
2697 1707
25120 1708
27347 1712
11006 1713
1423 1714
26997 1716
9478 1718
18655 1719
18759 1723
22479 1724
13526 1727
6018 1728
7212 1729
21668 1731
8369 1732
2680 1736
26325 1737
11803 1738
27085 1744
27439 1747
11035 1749
17670 1750
14942 1752
26203 1754
8282 1755
18236 1758
8770 1759
10844 1761
4663 1762
12724 1763
12986 1765
7418 1766
29318 1770
5831 1772
12856 1773
20743 1774
22600 1776
26465 1777
20945 1780
30269 1781
1773 1783
9659 1784
31416 1787
17960 1788
22012 1789
9512 1793
11117 1794
20048 1796
15402 1797
7781 1799
25548 1800
29266 1802
4447 1805
28964 1807
24537 1808
27441 1809
29960 1814
30554 1815
24644 1817
26618 1818
19771 1821
6 1822
27486 1825
21740 1826
21965 1827
28746 1831
29362 1832
11279 1835
14341 1836
30701 1837
30329 1839
8000 1841
6858 1842
26199 1849
3852 1850
25303 1851
12483 1853
16767 1854
23112 1859
28685 1860
19843 1861
23974 1862
16437 1865
28486 1866
21629 1868
22163 1869
20796 1873
23500 1874
4807 1878
29937 1879
11374 1881
48 1882
23624 1883
617 1887
18342 1888
6784 1889
15373 1891
28788 1897
24462 1898
18437 1900
27433 1903
17062 1904
1314 1907
25055 1908
18485 1909
24463 1911
6343 1912
19594 1913
25949 1916
10282 1918
29392 1919
10618 1921
3122 1923
24134 1924
10401 1928
25876 1930
743 1932
23198 1934
24744 1938
24848 1939
11328 1941
27587 1944
17280 1945
13055 1947
24080 1949
19981 1950
15658 1953
1529 1954
8666 1956
13368 1957
14592 1958
17035 1959
9565 1962
8998 1964
2431 1965
15432 1967
13925 1968
1216 1972
14372 1973
5745 1974
15723 1977
14615 1978
1826 1981
19166 1982
30071 1984
25472 1985
11821 1988
30638 1989
25464 1991
13249 1992
17182 1994
24475 1996
27617 1997
20609 1998
