570 6
14601 7
335 8
25069 13
26069 14
11821 16
30638 17
21009 21
28239 22
29446 23
1216 27
14372 28
5745 29
1826 33
19166 34
12985 37
14334 38
29993 41
3740 43
20063 44
231 45
15723 48
14615 49
15432 51
30071 53
25472 54
21744 60
4285 62
29313 64
23828 65
11612 66
3392 70
20019 73
21998 74
26792 76
24000 77
22532 81
151 82
30238 86
28623 87
12656 88
29438 92
19688 94
28195 95
27927 106
4226 109
15351 112
21479 113
10817 116
11651 117
2124 119
8555 120
20377 123
19950 124
13469 125
11876 133
23309 137
8031 138
19212 139
5047 141
25453 142
2861 144
25573 146
15927 147
4340 149
26922 150
7765 152
25003 154
21886 155
1730 157
23968 161
12430 162
6161 163
14105 167
28844 168
20692 170
16532 171
1797 173
4604 174
31345 176
1523 179
15275 184
9875 185
168 186
22864 189
28805 191
17418 192
8966 196
4410 199
19051 200
1984 201
12836 205
24922 207
11136 208
1870 215
19184 216
20315 219
6224 220
8339 223
6609 224
6817 225
26843 227
15742 229
13690 232
9149 234
16344 235
19069 237
14079 239
24483 240
22522 242
12722 244
28706 246
8755 248
2188 250
30684 251
14980 255
7574 256
10802 257
13008 258
21250 259
230 263
16616 264
21671 266
12867 267
3760 269
13340 271
1063 272
11616 277
25847 278
416 280
1921 282
27130 284
6665 285
23336 287
25581 288
13679 291
4230 293
10664 294
9914 296
12041 298
7597 299
20471 301
17080 302
25674 307
3695 311
30022 312
29812 313
29191 314
2201 317
13969 319
10214 320
19665 324
26567 325
3137 328
28074 329
27653 333
26602 334
18100 339
24907 340
15481 341
10162 342
19300 350
11147 355
1872 356
28478 358
14394 359
13420 360
7908 363
24428 364
22727 365
27982 367
27250 368
28920 372
7810 373
26064 374
20530 376
30054 379
16598 380
27600 385
1482 389
27574 390
13410 391
14485 393
11135 394
30971 397
10556 400
29056 401
25207 402
5386 403
22091 405
31039 406
29684 407
24245 409
6263 410
23505 411
4055 417
9660 418
18754 420
4934 424
31086 426
10012 427
11583 428
27278 429
22417 432
5754 433
16726 434
29202 439
4861 440
22066 442
14870 444
30242 445
10440 447
26126 448
7036 452
6060 454
7727 455
15812 456
865 458
2620 460
3911 462
4507 463
27863 466
26521 467
18061 471
14749 474
15678 475
11658 476
22041 479
728 480
1237 481
27317 486
6107 487
15749 489
1656 490
26582 491
10877 492
28177 495
30685 496
3595 499
16922 500
23914 503
30677 504
19158 506
20469 507
276 512
7068 513
1948 514
30153 516
27743 517
28022 519
21652 520
11271 526
17664 527
281 528
15486 530
23378 531
74 533
29203 534
11812 537
13208 539
22449 540
20480 541
21350 543
30058 545
14278 546
3624 547
15577 549
30313 550
23529 553
6192 554
27026 558
5138 559
12625 561
8056 562
4127 564
20884 566
845 567
19647 569
28693 571
13587 572
29436 576
2634 577
21771 579
26960 580
812 588
8589 589
31030 590
25246 595
9332 597
836 598
23078 599
8429 601
10444 603
1829 604
15791 605
1550 609
12710 613
14902 614
6698 615
15034 617
3075 618
2306 620
9258 623
24596 624
4541 626
21944 627
29938 629
9862 631
11682 632
8679 635
15296 636
12251 638
4741 640
22647 641
11837 645
2464 646
1190 647
8839 649
11404 650
29183 652
27206 653
21506 654
18168 656
9432 657
3103 663
26915 666
20813 668
14557 669
13916 670
1132 674
26598 675
28036 676
25004 677
13584 682
19114 684
29773 685
252 687
22784 688
14766 691
1361 693
9391 695
16007 696
16349 699
30933 700
15383 701
8039 710
8127 713
1907 714
27196 715
17378 717
4984 718
24124 719
29394 724
30763 725
14996 726
29915 727
5389 734
28440 735
6078 736
11781 738
6481 739
14673 741
23651 742
1169 745
25921 747
19773 749
9925 751
29723 754
6155 755
12665 757
20543 758
23712 761
29043 762
14986 763
20895 767
25399 768
3325 769
22740 772
8725 773
24827 775
23792 778
15517 779
24617 780
23329 782
24057 787
23541 788
24378 789
23956 790
1657 791
13214 797
10261 799
6022 800
18376 802
9013 806
29209 807
7020 809
25367 810
19378 813
1448 815
6721 816
23915 818
21180 820
16122 822
12974 824
5895 825
29116 828
6737 829
4037 830
26267 831
15365 832
3841 838
20708 839
17046 840
12989 842
19320 843
8410 848
12243 849
21691 852
4572 853
27347 857
11006 858
8645 866
20942 867
12037 869
29264 870
30269 875
1773 877
9659 878
4807 883
29937 884
11374 886
48 887
23624 888
22012 890
27441 892
31416 894
17960 895
16875 898
13832 900
12289 902
26698 903
7976 907
25305 908
5285 909
20753 912
10713 913
14096 914
3622 925
6331 927
16873 929
17915 930
28746 933
29362 934
11574 937
13293 939
9168 940
20265 941
23123 944
11514 945
5056 946
2052 948
12478 955
25338 956
15868 958
25910 959
11742 961
7775 963
5082 964
9214 970
14199 972
17737 974
10425 975
25600 977
10105 978
31134 980
6924 981
19276 982
15203 985
12646 986
16223 989
11353 990
14518 991
28972 992
6031 999
20843 1001
31054 1002
14772 1004
28343 1006
2237 1007
22618 1010
12541 1011
21111 1014
27416 1018
29042 1019
19267 1021
29508 1022
6144 1027
31406 1029
23470 1030
12231 1034
21094 1040
24667 1041
23043 1042
18082 1043
1312 1047
26106 1050
18 1051
3435 1053
16154 1055
22200 1056
24925 1059
759 1060
26336 1064
22311 1065
25518 1066
2908 1067
17629 1069
20966 1071
22 1073
21375 1074
31435 1075
26305 1076
3127 1077
29843 1080
23434 1081
26984 1082
20260 1083
21318 1086
14874 1089
9759 1091
11015 1092
25331 1102
20232 1103
25038 1105
21642 1106
30577 1107
11340 1108
29908 1112
27868 1116
6732 1117
12461 1118
13962 1124
4114 1125
6978 1127
31082 1131
25634 1134
20493 1135
6595 1137
12753 1138
20457 1140
3182 1141
26244 1145
21669 1146
7222 1147
26627 1149
28118 1152
27427 1153
15697 1155
27476 1156
718 1158
19649 1159
20877 1161
28726 1162
3234 1166
23023 1167
7604 1169
12616 1170
20699 1173
18202 1174
10117 1175
3860 1176
6027 1178
2576 1181
25865 1183
10589 1184
9712 1185
24985 1187
11947 1190
29771 1192
14311 1193
8987 1194
3021 1197
28052 1198
1252 1202
19730 1203
19856 1205
6184 1206
15951 1207
25944 1212
11758 1213
12812 1214
3030 1217
18702 1218
23067 1219
19175 1220
11687 1222
4532 1223
20287 1226
14182 1227
22375 1229
14000 1230
29242 1236
22623 1237
2336 1238
27925 1239
31493 1241
15286 1242
4449 1244
26252 1245
1500 1247
13531 1248
28526 1250
2612 1251
13280 1254
1897 1257
30817 1258
17748 1261
30303 1262
11396 1263
9119 1264
2931 1268
3093 1270
23523 1271
17795 1272
13360 1274
1691 1276
13560 1278
10391 1281
12847 1283
24304 1286
2953 1287
21699 1288
27118 1289
23327 1294
15906 1295
6619 1297
13999 1299
26247 1300
29686 1303
7743 1304
18220 1305
11428 1309
29257 1310
19564 1311
29347 1313
11026 1314
12928 1317
25619 1318
17860 1319
1215 1325
5921 1326
4758 1327
7163 1332
15652 1333
9762 1338
20796 1339
23500 1341
26199 1345
3852 1346
12483 1350
16767 1351
23974 1353
4447 1357
9541 1358
23112 1361
28685 1362
19843 1363
28964 1366
24537 1367
15373 1369
19594 1373
24463 1376
6343 1377
28788 1380
24462 1381
18437 1383
27433 1386
17062 1387
1314 1390
25055 1391
18485 1392
25949 1395
10282 1397
29392 1398
10618 1400
3122 1402
24134 1403
617 1406
18342 1407
6784 1408
25303 1410
14592 1413
10401 1415
25876 1417
743 1419
23198 1421
24744 1425
24848 1426
11328 1428
27587 1431
17280 1432
13055 1434
24080 1436
19981 1437
15658 1440
1529 1441
8666 1443
13368 1444
17035 1445
16437 1448
28486 1449
21629 1451
22163 1452
20889 1457
31173 1459
27919 1460
8439 1466
3481 1468
2431 1469
6621 1473
14233 1475
27393 1476
29575 1477
17530 1479
8122 1480
24804 1482
4129 1483
5194 1485
8094 1487
8455 1489
7385 1490
29266 1492
29153 1494
14149 1496
11767 1498
13373 1499
3131 1502
5266 1505
8174 1508
25554 1511
13525 1513
30279 1514
3193 1518
19048 1519
14249 1520
1721 1523
24597 1524
15054 1525
26270 1528
21965 1531
22290 1532
12706 1538
22531 1541
25259 1542
11775 1543
31495 1544
20945 1548
6840 1550
17216 1551
20815 1552
14821 1553
2900 1556
8484 1557
1244 1558
21740 1560
27486 1562
6 1564
19771 1565
7898 1568
6156 1569
8135 1572
3311 1576
7072 1577
2330 1578
29960 1582
30554 1583
24644 1585
26618 1586
30701 1589
11279 1591
14341 1592
30329 1594
8000 1596
6858 1597
17605 1599
14168 1600
27224 1604
4566 1605
29321 1608
15502 1609
27679 1612
8239 1613
4137 1614
3899 1615
14429 1616
22018 1618
2385 1622
31156 1623
12282 1624
31193 1625
27811 1627
4228 1629
20603 1631
24715 1632
22949 1634
19971 1636
23447 1637
7781 1640
25548 1641
7133 1642
29523 1643
6317 1646
13458 1647
12831 1648
2051 1652
1741 1653
18573 1655
28952 1656
4413 1659
809 1660
31042 1663
12720 1664
26957 1668
25123 1669
18828 1670
18712 1673
13381 1674
2308 1675
18759 1679
22479 1680
13526 1683
6018 1684
7212 1685
8369 1687
21668 1688
2680 1692
26325 1693
11803 1694
27085 1700
14942 1703
26203 1705
8282 1706
27439 1708
11035 1710
17670 1711
18236 1714
8770 1715
10844 1717
4663 1718
12724 1719
12986 1721
7418 1722
29318 1726
5831 1728
12856 1729
20743 1730
22600 1732
26465 1733
20319 1736
25238 1737
15255 1740
2697 1741
25120 1742
26997 1744
9478 1746
18655 1747
1423 1748
8321 1749
8909 1753
10332 1754
19193 1757
6346 1758
23648 1763
10155 1764
13157 1765
6940 1769
23982 1770
25302 1773
18960 1774
10186 1775
31341 1778
6225 1779
9512 1782
11117 1783
20048 1785
15402 1786
30682 1790
12489 1793
366 1794
27869 1795
7583 1798
1726 1799
29475 1801
3706 1802
29730 1805
30620 1806
7453 1809
3415 1811
27283 1812
18042 1814
25578 1815
23092 1821
3855 1822
1584 1824
24689 1826
19459 1827
19654 1829
66 1831
25002 1832
637 1834
883 1835
31356 1839
11695 1840
31417 1841
21175 1843
10669 1845
19690 1846
15769 1848
28603 1852
22122 1857
23317 1858
2980 1859
8928 1860
882 1862
7356 1863
29943 1864
15819 1865
319 1872
15051 1873
20832 1874
1342 1876
21091 1877
16095 1880
14487 1882
18051 1884
31437 1885
959 1886
29704 1888
28808 1889
29003 1894
1888 1895
11603 1896
3818 1902
3203 1903
17928 1904
5567 1905
5775 1907
4355 1909
30099 1910
9005 1912
14476 1913
15798 1914
2858 1916
8574 1917
27382 1919
26379 1920
16530 1924
27723 1926
26066 1927
9259 1929
3102 1931
6482 1932
22409 1933
29652 1938
2400 1939
9708 1940
17689 1943
24160 1945
13226 1946
22326 1947
2924 1949
29197 1951
16774 1952
9002 1956
28948 1957
23443 1959
15184 1960
23139 1964
30314 1965
23996 1966
21020 1968
3064 1969
13575 1970
9565 1972
8998 1975
27680 1976
13925 1977
31155 1981
11752 1983
27826 1984
17731 1985
30745 1986
25464 1988
13249 1989
29801 1991
24235 1992
17182 1994
24475 1996
27617 1997
20609 1998
