1 2 0.225823
2 3 0.030116000000000004
3 4 0.11933300000000001
4 5 0.091144
5 6 2.838523
5 7 6.703105
4 8 0.287065
8 9 0.243992
9 10 4.694181
9 11 0.189489
11 12 0.14507599999999998
12 13 0.13368
13 14 3.765285
13 15 0.139799
15 16 0.10502
16 17 0.333665
17 18 0.174233
18 19 0.187479
19 20 0.117933
20 21 0.046338
21 22 0.021572
22 23 0.083553
23 24 4.782373
23 25 4.618936
22 26 0.042149
26 27 4.588959
26 28 0.088309
28 29 5.003737
28 30 0.21141799999999997
30 31 4.688403
30 32 4.712907
21 33 4.815016
20 34 0.04753
34 35 0.049682000000000004
35 36 0.034468
36 37 0.030257
37 38 0.192907
38 39 4.853940000000001
38 40 5.669914
37 41 0.046803
41 42 0.946727
42 43 3.855275
42 44 4.329945
41 45 0.292749
45 46 4.679702
45 47 4.581289
36 48 0.045018
48 49 0.030725000000000002
49 50 0.029053
50 51 0.117869
51 52 4.988072000000001
51 53 4.600328
50 54 0.18615299999999999
54 55 4.483968
54 56 4.730251
49 57 0.158037
57 58 5.058745
57 59 5.278018
48 60 0.068667
60 61 0.16716
61 62 4.6850570000000005
61 63 4.809798
60 64 0.11347600000000001
64 65 4.786488
64 66 4.801913
35 67 0.11522800000000001
67 68 0.20063199999999998
68 69 0.035429
69 70 0.247885
70 71 4.935896
70 72 4.699277
69 73 5.060815
68 74 0.105561
74 75 0.12571
75 76 0.013024
76 77 0.127995
77 78 0.016250999999999998
78 79 0.198978
79 80 5.600042
79 81 5.438312
78 82 0.101864
82 83 0.137316
83 84 0.180375
84 85 0.080276
85 86 0.06136
86 87 0.030661
87 88 0.08203
88 89 0.175173
89 90 0.19630899999999998
90 91 0.08785000000000001
91 92 0.11179499999999999
92 93 0.17182
93 94 0.145005
94 95 0.140074
95 96 5.575583
95 97 0.107298
97 98 5.659917
97 99 6.0332539999999995
94 100 0.099636
100 101 5.723781
100 102 6.296799
93 103 6.066992
92 104 0.09310399999999999
104 105 0.179406
105 106 6.600692
105 107 6.402115
104 108 0.039840999999999994
108 109 0.19711199999999998
109 110 6.687704999999999
109 111 6.502192
108 112 0.165376
112 113 0.16571
113 114 6.065175
113 115 6.329587
112 116 6.1953759999999996
91 117 0.061021000000000006
117 118 0.064189
118 119 0.054713
119 120 0.064679
120 121 0.169056
121 122 6.588106000000001
121 123 6.367927
120 124 0.097215
124 125 0.054613999999999996
125 126 0.147726
126 127 6.579908
126 128 0.076064
128 129 0.268895
129 130 6.824497
129 131 7.347626999999999
128 132 0.106018
132 133 7.12275
132 134 0.029086
134 135 0.11397499999999999
135 136 0.059946
136 137 7.304265
136 138 7.335585
135 139 0.208997
139 140 0.268545
140 141 8.312148
140 142 8.3857
139 143 7.542494
134 144 0.058498999999999995
144 145 0.16019999999999998
145 146 7.24562
145 147 8.002275000000001
144 148 7.2532700000000006
125 149 0.013763
149 150 0.17685800000000002
150 151 6.473087
150 152 6.670038
149 153 0.068699
153 154 7.282109
153 155 0.090436
155 156 0.066145
156 157 6.80157
156 158 6.856054
155 159 0.179412
159 160 7.1368860000000005
159 161 6.848147
124 162 0.083987
162 163 0.106809
163 164 0.36894499999999997
164 165 6.541716
164 166 7.162681
163 167 0.057856
167 168 0.028734000000000003
168 169 6.688536000000001
168 170 0.11689000000000001
170 171 6.390142999999999
170 172 0.111261
172 173 6.363816999999999
172 174 6.077717
167 175 6.835157
162 176 0.183667
176 177 0.25318599999999997
177 178 0.113302
178 179 0.584743
179 180 7.956145
179 181 7.198205000000001
178 182 7.834339999999999
177 183 7.756201999999999
176 184 0.049946
184 185 7.330248
184 186 0.08103
186 187 0.110581
187 188 6.760641000000001
187 189 0.195334
189 190 7.518413
189 191 0.10041900000000001
191 192 0.058312
192 193 7.220869
192 194 0.122442
194 195 0.34414100000000003
195 196 6.601783999999999
195 197 6.494567
194 198 6.882238999999999
191 199 0.162396
199 200 0.12582100000000002
200 201 6.16627
200 202 6.275264
199 203 6.118333
186 204 8.100947999999999
119 205 0.038447999999999996
205 206 0.195864
206 207 6.244008999999999
206 208 6.61848
205 209 0.018352
209 210 0.058385
210 211 0.159225
211 212 6.242521
211 213 7.040921999999999
210 214 6.318791999999999
209 215 0.082482
215 216 0.03951
216 217 0.064266
217 218 0.17264400000000002
218 219 5.9851920000000005
218 220 0.159067
220 221 0.042133
221 222 0.073602
222 223 0.22527799999999998
223 224 0.021059
224 225 0.133743
225 226 5.672692
225 227 0.220667
227 228 6.007104
227 229 5.639295
224 230 0.088427
230 231 5.749757
230 232 0.073442
232 233 5.762849
232 234 5.790004
223 235 0.069745
235 236 0.120543
236 237 0.062036999999999995
237 238 5.158798
237 239 0.45392499999999997
239 240 5.636284
239 241 5.308524
236 242 0.122131
242 243 0.18689
243 244 0.141475
244 245 4.831289
244 246 4.803884
243 247 5.260771
242 248 0.11128500000000001
248 249 5.732189
248 250 5.446483
235 251 5.363555
222 252 0.053137
252 253 0.059033
253 254 6.052534
253 255 0.162387
255 256 5.708759
255 257 0.11882500000000001
257 258 0.16886500000000002
258 259 0.123588
259 260 6.1495679999999995
259 261 6.432284000000001
258 262 0.051809
262 263 0.16791899999999998
263 264 7.0049719999999995
263 265 5.951062
262 266 6.450416000000001
257 267 0.436256
267 268 5.540947999999999
267 269 6.011905
252 270 6.001684
221 271 0.10793
271 272 0.271233
272 273 6.422395
272 274 6.814275
271 275 6.30033
220 276 5.947442
217 277 6.412621000000001
216 278 6.308878
215 279 6.522654
118 280 0.04056
280 281 0.022928999999999998
281 282 0.08092200000000001
282 283 0.040339
283 284 6.598939
283 285 6.871594
282 286 0.099979
286 287 6.6188899999999995
286 288 6.61778
281 289 0.020663
289 290 0.136396
290 291 6.886411000000001
290 292 0.059332
292 293 6.954483
292 294 0.388828
294 295 8.096153000000001
294 296 7.011424
289 297 0.14716300000000002
297 298 6.768121000000001
297 299 6.702413
280 300 0.050427999999999994
300 301 0.32564899999999997
301 302 0.082956
302 303 0.108244
303 304 0.04237
304 305 0.089151
305 306 6.960632
305 307 6.930854999999999
304 308 7.488024
303 309 0.092102
309 310 7.030594
309 311 0.149013
311 312 7.058354
311 313 7.207315
302 314 0.039451
314 315 0.089502
315 316 0.046027
316 317 0.31582699999999997
317 318 8.705874
317 319 7.196838999999999
316 320 0.031322
320 321 0.060112
321 322 0.11452000000000001
322 323 0.103552
323 324 0.117423
324 325 0.013564999999999999
325 326 0.051769
326 327 0.10573500000000001
327 328 0.071741
328 329 0.063473
329 330 0.096234
330 331 8.341973
330 332 9.057465
329 333 7.597872
328 334 8.460849
327 335 0.11535000000000001
335 336 0.092205
336 337 7.5781730000000005
336 338 7.295540000000001
335 339 7.9994689999999995
326 340 0.042988
340 341 0.20026699999999997
341 342 8.164131
341 343 0.21987299999999999
343 344 0.051292000000000004
344 345 14.041442000000002
344 346 5.369222
346 347 3.221359
346 348 3.092953
343 349 0.416435
349 350 7.882347000000001
349 351 7.786502
340 352 0.18706899999999999
352 353 0.118202
353 354 7.61491
353 355 0.102583
355 356 7.782054
355 357 7.559386999999999
352 358 7.704529
325 359 0.173325
359 360 7.5481240000000005
359 361 0.09921
361 362 7.238421000000001
361 363 7.541747
324 364 0.130247
364 365 0.09073300000000001
365 366 0.333052
366 367 7.012963999999999
366 368 7.205932
365 369 0.02359
369 370 7.719278999999999
369 371 0.09176
371 372 7.126765
371 373 7.372767
364 374 8.074024
323 375 0.063581
375 376 0.162384
376 377 6.952026999999999
376 378 7.173324
375 379 0.467592
379 380 0.41878000000000004
380 381 0.050303999999999995
381 382 0.128275
382 383 0.12380799999999999
383 384 8.039517
383 385 7.816423
382 386 0.184818
386 387 0.10370900000000001
387 388 8.111369
387 389 0.09723699999999999
389 390 8.649975999999999
389 391 8.70269
386 392 0.091386
392 393 0.075763
393 394 0.152232
394 395 0.03095
395 396 0.12756499999999998
396 397 0.151212
397 398 0.05758
398 399 0.191379
399 400 0.130712
400 401 0.10491299999999999
401 402 11.001708
401 403 0.480987
403 404 10.226263
403 405 9.371492
400 406 9.9746
399 407 0.050898
407 408 0.133576
408 409 10.274395
408 410 0.097448
410 411 2.023009
411 412 7.567261
411 413 8.382224
410 414 9.529844
407 415 1.8308769999999999
415 416 7.92229
415 417 8.541695
398 418 0.170196
418 419 9.456266000000001
418 420 9.533444000000001
397 421 0.014041
421 422 1.163385
422 423 8.450841
422 424 8.574416
421 425 2.6252020000000003
425 426 7.248214999999999
425 427 6.877136
396 428 0.12565600000000002
428 429 0.043828
429 430 0.08139500000000001
430 431 9.250796
430 432 0.30252500000000004
432 433 8.782861
432 434 1.109562
434 435 9.095467
434 436 7.5556090000000005
429 437 0.123084
437 438 0.107832
438 439 0.185476
439 440 0.311706
440 441 0.28516
441 442 9.682269
441 443 0.183122
443 444 0.042524
444 445 0.107312
445 446 0.061676999999999996
446 447 0.063841
447 448 0.176647
448 449 10.035619
448 450 10.263726
447 451 0.14008
451 452 10.320228
451 453 0.036817
453 454 0.144335
454 455 0.120381
455 456 0.10551600000000001
456 457 0.197686
457 458 10.436773
457 459 10.610935000000001
456 460 0.11803
460 461 10.638542
460 462 10.455939
455 463 0.080031
463 464 0.061345
464 465 0.050839999999999996
465 466 0.028855
466 467 0.06825200000000001
467 468 0.15917399999999998
468 469 0.029842999999999998
469 470 0.19317600000000001
470 471 10.409846
470 472 10.731408
469 473 0.08746
473 474 0.047157
474 475 10.471979
474 476 0.379284
476 477 9.858207
476 478 9.59923
473 479 0.055158
479 480 0.048893000000000006
480 481 0.081192
481 482 10.413020000000001
481 483 10.166960999999999
480 484 0.095668
484 485 0.131654
485 486 0.23888600000000001
486 487 9.929679
486 488 9.855166
485 489 0.182068
489 490 10.222925
489 491 9.842557000000001
484 492 0.122673
492 493 0.238164
493 494 0.252448
494 495 11.943259000000001
494 496 10.320539
493 497 11.160087
492 498 0.07755200000000001
498 499 10.685721
498 500 11.110349999999999
479 501 0.17108500000000001
501 502 10.447699
501 503 11.535462
468 504 0.106567
504 505 0.051926999999999994
505 506 0.275547
506 507 0.060388
507 508 0.18898700000000002
508 509 0.165986
509 510 0.047323
510 511 0.32507600000000003
511 512 11.685099000000001
511 513 11.701243
510 514 0.318048
514 515 11.714747000000001
514 516 11.250642
509 517 12.084342
508 518 0.112823
518 519 0.12915100000000002
519 520 0.045827
520 521 0.113109
521 522 11.982091
521 523 12.292931999999999
520 524 0.261073
524 525 11.716367
524 526 12.324793
519 527 0.433593
527 528 12.36192
527 529 10.930877
518 530 10.967668
507 531 0.115218
531 532 11.642682
531 533 11.416252
506 534 0.316457
534 535 0.073891
535 536 0.17038699999999998
536 537 0.100467
537 538 11.492041
537 539 11.566893
536 540 11.545931
535 541 0.10275900000000002
541 542 0.082423
542 543 0.152093
543 544 0.142184
544 545 11.557499
544 546 11.735298
543 547 0.150146
547 548 11.510217
547 549 11.127763
542 550 0.053268
550 551 0.093941
551 552 1.105245
552 553 10.338835
552 554 9.820192
551 555 0.140077
555 556 11.105942
555 557 1.4992969999999999
557 558 11.928336
557 559 11.551551
550 560 0.220313
560 561 11.137149
560 562 1.234227
562 563 11.830282
562 564 11.415743
541 565 11.389308
534 566 0.731476
566 567 1.4836230000000001
567 568 10.750479
567 569 9.735957
566 570 11.425638000000001
505 571 0.20273600000000003
571 572 0.055368
572 573 0.075175
573 574 0.089767
574 575 0.069405
575 576 0.370493
576 577 11.080579
576 578 11.463855
575 579 0.148786
579 580 0.156692
580 581 0.222391
581 582 11.737775000000001
581 583 0.352964
583 584 12.1207
583 585 11.125325
580 586 0.449966
586 587 11.287596
586 588 12.706791
579 589 0.171004
589 590 0.131596
590 591 0.060353000000000004
591 592 11.930164999999999
591 593 0.267446
593 594 0.238243
594 595 0.149003
595 596 0.11600200000000001
596 597 11.59156
596 598 0.089781
598 599 0.273895
599 600 0.092964
600 601 0.125006
601 602 0.071664
602 603 0.123411
603 604 12.286147999999999
603 605 11.848557
602 606 0.0030210000000000002
606 607 0.110176
607 608 0.109895
608 609 12.061416
608 610 11.792653
607 611 12.448571
606 612 0.158767
612 613 0.118954
613 614 13.002604000000002
613 615 0.234066
615 616 14.41745
615 617 0.169781
617 618 0.28666400000000003
618 619 13.383829
618 620 13.931419
617 621 0.145983
621 622 13.297414
621 623 14.204925
612 624 0.128064
624 625 0.291373
625 626 12.599258999999998
625 627 14.482125000000002
624 628 12.758206
601 629 0.14082299999999998
629 630 12.089955
629 631 12.652795
600 632 0.043283
632 633 0.103404
633 634 0.185245
634 635 11.460486
634 636 12.066175
633 637 0.045696
637 638 0.189143
638 639 12.044532
638 640 0.280071
640 641 12.098252
640 642 11.428408
637 643 0.28443
643 644 11.518922
643 645 13.270601000000001
632 646 0.111458
646 647 12.352311
646 648 12.437212
599 649 0.168068
649 650 11.973227999999999
649 651 0.257829
651 652 12.740992
651 653 13.685575
598 654 12.237318
595 655 0.076781
655 656 0.11474300000000001
656 657 11.404166
656 658 11.327358
655 659 0.399756
659 660 11.118202
659 661 11.893959
594 662 11.816493999999999
593 663 13.304867000000002
590 664 12.011982999999999
589 665 11.902987
574 666 0.023903999999999998
666 667 0.117423
667 668 10.885386
667 669 11.518730000000001
666 670 0.24506599999999998
670 671 10.917161
670 672 11.253092
573 673 0.277332
673 674 0.04084
674 675 10.474858
674 676 10.947031
673 677 10.31931
572 678 0.098936
678 679 0.139116
679 680 0.146896
680 681 10.52942
680 682 0.158138
682 683 10.354559
682 684 10.365741
679 685 0.174666
685 686 0.12171
686 687 11.149567000000001
686 688 11.161004
685 689 10.612621
678 690 0.036794
690 691 0.61286
691 692 0.672951
692 693 0.107676
693 694 0.07408000000000001
694 695 11.648437000000001
694 696 0.17424
696 697 0.15134
697 698 0.178499
698 699 0.41656899999999997
699 700 12.313502
699 701 12.990521
698 702 0.44872599999999996
702 703 13.353257
702 704 13.026537
697 705 0.108212
705 706 0.20156699999999997
706 707 0.19140100000000002
707 708 0.345564
708 709 13.010733
708 710 0.45980099999999996
710 711 14.293712
710 712 13.489263000000001
707 713 0.075852
713 714 0.292947
714 715 0.173173
715 716 13.189748000000002
715 717 0.374331
717 718 0.068735
718 719 12.836175999999998
718 720 0.283562
720 721 13.061892
720 722 13.271130000000001
717 723 13.635662000000002
714 724 0.130254
724 725 0.12678399999999998
725 726 14.554744999999999
725 727 0.254398
727 728 0.269335
728 729 0.26392899999999997
729 730 0.280204
730 731 16.74194
730 732 15.390894999999999
729 733 15.10801
728 734 0.182077
734 735 0.15013400000000002
735 736 0.405158
736 737 15.433077
736 738 0.024492999999999997
738 739 0.056289000000000006
739 740 0.12939799999999999
740 741 0.20984799999999998
741 742 0.285211
742 743 16.34415
742 744 0.219227
744 745 16.703046
744 746 0.20528
746 747 16.581443
746 748 0.350269
748 749 17.226157
748 750 17.713038
741 751 0.044756
751 752 0.24477700000000002
752 753 16.379559
752 754 0.154585
754 755 16.193120999999998
754 756 15.19135
751 757 0.339881
757 758 14.722349000000001
757 759 15.025079
740 760 0.12063499999999999
760 761 0.22517900000000002
761 762 0.246502
762 763 16.529416
762 764 15.837281
761 765 0.22122499999999998
765 766 16.573892
765 767 14.740420000000002
767 768 1.295383
767 769 1.136797
760 770 0.21664499999999998
770 771 0.40117499999999995
771 772 0.217359
772 773 0.107423
773 774 0.16236899999999999
774 775 0.240287
775 776 17.203848
775 777 17.454711
774 778 16.059994
773 779 0.092674
779 780 0.227793
780 781 17.802646
780 782 0.19753
782 783 0.224024
783 784 0.329463
784 785 0.23195
785 786 0.18355
786 787 16.946958000000002
786 788 0.154305
788 789 0.344955
789 790 0.38028300000000004
790 791 0.268525
791 792 18.855653
791 793 20.526947
790 794 0.386292
794 795 0.14557599999999998
795 796 16.805433999999998
795 797 18.367625
794 798 19.007839
789 799 0.25699500000000003
799 800 17.43674
799 801 18.344364
788 802 17.782383
785 803 16.937445
784 804 18.281264
783 805 16.132695
782 806 16.951783000000002
779 807 17.765714
772 808 0.302099
808 809 16.377875
808 810 19.683865
771 811 15.594886999999998
770 812 16.01677
739 813 0.329526
813 814 0.148352
814 815 14.879655
814 816 14.633909000000001
813 817 0.067971
817 818 0.27871100000000004
818 819 15.457351999999998
818 820 0.164725
820 821 15.807439
820 822 15.389942000000001
817 823 15.238127000000002
738 824 0.116105
824 825 15.506782
824 826 0.185454
826 827 15.204096999999999
826 828 15.712648000000002
735 829 0.07803
829 830 0.163044
830 831 0.264455
831 832 14.881238999999999
831 833 15.521006000000002
830 834 15.848735
829 835 0.17605800000000002
835 836 13.860626000000002
835 837 14.249758000000002
734 838 0.408971
838 839 15.230229000000001
838 840 15.639743000000001
727 841 0.528013
841 842 14.746551
841 843 15.141193999999999
724 844 0.092026
844 845 0.054976000000000004
845 846 0.097672
846 847 0.313453
847 848 15.641446
847 849 0.074176
849 850 13.994580000000001
849 851 0.271089
851 852 14.749022
851 853 14.437133999999999
846 854 0.288746
854 855 15.335111000000001
854 856 13.617181
845 857 0.237045
857 858 13.361254
857 859 14.234630000000001
844 860 0.080227
860 861 0.7835570000000001
861 862 14.381076
861 863 14.805079
860 864 13.411952999999999
713 865 0.17574299999999998
865 866 13.293536
865 867 12.992712000000001
706 868 14.419604999999999
705 869 13.828887000000002
696 870 0.016871
870 871 12.477644999999999
870 872 13.995694
693 873 0.179092
873 874 0.11194
874 875 12.101077
874 876 11.799764999999999
873 877 0.19959499999999997
877 878 0.31764200000000004
878 879 0.214863
879 880 0.183103
880 881 0.393353
881 882 13.456604
881 883 13.157053
880 884 0.150391
884 885 0.225984
885 886 0.13806000000000002
886 887 0.447791
887 888 0.34620100000000004
888 889 0.9875750000000001
889 890 1.836531
890 891 25.572097999999997
890 892 1.181878
892 893 21.617128
892 894 26.044237999999996
889 895 16.931008
888 896 29.859011000000002
887 897 15.088785
886 898 0.49118
898 899 0.245716
899 900 0.43862
900 901 0.388939
901 902 0.24927500000000002
902 903 0.382766
903 904 0.182808
904 905 0.363278
905 906 17.298836
905 907 16.751679
904 908 0.063446
908 909 0.18263000000000001
909 910 0.101293
910 911 0.5146719999999999
911 912 19.931101
911 913 0.39163000000000003
913 914 20.374133999999998
913 915 18.306877
910 916 0.13366
916 917 0.317932
917 918 0.37595
918 919 20.145418
918 920 0.29424500000000003
920 921 19.174077
920 922 17.402161999999997
917 923 0.117412
923 924 0.302625
924 925 0.347527
925 926 0.173518
926 927 0.279518
927 928 0.837951
928 929 20.836706
928 930 23.082845
927 931 0.155969
931 932 21.191082
931 933 20.670471000000003
926 934 0.19880499999999998
934 935 0.408104
935 936 0.087671
936 937 22.543787000000002
936 938 20.767719
935 939 21.7084
934 940 0.649398
940 941 0.147129
941 942 0.38595
942 943 21.326363
942 944 0.165686
944 945 20.506849
944 946 20.559568
941 947 0.730748
947 948 20.620867
947 949 23.345457
940 950 23.037506
925 951 0.44622000000000006
951 952 19.784451999999998
951 953 0.140712
953 954 0.5463370000000001
954 955 18.975717
954 956 19.798838999999997
953 957 21.553757
924 958 0.233249
958 959 0.306443
959 960 24.073759
959 961 22.792471
958 962 0.44776599999999994
962 963 20.725203
962 964 0.6966870000000001
964 965 21.113584
964 966 24.255921
923 967 0.219585
967 968 0.371055
968 969 0.278934
969 970 0.196481
970 971 17.471032
970 972 17.7488
969 973 0.41558300000000004
973 974 18.384802
973 975 0.315502
975 976 19.398777
975 977 0.5673130000000001
977 978 0.3898
978 979 0.371538
979 980 20.982651999999998
979 981 0.322306
981 982 20.877303
981 983 22.527749
978 984 22.570463
977 985 19.207955
968 986 20.543864
967 987 0.199056
987 988 18.138969
987 989 0.207617
989 990 18.931046000000002
989 991 0.479618
991 992 17.388786
991 993 19.327772
916 994 0.380517
994 995 0.21689499999999998
995 996 0.9560529999999999
996 997 0.566313
997 998 0.265449
998 999 21.930287
998 1000 0.45044300000000004
1000 1001 0.520316
1001 1002 22.894159
1001 1003 22.475345
1000 1004 23.380525
997 1005 21.045356
996 1006 23.898725000000002
995 1007 0.5541929999999999
1007 1008 2.594529
1008 1009 23.087906999999998
1008 1010 22.702552
1007 1011 0.679559
1011 1012 25.144622
1011 1013 21.861926
994 1014 2.933135
1014 1015 19.330064
1014 1016 17.994538
909 1017 0.6449670000000001
1017 1018 19.334695
1017 1019 17.943134
908 1020 0.147895
1020 1021 0.217388
1021 1022 17.518376
1021 1023 0.53588
1023 1024 16.522488
1023 1025 18.182844
1020 1026 0.264956
1026 1027 0.211487
1027 1028 17.751132
1027 1029 16.673564
1026 1030 18.450815000000002
903 1031 2.428491
1031 1032 16.180025
1031 1033 14.830265
902 1034 0.166558
1034 1035 0.362412
1035 1036 17.228486
1035 1037 15.278530000000002
1034 1038 0.210553
1038 1039 16.660038999999998
1038 1040 1.9788750000000002
1040 1041 13.238494000000001
1040 1042 13.234846000000001
901 1043 0.560306
1043 1044 16.753705
1043 1045 17.670991
900 1046 15.109241
899 1047 8.831196
1047 1048 6.952754
1047 1049 6.564552
898 1050 4.18788
1050 1051 10.504938
1050 1052 9.887952
885 1053 0.25328500000000004
1053 1054 13.563479000000001
1053 1055 7.110047999999999
1055 1056 5.866118
1055 1057 5.733508
884 1058 0.072127
1058 1059 0.150439
1059 1060 0.1137
1060 1061 0.333709
1061 1062 13.171859
1061 1063 12.833753
1060 1064 0.063858
1064 1065 12.777351000000001
1064 1066 0.319
1066 1067 12.270906
1066 1068 12.378299
1059 1069 0.138191
1069 1070 0.11236900000000001
1070 1071 0.331293
1071 1072 13.235859999999999
1071 1073 12.863298
1070 1074 13.092467
1069 1075 0.044430000000000004
1075 1076 0.137904
1076 1077 0.1018
1077 1078 0.203847
1078 1079 12.846824000000002
1078 1080 12.971698000000002
1077 1081 0.065096
1081 1082 13.085564
1081 1083 12.826503
1076 1084 0.16596
1084 1085 0.136874
1085 1086 13.081175
1085 1087 0.178881
1087 1088 13.032209
1087 1089 12.55245
1084 1090 0.157047
1090 1091 0.174814
1091 1092 0.09758800000000001
1092 1093 0.152437
1093 1094 0.205624
1094 1095 0.118026
1095 1096 14.773711
1095 1097 14.833399
1094 1098 0.407036
1098 1099 0.387262
1099 1100 0.25201
1100 1101 15.037402
1100 1102 15.739025000000002
1099 1103 0.204023
1103 1104 15.564315
1103 1105 14.463748
1098 1106 0.096484
1106 1107 0.281053
1107 1108 0.6751670000000001
1108 1109 16.500300000000003
1108 1110 17.035715
1107 1111 0.30972
1111 1112 0.23613800000000001
1112 1113 15.259612
1112 1114 18.136084999999998
1111 1115 0.15534399999999998
1115 1116 0.240601
1116 1117 0.26652899999999996
1117 1118 17.378091
1117 1119 16.578878
1116 1120 17.764341
1115 1121 0.353392
1121 1122 0.154911
1122 1123 0.283946
1123 1124 0.549558
1124 1125 16.459534
1124 1126 16.515209
1123 1127 17.574856999999998
1122 1128 0.40595099999999995
1128 1129 0.302941
1129 1130 0.144193
1130 1131 18.175454
1130 1132 19.570103
1129 1133 17.652814
1128 1134 19.259734
1121 1135 0.050918000000000005
1135 1136 0.463577
1136 1137 16.360003
1136 1138 16.848603
1135 1139 0.324433
1139 1140 0.360847
1140 1141 0.684411
1141 1142 0.25545
1142 1143 0.783726
1143 1144 21.662895
1143 1145 0.46058499999999997
1145 1146 0.823522
1146 1147 22.629548999999997
1146 1148 22.880274
1145 1149 21.580594
1142 1150 0.268659
1150 1151 20.565309000000003
1150 1152 21.062381
1141 1153 0.33469
1153 1154 0.37646799999999997
1154 1155 20.452824
1154 1156 0.47795299999999996
1156 1157 21.68699
1156 1158 20.82938
1153 1159 21.606694
1140 1160 18.445800000000002
1139 1161 0.341109
1161 1162 17.124703
1161 1163 17.627402
1106 1164 0.21894100000000002
1164 1165 15.635344000000002
1164 1166 0.30244899999999997
1166 1167 14.767064
1166 1168 0.317127
1168 1169 14.01483
1168 1170 15.732598000000001
1093 1171 2.063901
1171 1172 13.347941999999998
1171 1173 12.330262
1092 1174 0.259537
1174 1175 13.803194
1174 1176 0.509247
1176 1177 14.407686
1176 1178 15.339742000000001
1091 1179 0.401521
1179 1180 0.019195
1180 1181 13.850999999999999
1180 1182 13.604566000000002
1179 1183 0.21466900000000003
1183 1184 13.407969999999999
1183 1185 12.878279000000001
1090 1186 14.455736
1075 1187 0.168166
1187 1188 13.048378
1187 1189 13.799142999999999
1058 1190 0.151617
1190 1191 0.596572
1191 1192 1.073415
1192 1193 3.9567520000000003
1193 1194 8.402718
1193 1195 7.359675999999999
1192 1196 11.408075
1191 1197 12.946698000000001
1190 1198 0.22048800000000002
1198 1199 4.581142
1199 1200 9.35447
1199 1201 9.027195
1198 1202 13.215864
879 1203 12.824226
878 1204 12.341976
877 1205 0.10694999999999999
1205 1206 12.246921
1205 1207 11.560375
692 1208 0.108087
1208 1209 12.163422
1208 1210 12.111601
691 1211 11.836175
690 1212 0.137391
1212 1213 10.933273999999999
1212 1214 11.096661
571 1215 0.253468
1215 1216 10.722028
1215 1217 11.54177
504 1218 10.94572
467 1219 0.053808999999999996
1219 1220 0.075655
1220 1221 0.062858
1221 1222 10.272721
1221 1223 0.087429
1223 1224 9.947572000000001
1223 1225 9.790501
1220 1226 0.31132299999999996
1226 1227 10.080214999999999
1226 1228 9.657858
1219 1229 0.12459100000000001
1229 1230 0.18645
1230 1231 10.251459
1230 1232 9.907568
1229 1233 0.035721
1233 1234 10.31517
1233 1235 10.545447
466 1236 0.455298
1236 1237 10.565407
1236 1238 9.827482999999999
465 1239 0.151041
1239 1240 0.09157
1240 1241 9.945238
1240 1242 10.587971
1239 1243 10.245193
464 1244 0.22491199999999997
1244 1245 0.259029
1245 1246 0.070429
1246 1247 0.12441500000000001
1247 1248 0.055106
1248 1249 0.481967
1249 1250 11.634167
1249 1251 10.395767
1248 1252 11.070886
1247 1253 0.066211
1253 1254 0.415727
1254 1255 10.262634
1254 1256 10.691529
1253 1257 0.297556
1257 1258 11.49776
1257 1259 0.101866
1259 1260 11.198999
1259 1261 11.766389
1246 1262 0.14379799999999998
1262 1263 10.761418
1262 1264 10.98788
1245 1265 0.080121
1265 1266 11.627645000000001
1265 1267 11.10388
1244 1268 0.173984
1268 1269 10.482879
1268 1270 10.658375000000001
463 1271 0.070171
1271 1272 10.240661
1271 1273 0.25980600000000004
1273 1274 10.820788
1273 1275 10.086602
454 1276 0.302018
1276 1277 9.768531
1276 1278 9.829222999999999
453 1279 9.947414
446 1280 9.950525
445 1281 0.080122
1281 1282 10.148105000000001
1281 1283 0.352363
1283 1284 9.897544
1283 1285 9.746983
444 1286 0.199474
1286 1287 0.257294
1287 1288 0.198483
1288 1289 0.226962
1289 1290 10.280165
1289 1291 11.001406
1288 1292 10.320278
1287 1293 0.3088
1293 1294 0.15933799999999998
1294 1295 0.119133
1295 1296 10.463006
1295 1297 10.912111
1294 1298 0.091344
1298 1299 10.552166999999999
1298 1300 10.916495
1293 1301 0.141761
1301 1302 0.072093
1302 1303 0.081104
1303 1304 0.10722399999999999
1304 1305 10.900658
1304 1306 10.942186
1303 1307 0.220185
1307 1308 0.200878
1308 1309 11.058122
1308 1310 11.720175
1307 1311 0.15576399999999999
1311 1312 11.05212
1311 1313 0.103165
1313 1314 11.341588
1313 1315 11.764119
1302 1316 0.300385
1316 1317 11.085501
1316 1318 11.037979
1301 1319 11.431064000000001
1286 1320 10.733511
443 1321 0.11006099999999999
1321 1322 9.699551
1321 1323 9.711113000000001
440 1324 0.189082
1324 1325 9.491083
1324 1326 9.0309
439 1327 9.370664
438 1328 0.064415
1328 1329 0.24239000000000002
1329 1330 9.575372
1329 1331 9.882064999999999
1328 1332 9.766964
437 1333 0.304591
1333 1334 0.387448
1334 1335 10.177472
1334 1336 9.467056
1333 1337 9.271111
428 1338 0.17055099999999998
1338 1339 9.045029
1338 1340 9.476955
395 1341 9.19035
394 1342 0.13188
1342 1343 0.05473
1343 1344 8.648349
1343 1345 0.077046
1345 1346 8.445528
1345 1347 0.038272
1347 1348 0.10222600000000001
1348 1349 0.08846
1349 1350 0.042608
1350 1351 0.30612399999999995
1351 1352 7.800205
1351 1353 8.383144
1350 1354 0.056365
1354 1355 8.347368
1354 1356 0.048329
1356 1357 8.384056
1356 1358 8.220247
1349 1359 0.086908
1359 1360 0.063971
1360 1361 0.10406499999999999
1361 1362 0.11732400000000001
1362 1363 0.263364
1363 1364 8.340648999999999
1363 1365 8.497518
1362 1366 8.810537
1361 1367 0.074331
1367 1368 0.10610599999999999
1368 1369 0.096547
1369 1370 0.225588
1370 1371 9.131977
1370 1372 0.15240099999999998
1372 1373 8.909265
1372 1374 8.864355
1369 1375 0.05833700000000001
1375 1376 0.12859600000000002
1376 1377 0.22396
1377 1378 9.118437
1377 1379 9.076137
1376 1380 0.138528
1380 1381 9.978691000000001
1380 1382 8.823929
1375 1383 0.08407300000000001
1383 1384 0.178738
1384 1385 0.243437
1385 1386 8.576206
1385 1387 9.290959
1384 1388 0.119051
1388 1389 0.209387
1389 1390 8.87704
1389 1391 8.709489
1388 1392 8.677423
1383 1393 0.173519
1393 1394 9.061897
1393 1395 0.058776
1395 1396 8.702224
1395 1397 8.463351
1368 1398 0.053089
1398 1399 0.20156699999999997
1399 1400 8.372899
1399 1401 8.745904
1398 1402 8.919106000000001
1367 1403 0.047791
1403 1404 0.18093199999999998
1404 1405 9.066815
1404 1406 8.566487
1403 1407 0.037014
1407 1408 0.23834899999999998
1408 1409 8.447984
1408 1410 8.390182
1407 1411 0.07503699999999999
1411 1412 0.099544
1412 1413 0.043376
1413 1414 0.068116
1414 1415 0.053452
1415 1416 0.039675
1416 1417 0.059705999999999995
1417 1418 0.104262
1418 1419 8.833233
1418 1420 8.753297
1417 1421 9.811547
1416 1422 8.873877
1415 1423 0.054601
1423 1424 8.755127
1423 1425 0.06737
1425 1426 0.11793400000000001
1426 1427 0.271098
1427 1428 8.316659
1427 1429 8.56828
1426 1430 0.149856
1430 1431 8.720884
1430 1432 9.005963999999999
1425 1433 0.115929
1433 1434 8.763499
1433 1435 0.403947
1435 1436 8.017994999999999
1435 1437 8.96049
1414 1438 0.028263000000000003
1438 1439 0.109342
1439 1440 0.043618
1440 1441 0.10225
1441 1442 9.862865
1441 1443 0.310194
1443 1444 9.714575
1443 1445 9.415453
1440 1446 0.119921
1446 1447 9.483896
1446 1448 0.338368
1448 1449 9.550533999999999
1448 1450 9.111767
1439 1451 0.21216999999999997
1451 1452 0.26484
1452 1453 9.898384
1452 1454 0.15774300000000002
1454 1455 10.382503999999999
1454 1456 9.54266
1451 1457 0.559528
1457 1458 9.327623
1457 1459 9.989496
1438 1460 0.13292600000000002
1460 1461 0.06486900000000001
1461 1462 9.052111
1461 1463 0.11533500000000001
1463 1464 9.531729
1463 1465 9.551527
1460 1466 0.06375600000000001
1466 1467 9.172708
1466 1468 8.928321
1413 1469 0.082594
1469 1470 8.68578
1469 1471 8.620113
1412 1472 0.19469
1472 1473 8.680235
1472 1474 8.625658999999999
1411 1475 0.292634
1475 1476 8.732452
1475 1477 8.760532
1360 1478 8.765618
1359 1479 0.069266
1479 1480 0.084454
1480 1481 8.224309
1480 1482 8.66063
1479 1483 0.090944
1483 1484 8.143954
1483 1485 8.366804
1348 1486 0.049562
1486 1487 0.051762
1487 1488 0.309402
1488 1489 8.356342999999999
1488 1490 8.154414000000001
1487 1491 0.03646
1491 1492 0.27761
1492 1493 8.362262
1492 1494 8.054951
1491 1495 0.155403
1495 1496 0.11733500000000001
1496 1497 0.064511
1497 1498 0.188749
1498 1499 9.436364999999999
1498 1500 0.140342
1500 1501 0.349534
1501 1502 9.911789
1501 1503 8.750512
1500 1504 8.560661999999999
1497 1505 9.107322
1496 1506 0.21612599999999998
1506 1507 8.746182
1506 1508 8.840348
1495 1509 0.177187
1509 1510 8.755334
1509 1511 8.924741
1486 1512 0.06528400000000001
1512 1513 0.070754
1513 1514 8.580687
1513 1515 0.01964
1515 1516 0.198381
1516 1517 8.448364
1516 1518 8.436576
1515 1519 0.164108
1519 1520 8.638398
1519 1521 8.246541
1512 1522 0.151417
1522 1523 8.036359
1522 1524 8.380853
1347 1525 0.20379
1525 1526 8.251157000000001
1525 1527 9.195053999999999
1342 1528 0.09634799999999999
1528 1529 0.140003
1529 1530 8.930319
1529 1531 8.375574
1528 1532 0.257565
1532 1533 9.044656
1532 1534 8.401556000000001
393 1535 8.707706
392 1536 8.428485
381 1537 0.21170799999999998
1537 1538 8.262825999999999
1537 1539 7.686659999999999
380 1540 0.11865999999999999
1540 1541 0.49197599999999997
1541 1542 7.958378000000001
1541 1543 8.271744
1540 1544 0.09195199999999999
1544 1545 0.149859
1545 1546 0.088714
1546 1547 0.153081
1547 1548 0.298097
1548 1549 0.127416
1549 1550 0.036358
1550 1551 0.129092
1551 1552 0.085823
1552 1553 8.985034
1552 1554 8.320859
1551 1555 8.637283
1550 1556 0.063845
1556 1557 0.11848500000000001
1557 1558 8.438785
1557 1559 8.352609
1556 1560 0.384321
1560 1561 8.32798
1560 1562 8.182778
1549 1563 8.295027000000001
1548 1564 0.17660700000000001
1564 1565 0.25751599999999997
1565 1566 7.860447
1565 1567 7.808403
1564 1568 8.278499
1547 1569 0.188997
1569 1570 8.493293
1569 1571 0.11288100000000001
1571 1572 7.996823999999999
1571 1573 8.794569000000001
1546 1574 7.703816
1545 1575 7.773847
1544 1576 7.627013000000001
379 1577 2.1763589999999997
1577 1578 5.917072999999999
1577 1579 5.074508
322 1580 0.23613900000000002
1580 1581 6.964929000000001
1580 1582 6.879786
321 1583 0.181591
1583 1584 6.996885999999999
1583 1585 7.455874
320 1586 0.053667000000000006
1586 1587 0.083371
1587 1588 0.037340000000000005
1588 1589 0.080979
1589 1590 7.68821
1589 1591 7.700004000000001
1588 1592 0.13242099999999998
1592 1593 0.059435
1593 1594 7.997353
1593 1595 0.258026
1595 1596 8.005107
1595 1597 8.552423000000001
1592 1598 7.880228000000001
1587 1599 0.11613299999999999
1599 1600 8.074997
1599 1601 7.359989000000001
1586 1602 0.255365
1602 1603 0.205958
1603 1604 8.477641
1603 1605 7.56539
1602 1606 0.074678
1606 1607 7.994271
1606 1608 7.627806
315 1609 0.16933600000000001
1609 1610 7.0382050000000005
1609 1611 0.27002699999999996
1611 1612 0.308929
1612 1613 7.429804
1612 1614 7.397137
1611 1615 6.847292
314 1616 0.027426000000000002
1616 1617 0.080991
1617 1618 0.15615600000000002
1618 1619 0.135274
1619 1620 6.972472000000001
1619 1621 0.11359
1621 1622 6.803484999999999
1621 1623 6.52673
1618 1624 0.162902
1624 1625 7.175713
1624 1626 6.856091999999999
1617 1627 0.119364
1627 1628 0.15157400000000001
1628 1629 0.162671
1629 1630 0.050045000000000006
1630 1631 7.8636479999999995
1630 1632 7.477792
1629 1633 0.05519299999999999
1633 1634 7.532535
1633 1635 7.762133
1628 1636 0.147198
1636 1637 7.759531999999999
1636 1638 7.815772
1627 1639 0.149526
1639 1640 8.153175
1639 1641 7.375357
1616 1642 0.138622
1642 1643 0.052873
1643 1644 6.9855860000000005
1643 1645 6.952674
1642 1646 0.157604
1646 1647 7.122736000000001
1646 1648 6.955842
301 1649 0.20047500000000001
1649 1650 7.329819
1649 1651 7.029394999999999
300 1652 6.722011
117 1653 0.25782499999999997
1653 1654 6.853005
1653 1655 0.186284
1655 1656 5.897282000000001
1655 1657 6.216844
90 1658 0.099491
1658 1659 6.2052000000000005
1658 1660 6.657289
89 1661 0.205455
1661 1662 6.102971
1661 1663 6.245018
88 1664 0.135235
1664 1665 0.11588200000000001
1665 1666 0.107982
1666 1667 0.084568
1667 1668 5.092104
1667 1669 0.08797100000000001
1669 1670 0.30818
1670 1671 4.98933
1670 1672 4.9264790000000005
1669 1673 5.3045420000000005
1666 1674 0.07329
1674 1675 5.454446
1674 1676 5.396817
1665 1677 0.041106
1677 1678 5.428116999999999
1677 1679 0.13783199999999998
1679 1680 5.334506
1679 1681 5.142576
1664 1682 0.136983
1682 1683 5.475553
1682 1684 5.749891
87 1685 0.025494
1685 1686 0.02006
1686 1687 0.104959
1687 1688 0.280922
1688 1689 5.728347
1688 1690 6.2922329999999995
1687 1691 5.729368
1686 1692 0.070439
1692 1693 0.149762
1693 1694 5.730037
1693 1695 6.24377
1692 1696 6.515345
1685 1697 0.549982
1697 1698 6.194808999999999
1697 1699 6.387043
86 1700 0.106121
1700 1701 5.672914
1700 1702 5.7863940000000005
85 1703 0.148018
1703 1704 5.654858
1703 1705 5.5705860000000005
84 1706 0.14255400000000001
1706 1707 0.193101
1707 1708 5.606724
1707 1709 0.052771000000000005
1709 1710 5.924737
1709 1711 5.674888
1706 1712 5.641792000000001
83 1713 5.547091
82 1714 5.201678
77 1715 5.11341
76 1716 0.028833
1716 1717 5.023314999999999
1716 1718 5.360221
75 1719 0.089923
1719 1720 0.053736
1720 1721 0.14321099999999998
1721 1722 0.045416
1722 1723 6.137489
1722 1724 5.696
1721 1725 5.426988
1720 1726 0.02561
1726 1727 0.064465
1727 1728 0.07602400000000001
1728 1729 5.474957
1728 1730 0.207924
1730 1731 5.125376999999999
1730 1732 5.351705
1727 1733 5.747175
1726 1734 5.209155
1719 1735 0.118007
1735 1736 5.291853
1735 1737 0.040233
1737 1738 5.1328890000000005
1737 1739 5.671601
74 1740 5.114296
67 1741 0.045857999999999996
1741 1742 0.23484
1742 1743 4.295114
1742 1744 5.106196000000001
1741 1745 0.075029
1745 1746 0.089088
1746 1747 4.5248219999999995
1746 1748 4.361988
1745 1749 0.168162
1749 1750 4.352192
1749 1751 4.58139
34 1752 0.04681
1752 1753 4.925611
1752 1754 0.131685
1754 1755 0.145949
1755 1756 4.341991
1755 1757 4.591590999999999
1754 1758 0.052835
1758 1759 5.108967
1758 1760 4.432661
19 1761 0.095384
1761 1762 0.312505
1762 1763 4.856483000000001
1762 1764 4.638372
1761 1765 0.078486
1765 1766 0.092359
1766 1767 0.16894699999999999
1767 1768 4.102941
1767 1769 4.129052
1766 1770 0.088303
1770 1771 4.405013
1770 1772 0.155324
1772 1773 4.147083
1772 1774 5.488090000000001
1765 1775 0.069884
1775 1776 0.299151
1776 1777 4.271842
1776 1778 4.147242
1775 1779 0.23873499999999998
1779 1780 4.347061
1779 1781 4.165568
18 1782 0.143276
1782 1783 0.056264
1783 1784 0.68418
1784 1785 4.109895
1784 1786 3.8414610000000002
1783 1787 0.059432
1787 1788 0.029436000000000004
1788 1789 0.10986699999999999
1789 1790 3.727466
1789 1791 0.084508
1791 1792 3.601615
1791 1793 4.49006
1788 1794 0.128381
1794 1795 3.585219
1794 1796 0.21506199999999998
1796 1797 3.540182
1796 1798 0.248405
1798 1799 3.6243049999999997
1798 1800 3.859324
1787 1801 0.11234400000000001
1801 1802 4.116391
1801 1803 0.17500300000000002
1803 1804 0.113397
1804 1805 4.540563000000001
1804 1806 4.159156
1803 1807 0.33094399999999996
1807 1808 4.917098999999999
1807 1809 4.48421
1782 1810 0.08444299999999999
1810 1811 0.037527
1811 1812 4.289423
1811 1813 0.107209
1813 1814 4.157261
1813 1815 4.2618219999999996
1810 1816 0.052364
1816 1817 0.16013
1817 1818 4.093915
1817 1819 4.278395
1816 1820 0.041576999999999996
1820 1821 0.018552
1821 1822 0.099939
1822 1823 4.357652
1822 1824 4.342067
1821 1825 0.09884500000000002
1825 1826 4.359251
1825 1827 4.527559
1820 1828 0.238697
1828 1829 3.867473
1828 1830 4.317746
17 1831 0.34589400000000003
1831 1832 0.08208
1832 1833 0.104305
1833 1834 0.075745
1834 1835 0.12404
1835 1836 3.23518
1835 1837 0.109067
1837 1838 3.2377200000000004
1837 1839 3.824955
1834 1840 0.06305
1840 1841 3.660379
1840 1842 3.308751
1833 1843 0.178582
1843 1844 4.020042
1843 1845 0.25965900000000003
1845 1846 3.612869
1845 1847 4.244942
1832 1848 0.127001
1848 1849 0.396848
1849 1850 0.508693
1850 1851 4.837239
1850 1852 5.639842
1849 1853 4.33228
1848 1854 0.08257199999999999
1854 1855 3.625065
1854 1856 3.998882
1831 1857 0.065638
1857 1858 0.147944
1858 1859 0.073819
1859 1860 0.06259100000000001
1860 1861 3.41556
1860 1862 3.366479
1859 1863 3.305043
1858 1864 0.183431
1864 1865 3.984891
1864 1866 3.8729199999999997
1857 1867 0.189696
1867 1868 0.11043800000000001
1868 1869 3.929182
1868 1870 3.3205850000000003
1867 1871 0.146812
1871 1872 3.658604
1871 1873 4.012116000000001
16 1874 5.341545
15 1875 0.225684
1875 1876 0.13677699999999998
1876 1877 0.15971
1877 1878 0.173891
1878 1879 0.043116999999999996
1879 1880 0.07306599999999999
1880 1881 0.055782
1881 1882 2.986087
1881 1883 3.141135
1880 1884 0.178082
1884 1885 2.938413
1884 1886 0.195357
1886 1887 3.244238
1886 1888 3.257165
1879 1889 0.163721
1889 1890 3.0155890000000003
1889 1891 3.345496
1878 1892 0.031974999999999996
1892 1893 0.142818
1893 1894 0.158414
1894 1895 2.690484
1894 1896 0.115877
1896 1897 2.99403
1896 1898 2.852556
1893 1899 0.016982999999999998
1899 1900 3.0049349999999997
1899 1901 3.5900130000000003
1892 1902 0.063274
1902 1903 0.130035
1903 1904 3.3777380000000004
1903 1905 3.5446199999999997
1902 1906 3.3311430000000004
1877 1907 0.150868
1907 1908 0.044221
1908 1909 0.234995
1909 1910 3.917648
1909 1911 5.203025
1908 1912 3.8576149999999996
1907 1913 3.662514
1876 1914 0.093977
1914 1915 4.156344
1914 1916 0.193516
1916 1917 3.4467060000000003
1916 1918 3.5691960000000003
1875 1919 4.890647
12 1920 3.954879
11 1921 0.123937
1921 1922 0.090175
1922 1923 0.21934900000000002
1923 1924 1.968901
1923 1925 1.819687
1922 1926 0.028286000000000002
1926 1927 0.165967
1927 1928 0.069562
1928 1929 0.17863600000000002
1929 1930 3.511504
1929 1931 0.066606
1931 1932 3.4453980000000004
1931 1933 0.132712
1933 1934 2.547715
1933 1935 0.11832800000000002
1935 1936 2.731748
1935 1937 2.46002
1928 1938 0.072105
1938 1939 0.28097500000000003
1939 1940 0.126167
1940 1941 0.037957000000000005
1941 1942 0.11777300000000002
1942 1943 2.804624
1942 1944 0.165441
1944 1945 0.22292800000000002
1945 1946 2.268826
1945 1947 2.174579
1944 1948 3.2382510000000004
1941 1949 0.117552
1949 1950 0.085426
1950 1951 2.9718310000000003
1950 1952 2.9683
1949 1953 3.001571
1940 1954 0.08262900000000001
1954 1955 0.165743
1955 1956 2.665458
1955 1957 2.6198550000000003
1954 1958 2.897867
1939 1959 0.038267999999999996
1959 1960 0.280043
1960 1961 3.79479
1960 1962 2.519523
1959 1963 0.059059
1963 1964 2.6557370000000002
1963 1965 3.2843940000000003
1938 1966 0.123353
1966 1967 0.033715999999999996
1967 1968 2.1978779999999998
1967 1969 2.245527
1966 1970 2.281532
1927 1971 0.115941
1971 1972 0.11470199999999998
1972 1973 0.06453
1973 1974 2.150111
1973 1975 3.08843
1972 1976 2.180559
1971 1977 0.195167
1977 1978 2.861615
1977 1979 0.22538200000000003
1979 1980 2.182826
1979 1981 2.587988
1926 1982 0.184211
1982 1983 1.827415
1982 1984 0.324128
1984 1985 2.090819
1984 1986 4.410585
1921 1987 3.8674489999999997
8 1988 4.021869000000001
3 1989 0.104355
1989 1990 3.572148
1989 1991 5.875934
2 1992 0.17174499999999998
1992 1993 0.057677
1993 1994 0.474649
1993 1995 1.25594
1992 1996 1.275345
1 1997 3.7602789999999997
1 1998 4.191077
