27565 6
17903 7
13000 10
5542 14
6470 24
14316 25
15582 27
25443 29
27142 31
27828 32
31516 33
25447 39
17444 40
25109 43
2386 44
30605 46
28940 47
23812 52
22375 53
24586 55
798 56
11729 58
21914 59
12873 62
25460 63
284 65
24966 66
15043 71
22492 72
4536 73
3490 80
26913 81
21376 96
23285 98
13395 99
28132 101
28645 102
13100 103
3646 106
11341 107
26427 110
9184 111
710 114
16854 115
9933 116
2504 122
28451 123
19316 127
14753 130
21166 131
17474 133
15533 137
2316 138
24209 141
8185 142
19387 143
24492 146
27886 147
8606 148
20544 151
1329 152
26809 154
18612 157
11339 158
12106 160
23896 161
21130 165
13458 166
31024 169
6413 171
17365 173
14119 174
27509 175
26852 180
25609 181
794 182
7263 183
10393 185
2364 188
30465 190
10361 193
12936 196
25357 197
25733 198
22488 201
18382 202
735 203
28891 204
28382 207
2436 208
12000 212
31523 213
6504 214
14480 219
22781 226
20423 228
3034 229
18241 231
18992 233
28343 234
3612 238
24136 240
20158 241
23799 245
26822 246
26057 247
30519 249
30526 250
26176 251
28308 254
15100 256
31164 260
18295 261
10335 264
19353 265
10421 266
9605 268
8503 269
14199 270
436 273
5658 274
26652 275
14530 276
1285 277
28951 278
22118 279
64 284
23212 285
8176 287
1044 288
17572 291
26965 293
20221 295
9060 296
14224 298
31063 299
30442 306
17038 307
21240 308
29900 310
445 312
11246 313
12538 318
2002 319
28860 331
28161 332
23904 333
21382 334
21974 337
1741 338
10868 339
24529 342
14172 345
6749 347
11283 348
11510 350
12167 351
16282 354
4484 356
26966 357
29788 358
5561 360
7642 362
6479 363
3015 367
13671 368
15670 370
15880 372
10861 373
8964 374
13757 377
9658 378
1708 384
7506 385
17397 388
297 390
7122 391
14952 402
13162 404
6248 405
16488 406
13267 409
2363 412
5182 413
20682 414
4552 416
26697 417
18508 419
18902 420
3483 423
5960 424
14024 426
10263 427
15343 431
30039 433
10452 435
29259 436
14071 442
21064 449
9526 450
5472 452
24535 458
9565 459
10970 461
25464 462
7543 471
27167 472
19257 475
8546 477
23354 478
22074 482
8943 483
27039 487
10972 488
29741 490
7345 491
23090 495
10008 496
23795 497
31076 499
30071 500
19165 502
12290 503
787 512
325 513
20071 515
23105 516
30735 517
24906 522
26694 523
16532 525
28126 526
789 528
27148 529
20124 530
30670 532
28643 533
8096 538
24023 539
17667 540
5778 545
22199 546
21213 548
7787 549
4157 553
6258 554
27498 556
31278 558
20813 559
14832 561
16848 563
9538 564
10708 565
24579 568
31025 569
21949 570
21381 577
2774 578
15962 582
15787 584
17243 585
12305 587
15990 588
29739 592
14448 597
17786 604
11300 605
22604 609
3492 610
6313 611
12887 614
20219 616
7225 619
9713 620
26151 622
30880 623
26254 626
17433 627
12336 628
8985 630
10247 631
9260 635
10187 636
21969 639
4821 641
22208 642
28407 644
13719 645
13605 647
28592 648
20732 650
30266 652
5731 653
7693 654
4349 657
18441 658
4009 660
3228 661
28431 662
2259 663
3373 664
22665 665
2357 668
6439 669
6316 671
29560 672
5049 675
3855 676
20615 677
14023 681
23401 683
4183 684
11770 687
5828 688
26132 689
20384 695
24409 700
7330 701
28990 703
28697 704
15933 709
29789 711
15361 712
18779 716
5585 719
15659 721
27415 722
31342 723
31324 726
24193 731
23597 732
5713 733
10568 737
10888 743
11357 745
12442 747
29948 749
8711 750
18740 753
21799 755
20724 756
3567 758
21226 759
12189 763
30704 764
28102 766
18915 768
3992 769
19002 776
21259 777
7155 778
17459 781
31184 787
8432 792
242 793
14118 796
19139 797
23780 798
30025 800
31 801
15438 802
16020 803
28344 804
21164 805
1690 806
20973 807
13416 809
28727 810
5274 811
23161 812
16791 815
29462 816
6113 819
25519 821
1055 822
20754 823
8745 825
27974 827
22958 828
10597 832
28978 833
20337 834
6804 836
6577 837
6305 839
18825 840
14989 842
13911 843
21471 848
20677 850
30500 852
25560 853
29831 855
10378 856
235 858
9296 859
8970 862
13945 863
23232 864
26259 866
28050 867
10727 868
3493 869
29220 871
14167 872
11625 875
7429 876
20681 882
22792 883
9041 891
10402 893
7550 894
24984 895
26866 896
3943 897
17935 906
27653 907
29386 912
13943 914
29062 915
4804 919
16039 921
16518 922
9728 929
28920 930
13817 932
18256 933
11540 937
6902 938
18563 939
17189 943
9927 945
16982 946
13504 948
14739 949
20146 950
21637 952
717 955
6060 956
618 957
5307 960
10211 961
14726 963
19378 965
23788 966
321 971
13924 972
9897 974
30580 976
23851 980
28512 982
15271 983
11158 984
2842 985
8975 986
26558 988
16623 990
29170 992
23108 993
6775 999
29675 1002
19102 1003
15887 1004
3000 1005
7799 1006
22716 1009
24067 1010
4802 1012
30354 1013
17688 1015
4160 1016
29991 1018
27194 1019
24128 1022
28696 1024
6919 1025
30668 1028
23143 1029
15742 1030
30259 1032
4848 1033
13174 1036
3177 1037
20629 1039
17664 1041
11271 1042
7052 1044
19327 1045
29149 1046
7106 1048
22346 1049
2125 1051
10907 1052
17717 1054
31420 1056
25137 1057
21880 1062
7226 1063
29816 1065
9976 1067
3148 1068
25573 1072
31349 1073
15175 1074
2592 1079
20946 1080
16641 1082
2089 1083
2174 1086
187 1088
31177 1089
11398 1096
23556 1097
2977 1101
1560 1102
29763 1104
29117 1105
19030 1109
12730 1110
24485 1113
26127 1114
12220 1118
18824 1119
9314 1120
17934 1125
28789 1126
12223 1127
9999 1131
14349 1132
21890 1133
4986 1134
15896 1137
20271 1138
8768 1144
13015 1147
18723 1148
5270 1149
30494 1151
7022 1152
27375 1155
10265 1157
3047 1158
21720 1159
16135 1160
18067 1162
26288 1163
7965 1165
19665 1167
31456 1169
26736 1170
30887 1172
16801 1173
15945 1175
20231 1177
27746 1178
25882 1181
17437 1182
27376 1184
23705 1185
16594 1186
15879 1188
12700 1189
2850 1194
6681 1195
18053 1196
14946 1197
25106 1200
26198 1201
19664 1202
16814 1203
3318 1204
11321 1206
13519 1207
28073 1209
3237 1210
31417 1211
27676 1213
22360 1214
6472 1216
6968 1217
9473 1218
10399 1222
1946 1224
3388 1225
10353 1227
29867 1228
14748 1231
26527 1232
5716 1234
4782 1235
26549 1237
8385 1238
17604 1241
30265 1242
9003 1243
1752 1250
24507 1251
29218 1252
21172 1255
15074 1256
15847 1258
7384 1260
16843 1261
6831 1263
28468 1264
15457 1266
6778 1267
16084 1269
25810 1270
15536 1272
23318 1274
16316 1275
9593 1277
20397 1278
23593 1279
16933 1280
15417 1282
7583 1284
18327 1285
8354 1290
20174 1291
11020 1292
6597 1296
14243 1297
15519 1299
1907 1300
1342 1305
989 1306
25727 1309
9036 1310
1325 1312
10418 1314
3851 1315
25472 1317
1377 1318
20819 1319
16237 1320
1547 1322
28541 1323
23686 1325
21962 1326
22163 1327
2980 1330
3549 1331
7886 1332
9618 1335
17989 1336
25887 1337
29527 1339
8600 1340
22220 1341
5201 1344
23656 1346
17832 1352
13450 1353
6620 1355
2950 1357
3998 1358
21270 1364
18995 1365
3721 1366
27859 1371
28444 1373
5485 1374
15045 1378
19032 1379
22820 1381
12913 1382
6813 1386
17350 1387
22498 1390
5610 1391
5354 1392
14188 1394
29082 1396
7123 1397
20485 1400
7710 1401
10066 1402
28750 1405
19193 1406
7537 1409
17878 1410
1518 1419
15382 1420
14956 1421
22404 1422
3306 1424
1977 1428
30172 1429
21038 1431
26811 1432
31254 1434
1721 1436
10134 1437
18043 1442
1826 1444
8442 1445
3481 1447
11631 1449
13792 1450
2057 1453
29187 1455
19569 1456
518 1458
24293 1459
19016 1462
29250 1464
26038 1465
22274 1467
7474 1468
2485 1470
944 1471
5464 1473
29165 1474
28625 1476
30990 1477
11969 1478
5777 1481
23298 1482
19369 1484
9163 1485
4899 1489
23209 1490
6381 1493
5083 1494
1424 1499
18739 1502
12999 1503
17421 1504
12082 1505
12421 1507
22007 1508
5635 1510
29927 1511
24962 1514
28309 1517
6560 1518
25992 1520
27244 1521
1570 1523
30578 1524
13906 1526
1795 1527
30773 1530
8274 1531
3711 1533
18710 1534
21768 1535
15334 1536
13269 1538
871 1539
16662 1542
14438 1543
28584 1553
8306 1554
5969 1555
28518 1558
24797 1559
24421 1561
3155 1562
22632 1563
15049 1566
11164 1567
3949 1568
29694 1570
18236 1572
22698 1573
21822 1574
26330 1575
15005 1576
3844 1578
27405 1579
12589 1581
23091 1582
10251 1584
2247 1585
20885 1590
11419 1591
18913 1594
22961 1596
17173 1597
5631 1598
11291 1600
11823 1601
8000 1604
28106 1605
11269 1607
28016 1608
7372 1610
12429 1613
4926 1614
22290 1615
14916 1620
8593 1622
22736 1623
22442 1625
30225 1626
2880 1631
6390 1632
9129 1634
19771 1635
5286 1637
8069 1638
25571 1640
26086 1641
7842 1644
21739 1645
14492 1647
13933 1648
11319 1650
18932 1651
20393 1652
22664 1654
483 1656
6383 1657
14754 1659
30218 1660
15016 1662
28725 1663
20749 1668
23168 1671
4094 1672
7904 1673
6106 1675
11081 1676
27716 1678
26788 1680
1680 1681
20287 1683
2986 1684
27983 1689
20904 1690
24821 1691
20748 1694
31383 1695
1897 1696
21920 1698
19243 1699
1454 1701
5326 1702
2369 1704
25518 1705
27171 1708
21031 1710
11533 1711
24068 1712
2380 1713
28481 1714
22926 1715
10303 1717
5715 1718
24646 1723
16099 1724
30729 1725
9454 1729
29398 1731
31246 1732
10513 1733
10537 1734
2043 1736
30807 1738
11923 1739
6111 1740
29488 1743
3012 1744
20678 1747
5788 1748
11029 1750
14138 1751
9628 1753
1098 1756
2261 1757
11232 1759
25577 1760
22764 1763
6662 1764
18377 1768
14747 1769
21258 1771
3358 1773
6048 1774
11171 1777
22584 1778
17425 1780
15291 1781
25066 1785
6215 1786
27904 1790
4035 1792
16127 1793
17001 1795
24397 1797
11962 1799
24498 1800
10601 1802
6873 1805
10329 1806
30417 1808
1170 1809
9594 1812
25099 1814
31098 1815
28846 1818
900 1819
26798 1823
12925 1824
27693 1826
25338 1827
21181 1829
22454 1830
19850 1836
28280 1838
11201 1839
29231 1841
8908 1842
19225 1844
25256 1846
31450 1847
5694 1851
6771 1852
26696 1853
26844 1855
12600 1856
24511 1861
10769 1862
22221 1863
15547 1865
14376 1866
20390 1869
750 1870
14878 1872
20199 1873
17586 1874
27240 1882
10815 1883
19218 1885
3617 1887
8959 1888
27083 1890
18063 1891
1021 1895
13266 1897
23235 1898
13847 1900
15419 1901
14047 1904
31414 1905
15154 1906
29336 1910
4809 1911
7441 1912
302 1913
29510 1915
17773 1917
13929 1918
6696 1919
20842 1920
5178 1924
26436 1925
10022 1930
6129 1932
26192 1934
25932 1936
24104 1937
20736 1943
14612 1946
14513 1947
29169 1948
17295 1951
9777 1952
12309 1953
10321 1956
11105 1957
28700 1958
25892 1961
5168 1962
30394 1964
26646 1965
13597 1968
17676 1969
30208 1970
5516 1974
3234 1975
24220 1976
25719 1978
21873 1980
24456 1981
12822 1983
16131 1985
13120 1986
6511 1987
25467 1988
19787 1990
15735 1991
10508 1994
8849 1995
27938 1996
21684 1997
5339 1998
