1 2 0.242523
2 3 0.064998
3 4 0.137703
4 5 0.054022
5 6 0.095582
6 7 0.093588
7 8 0.144331
8 9 0.05752
9 10 0.07526
10 11 0.10526400000000001
11 12 7.593026
11 13 7.842197
10 14 0.084513
14 15 8.29572
14 16 8.050434
9 17 0.159125
17 18 0.178398
18 19 0.14637299999999998
19 20 0.105273
20 21 0.075649
21 22 6.871613
21 23 6.994784
20 24 0.027264999999999998
24 25 0.078002
25 26 0.060565
26 27 0.042728
27 28 0.19596499999999997
28 29 7.123665999999999
28 30 7.299411
27 31 0.057072000000000005
31 32 7.0040130000000005
31 33 7.216635
26 34 6.7133449999999995
25 35 0.073991
35 36 0.076266
36 37 0.143899
37 38 6.685227
37 39 0.146757
39 40 6.777247999999999
39 41 6.88672
36 42 0.167959
42 43 0.468521
43 44 0.042229
44 45 0.081699
45 46 0.128364
46 47 6.177612
46 48 5.968137
45 49 0.175279
49 50 5.876148
49 51 5.965958
44 52 0.024815
52 53 0.07722
53 54 0.263094
54 55 6.636214
54 56 0.084868
56 57 0.17258099999999998
57 58 6.573498999999999
57 59 7.292898
56 60 0.160024
60 61 0.11982
61 62 6.970516
61 63 6.642844
60 64 0.096052
64 65 7.026813
64 66 0.070859
66 67 7.356738999999999
66 68 0.247797
68 69 0.403347
69 70 7.828568
69 71 0.20692100000000002
71 72 3.3174620000000004
72 73 0.610185
73 74 2.236363
74 75 3.323023
74 76 4.3692839999999995
73 77 1.154325
77 78 2.696854
77 79 5.6533489999999995
72 80 1.199025
80 81 4.813388
80 82 5.611713
71 83 0.17127799999999999
83 84 8.916545
83 85 7.78386
68 86 7.535672
53 87 0.145094
87 88 6.311368000000001
87 89 0.039847
89 90 0.133815
90 91 6.222923000000001
90 92 6.327684
89 93 6.672865
52 94 0.005331000000000001
94 95 0.105901
95 96 0.09573
96 97 0.12386299999999999
97 98 0.169234
98 99 6.08427
98 100 0.074005
100 101 0.30352399999999996
101 102 0.112875
102 103 6.769091
102 104 0.062892
104 105 0.10451600000000001
105 106 6.824234
105 107 6.485481999999999
104 108 7.031112
101 109 6.997448
100 110 0.189897
110 111 6.456149999999999
110 112 6.2462789999999995
97 113 0.060377
113 114 0.033464999999999995
114 115 6.406217
114 116 0.122123
116 117 6.266452
116 118 6.638406
113 119 6.165928
96 120 0.10826799999999999
120 121 6.100969
120 122 5.994172
95 123 0.033827
123 124 0.050841000000000004
124 125 0.193703
125 126 5.9771730000000005
125 127 6.269791
124 128 0.12259199999999999
128 129 6.0131
128 130 6.284470000000001
123 131 6.256093
94 132 0.006239000000000001
132 133 0.059796
133 134 0.10409
134 135 0.057054999999999995
135 136 0.048190000000000004
136 137 5.942651000000001
136 138 0.05431299999999999
138 139 6.068401
138 140 6.279777999999999
135 141 5.7843
134 142 0.099511
142 143 0.190637
143 144 0.19973999999999997
144 145 5.404374
144 146 5.577407
143 147 0.027993
147 148 5.523981
147 149 5.508408
142 150 5.806327
133 151 0.023219
151 152 0.196071
152 153 5.683946
152 154 5.803908
151 155 6.003322
132 156 0.026622
156 157 0.137484
157 158 0.144308
158 159 5.662931
158 160 5.774316
157 161 0.197291
161 162 5.987951
161 163 5.702332999999999
156 164 0.07201199999999999
164 165 0.038167
165 166 0.087778
166 167 0.210282
167 168 0.203455
168 169 0.049073
169 170 0.033464999999999995
170 171 0.205051
171 172 5.279458
171 173 5.499894
170 174 0.078448
174 175 0.114182
175 176 0.22837500000000002
176 177 0.201269
177 178 5.084048
177 179 5.088016
176 180 0.041019
180 181 0.093585
181 182 0.077261
182 183 0.088223
183 184 0.295016
184 185 0.099794
185 186 0.379021
186 187 4.501390000000001
186 188 4.557315
185 189 0.215614
189 190 4.886965
189 191 4.627205
184 192 4.372625
183 193 5.12629
182 194 4.804869
181 195 0.042066
195 196 0.13730299999999998
196 197 0.24068499999999998
197 198 0.057215
198 199 0.150579
199 200 0.06211
200 201 0.347203
201 202 0.207294
202 203 3.8114799999999995
202 204 0.033104
204 205 0.12767099999999998
205 206 0.066617
206 207 0.049733000000000006
207 208 0.092037
208 209 0.05901
209 210 0.086798
210 211 0.35984900000000003
211 212 3.8758649999999997
211 213 3.816443
210 214 0.045009
214 215 0.176238
215 216 5.0747100000000005
215 217 5.249177
214 218 4.251899
209 219 0.111739
219 220 0.175982
220 221 4.777843
220 222 0.23845300000000003
222 223 0.23468999999999998
223 224 0.174234
224 225 0.111796
225 226 2.771299
225 227 3.0991459999999997
224 228 0.153892
228 229 0.084853
229 230 2.941946
229 231 2.827285
228 232 3.1034070000000002
223 233 0.274905
233 234 2.899769
233 235 3.223713
222 236 0.130767
236 237 0.047117
237 238 0.08930099999999999
238 239 0.103282
239 240 3.631268
239 241 4.010432
238 242 0.099147
242 243 3.5649260000000003
242 244 3.924953
237 245 0.12578
245 246 0.15581499999999998
246 247 3.9516500000000003
246 248 0.071629
248 249 3.8853060000000004
248 250 3.655179
245 251 3.551169
236 252 0.09480899999999999
252 253 0.12084400000000001
253 254 0.037845000000000004
254 255 0.172748
255 256 3.02414
255 257 4.06088
254 258 0.029681
258 259 0.061587
259 260 0.063781
260 261 0.111202
261 262 3.032763
261 263 0.231407
263 264 2.734283
263 265 3.136162
260 266 0.04062
266 267 3.208872
266 268 3.117039
259 269 0.027944999999999998
269 270 3.1989799999999997
269 271 3.1269310000000003
258 272 0.022231
272 273 3.831457
272 274 3.304171
253 275 0.057241
275 276 0.11198
276 277 0.074383
277 278 3.44753
277 279 0.272106
279 280 3.3663659999999997
279 281 3.161974
276 282 3.2277430000000003
275 283 3.462159
252 284 0.198022
284 285 4.084088
284 286 0.166924
286 287 0.292706
287 288 5.043554
287 289 4.521223
286 290 4.084824
219 291 0.172289
291 292 0.09450399999999999
292 293 4.506118
292 294 4.29955
291 295 4.257723
208 296 3.910648
207 297 0.390775
297 298 0.26895399999999997
298 299 3.635716
298 300 4.056591
297 301 3.804933
206 302 0.04027
302 303 0.072387
303 304 0.103499
304 305 4.008789
304 306 4.088377
303 307 0.056831000000000007
307 308 0.186138
308 309 0.170788
309 310 0.083504
310 311 0.234885
311 312 3.325979
311 313 0.147384
313 314 3.4246609999999995
313 315 0.247566
315 316 0.123506
316 317 0.08065
317 318 3.054461
317 319 3.0184140000000004
316 320 0.088869
320 321 0.091694
321 322 0.044577
322 323 0.10345700000000001
323 324 2.6961019999999998
323 325 2.668271
322 326 3.5908750000000005
321 327 0.107245
327 328 3.004047
327 329 2.714576
320 330 0.032337000000000005
330 331 0.158091
331 332 3.086592
331 333 3.795999
330 334 0.032844
334 335 0.034682000000000004
335 336 2.9926589999999997
335 337 0.029645
337 338 0.363678
338 339 0.042042
339 340 2.7382210000000002
339 341 2.5755440000000003
338 342 0.030417999999999997
342 343 0.00931
343 344 0.067701
344 345 0.16348300000000002
345 346 2.331343
345 347 2.375135
344 348 0.052675
348 349 0.10047700000000001
349 350 0.039436
350 351 0.266027
351 352 1.9871429999999999
351 353 2.162655
350 354 2.340248
349 355 0.07368
355 356 0.061815999999999996
356 357 0.090713
357 358 0.20227499999999998
358 359 0.106339
359 360 0.25632699999999997
360 361 1.2424899999999999
360 362 0.09860400000000001
362 363 0.08337499999999999
363 364 2.321284
363 365 1.5754770000000002
362 366 1.611969
359 367 1.862853
358 368 0.260564
368 369 2.755044
368 370 2.862365
357 371 2.7693220000000003
356 372 0.037113
372 373 0.18091100000000002
373 374 0.19550599999999999
374 375 0.103179
375 376 0.114682
376 377 0.47073699999999996
377 378 1.957027
377 379 2.344593
376 380 0.092269
380 381 1.8054130000000002
380 382 0.054405
382 383 1.6531170000000002
382 384 0.29526399999999997
384 385 2.57955
384 386 2.481179
375 387 0.080185
387 388 0.027545
388 389 1.487225
388 390 0.359941
390 391 0.290757
391 392 0.18873099999999998
392 393 3.26442
392 394 0.025054
394 395 0.710272
394 396 4.1986349999999995
391 397 1.215621
390 398 1.3919350000000001
387 399 0.078018
399 400 0.098803
400 401 1.699069
400 402 0.40113400000000005
402 403 4.607643
402 404 2.426769
399 405 2.317695
374 406 0.235282
406 407 2.6671460000000002
406 408 0.597024
408 409 6.784510000000001
408 410 3.994842
373 411 0.078287
411 412 0.366104
412 413 1.9626210000000002
412 414 2.592035
411 415 2.391993
372 416 0.245248
416 417 0.102928
417 418 2.463043
417 419 0.032529
419 420 2.0168350000000004
419 421 0.235189
421 422 0.24767399999999998
422 423 6.08441
422 424 0.140287
424 425 6.02309
424 426 4.655047
421 427 0.144532
427 428 3.115805
427 429 0.376098
429 430 3.018582
429 431 3.054293
416 432 2.098489
355 433 2.628026
348 434 0.034935
434 435 0.148399
435 436 0.39312
436 437 3.571143
436 438 0.19910000000000003
438 439 4.602498
438 440 4.354992
435 441 0.290078
441 442 2.9308899999999998
441 443 3.546842
434 444 0.073008
444 445 2.346144
444 446 2.765192
343 447 0.232204
447 448 3.053395
447 449 0.084257
449 450 2.7482860000000002
449 451 3.273981
342 452 2.585049
337 453 0.015808
453 454 0.036093
454 455 2.98104
454 456 0.10600399999999999
456 457 2.999607
456 458 2.870839
453 459 0.125218
459 460 0.077213
460 461 3.6595259999999996
460 462 3.2736719999999995
459 463 2.9339210000000002
334 464 0.04912300000000001
464 465 0.035015
465 466 3.125218
465 467 2.89705
464 468 3.9123529999999995
315 469 0.298863
469 470 3.205794
469 471 3.170724
310 472 0.154051
472 473 3.69066
472 474 4.102863
309 475 0.172398
475 476 0.16206199999999998
476 477 6.007835
476 478 0.077691
478 479 7.592443
478 480 0.226383
480 481 4.746383
480 482 4.818395000000001
475 483 0.14899500000000002
483 484 0.181003
484 485 0.079256
485 486 0.128088
486 487 4.409569
486 488 0.09448
488 489 4.259526999999999
488 490 4.596748
485 491 0.12297199999999998
491 492 0.22010100000000002
492 493 4.751008000000001
492 494 0.06301
494 495 0.256637
495 496 0.34574699999999997
496 497 4.677812
496 498 4.836358000000001
495 499 0.324799
499 500 4.8732619999999995
499 501 4.691515
494 502 0.129243
502 503 5.325077
502 504 4.998809
491 505 0.175269
505 506 4.032119
505 507 4.368691
484 508 0.167652
508 509 4.112693
508 510 4.085688
483 511 4.1605490000000005
308 512 1.095327
512 513 3.9271819999999997
512 514 4.372414
307 515 3.978258
302 516 0.015144999999999999
516 517 0.182362
517 518 3.5710569999999997
517 519 3.6151780000000002
516 520 3.8156139999999996
205 521 3.185221
521 522 0.471592
521 523 0.439339
204 524 0.124968
524 525 0.020075
525 526 0.058476999999999994
526 527 4.302574
526 528 3.9464140000000003
525 529 0.18190800000000001
529 530 3.8298579999999998
529 531 4.014271
524 532 4.034834
201 533 4.3635090000000005
200 534 4.457326999999999
199 535 4.602994
198 536 0.08344599999999999
536 537 0.059228
537 538 0.046023
538 539 0.138177
539 540 0.29629
540 541 0.21458200000000002
541 542 4.145296
541 543 4.964016
540 544 4.770236
539 545 0.11173100000000001
545 546 0.154935
546 547 4.3703449999999995
546 548 4.334108
545 549 4.374417
538 550 0.27953100000000003
550 551 0.347368
551 552 5.41615
551 553 0.236052
553 554 0.1851
554 555 7.742839999999999
554 556 0.177201
556 557 4.973628
556 558 4.03447
553 559 0.555031
559 560 8.39053
559 561 1.047729
561 562 10.685580999999999
561 563 6.773933
550 564 4.444509
537 565 0.128653
565 566 0.14106
566 567 0.06476799999999999
567 568 4.959525
567 569 0.26093299999999997
569 570 0.2688
570 571 5.532068
570 572 5.196677
569 573 0.310021
573 574 1.048466
574 575 4.454866
574 576 1.048676
576 577 3.726731
576 578 2.2955360000000002
578 579 0.9128499999999999
578 580 2.680268
573 581 5.694955
566 582 5.158063
565 583 0.149338
583 584 4.480018
583 585 0.150549
585 586 4.2570879999999995
585 587 4.194329
536 588 0.043044
588 589 0.099576
589 590 0.239028
590 591 5.2615799999999995
590 592 5.163521
589 593 0.026659999999999996
593 594 4.831477
593 595 0.20394800000000002
595 596 4.9197999999999995
595 597 5.404087
588 598 4.935849
197 599 0.030874
599 600 4.631209
599 601 0.10057300000000001
601 602 4.456754999999999
601 603 4.500735000000001
196 604 4.977837
195 605 0.137743
605 606 0.142924
606 607 5.407934
606 608 5.6750620000000005
605 609 5.019019
180 610 5.159362
175 611 0.258704
611 612 5.881587
611 613 5.656874
174 614 0.038031
614 615 5.482152
614 616 5.651451
169 617 0.057255
617 618 0.28409300000000004
618 619 5.910407
618 620 5.425626
617 621 5.434531
168 622 0.016527999999999998
622 623 5.461728
622 624 0.130378
624 625 0.10930200000000001
625 626 5.339203
625 627 6.300472999999999
624 628 6.317823000000001
167 629 0.024592
629 630 0.146658
630 631 0.378884
631 632 6.585046
631 633 5.510096
630 634 0.120863
634 635 0.059985
635 636 5.5609459999999995
635 637 5.066585
634 638 5.152566
629 639 0.056167
639 640 0.026676
640 641 0.190761
641 642 4.876442
641 643 0.260198
643 644 2.61119
644 645 3.254489
644 646 2.868992
643 647 0.0963
647 648 6.345178999999999
647 649 5.193283
640 650 0.062276
650 651 5.053318
650 652 5.017532
639 653 0.080864
653 654 0.40869900000000003
654 655 5.114617
654 656 5.5635200000000005
653 657 0.185937
657 658 5.065146
657 659 5.562384
166 660 0.080576
660 661 0.060570000000000006
661 662 0.18279299999999998
662 663 0.068506
663 664 5.424344
663 665 0.21836899999999998
665 666 5.34436
665 667 0.5513889999999999
667 668 5.284938
667 669 4.63409
662 670 5.84622
661 671 5.45043
660 672 0.34112499999999996
672 673 6.001682
672 674 5.637995
165 675 6.054056
164 676 0.070686
676 677 0.117154
677 678 0.329313
678 679 5.822248
678 680 5.8174280000000005
677 681 5.844776
676 682 0.097927
682 683 6.368707999999999
682 684 0.21023999999999998
684 685 6.569751
684 686 6.082071
43 687 0.048419000000000004
687 688 0.161687
688 689 5.754692
688 690 5.884984
687 691 0.10400100000000001
691 692 0.207859
692 693 6.178469000000001
692 694 6.270924
691 695 5.763801
42 696 0.045292
696 697 6.758941999999999
696 698 6.854418
35 699 0.043019
699 700 6.721944000000001
699 701 0.236558
701 702 6.658459
701 703 0.021703
703 704 6.92913
703 705 6.886659000000001
24 706 7.159906
19 707 0.033626
707 708 0.15862400000000001
708 709 0.155174
709 710 6.9541710000000005
709 711 7.165262
708 712 0.028278
712 713 7.161205
712 714 0.202155
714 715 8.109693
714 716 7.679780999999999
707 717 0.062783
717 718 7.318823000000001
717 719 7.458505
18 720 0.010598
720 721 0.103341
721 722 0.077591
722 723 0.136715
723 724 7.046666
723 725 7.376410999999999
722 726 7.5049850000000005
721 727 0.146979
727 728 7.077194
727 729 0.109041
729 730 7.379563
729 731 6.9422999999999995
720 732 0.059552
732 733 0.284101
733 734 0.8080769999999999
734 735 6.949991
734 736 6.916406
733 737 7.415608
732 738 7.420858
17 739 0.23138999999999998
739 740 0.10325499999999999
740 741 0.08302799999999999
741 742 0.9841559999999999
742 743 7.332613
742 744 7.495322
741 745 0.253956
745 746 0.525661
746 747 7.971884
746 748 1.4157680000000001
748 749 0.6697299999999999
749 750 6.092322
749 751 6.610107
748 752 6.718934
745 753 0.117889
753 754 0.262248
754 755 8.357796
754 756 8.595646
753 757 0.044914
757 758 0.126053
758 759 9.253677
758 760 0.083367
760 761 8.271623
760 762 8.327567
757 763 0.253543
763 764 0.15112
764 765 0.062341999999999995
765 766 0.179316
766 767 0.599181
767 768 8.031148
767 769 8.871685999999999
766 770 8.459524
765 771 8.917344
764 772 0.085131
772 773 0.24074399999999999
773 774 9.373559
773 775 0.343041
775 776 9.066731
775 777 1.788532
777 778 6.881785999999999
777 779 5.87125
772 780 1.985976
780 781 6.794329
780 782 6.768424
763 783 0.098768
783 784 0.063817
784 785 0.087531
785 786 9.003636
785 787 0.085205
787 788 0.10005299999999999
788 789 0.041321000000000004
789 790 0.25297000000000003
790 791 0.163508
791 792 8.89722
791 793 0.224744
793 794 0.122561
794 795 8.941293
794 796 8.417006
793 797 8.581893
790 798 9.578395
789 799 0.11235200000000001
799 800 9.247228
799 801 10.084756
788 802 0.070007
802 803 0.082407
803 804 0.21224600000000002
804 805 0.312868
805 806 10.740486
805 807 0.182989
807 808 10.561081
807 809 0.036263000000000004
809 810 0.068382
810 811 0.51973
811 812 0.318718
812 813 0.622667
813 814 0.137271
814 815 0.074743
815 816 12.236648
815 817 0.009983
817 818 0.046715
818 819 0.053640999999999994
819 820 0.131903
820 821 11.747013
820 822 11.431125
819 823 0.075419
823 824 12.299520999999999
823 825 0.062792
825 826 0.076031
826 827 0.26371900000000004
827 828 11.542665000000001
827 829 11.584865
826 830 0.060287
830 831 0.089503
831 832 12.015550999999999
831 833 0.357931
833 834 11.940869
833 835 11.439698
830 836 0.09029100000000001
836 837 0.073626
837 838 0.093321
838 839 0.136231
839 840 12.045252
839 841 0.1258
841 842 12.173684999999999
841 843 12.522670999999999
838 844 0.047221
844 845 11.847055
844 846 11.837155000000001
837 847 0.148646
847 848 0.218147
848 849 13.074483
848 850 11.976124
847 851 0.11080000000000001
851 852 12.245617000000001
851 853 11.742237
836 854 0.07443999999999999
854 855 0.111633
855 856 11.463315
855 857 0.07514699999999999
857 858 11.578676999999999
857 859 0.111607
859 860 11.607536
859 861 12.026067
854 862 0.144566
862 863 11.545852
862 864 11.682892
825 865 0.341875
865 866 12.439836999999999
865 867 0.136073
867 868 0.130671
868 869 12.923565
868 870 12.633115
867 871 12.141596
818 872 0.082852
872 873 0.04638
873 874 0.053387
874 875 0.48022400000000004
875 876 0.0898
876 877 0.143233
877 878 0.081894
878 879 0.10421799999999999
879 880 0.10757900000000001
880 881 13.797957
880 882 0.245566
882 883 13.015760000000002
882 884 12.844564
879 885 0.145458
885 886 12.711911
885 887 13.249628
878 888 0.09030400000000001
888 889 0.173785
889 890 12.872907
889 891 12.329523
888 892 0.294333
892 893 12.658614000000002
892 894 13.100495
877 895 0.22122
895 896 0.090794
896 897 3.3080909999999997
897 898 10.825906
897 899 11.340086000000001
896 900 0.12249800000000001
900 901 0.062206000000000004
901 902 0.369264
902 903 0.13006700000000002
903 904 0.204786
904 905 13.853243
904 906 14.233802
903 907 13.965254
902 908 0.10033600000000001
908 909 0.090947
909 910 13.831373
909 911 0.09828300000000001
911 912 0.059949999999999996
912 913 0.086133
913 914 13.511403
913 915 14.069567999999999
912 916 13.679049
911 917 15.501791
908 918 0.05943
918 919 0.13397299999999998
919 920 13.852174
919 921 0.288009
921 922 0.110662
922 923 0.06917899999999999
923 924 0.122064
924 925 0.078215
925 926 0.108648
926 927 0.082609
927 928 0.078569
928 929 0.111344
929 930 0.12019
930 931 0.154635
931 932 0.22639399999999998
932 933 16.151418
932 934 0.281717
934 935 0.035155
935 936 0.476443
936 937 0.727095
937 938 2.161034
938 939 13.634269
938 940 13.035772000000001
937 941 1.795033
941 942 1.695223
942 943 20.486684
942 944 0.9138729999999999
944 945 0.679325
945 946 22.101848
945 947 0.595521
947 948 24.496587
947 949 22.112725
944 950 19.677457
941 951 18.544529
936 952 1.8605980000000002
952 953 15.537189000000001
952 954 32.43852
935 955 15.330426999999998
934 956 15.819752000000001
931 957 0.098748
957 958 0.34674699999999997
958 959 19.82086
958 960 15.452419
957 961 0.564184
961 962 15.626636
961 963 18.02721
930 964 15.751719
929 965 0.49235900000000005
965 966 0.282781
966 967 0.135018
967 968 0.148008
968 969 0.044792
969 970 17.943476999999998
969 971 0.181699
971 972 0.23959799999999998
972 973 0.42411999999999994
973 974 16.798064
973 975 16.299101999999998
972 976 0.153119
976 977 0.184514
977 978 0.122503
978 979 15.460061999999999
978 980 0.17759
980 981 15.972665999999998
980 982 15.758104000000001
977 983 16.362821
976 984 16.047773000000003
971 985 0.12489199999999999
985 986 0.098641
986 987 0.104593
987 988 0.12718000000000002
988 989 0.635695
989 990 1.120445
990 991 0.209056
991 992 0.38406
992 993 0.715755
993 994 21.640344
993 995 20.717955
992 996 0.5758669999999999
996 997 0.87349
997 998 26.753988
997 999 21.829007999999998
996 1000 0.596938
1000 1001 0.189472
1001 1002 0.212198
1002 1003 22.557372
1002 1004 22.887972
1001 1005 22.409259000000002
1000 1006 0.098259
1006 1007 23.291554
1006 1008 0.45828800000000003
1008 1009 0.544153
1009 1010 22.931385000000002
1009 1011 0.148701
1011 1012 0.176507
1012 1013 0.262919
1013 1014 0.8169890000000001
1014 1015 21.635308000000002
1014 1016 25.378862
1013 1017 23.196169
1012 1018 0.135613
1018 1019 0.07425
1019 1020 22.848683
1019 1021 22.950913
1018 1022 0.34326
1022 1023 23.779562000000002
1022 1024 23.437037
1011 1025 24.608411999999998
1008 1026 25.093182000000002
991 1027 0.21681899999999998
1027 1028 0.438693
1028 1029 0.588244
1029 1030 0.33868000000000004
1030 1031 25.489093
1030 1032 0.337229
1032 1033 0.6627339999999999
1033 1034 0.046735
1034 1035 0.8787639999999999
1035 1036 25.538391999999998
1035 1037 23.348247999999998
1034 1038 0.285204
1038 1039 21.537079000000002
1038 1040 0.287314
1040 1041 0.8285270000000001
1041 1042 22.48817
1041 1043 21.995635999999998
1040 1044 0.81621
1044 1045 24.735015
1044 1046 24.60709
1033 1047 0.544737
1047 1048 24.352695
1047 1049 24.129087
1032 1050 0.675197
1050 1051 23.322121000000003
1050 1052 25.918770000000002
1029 1053 21.343775
1028 1054 0.43576200000000004
1054 1055 0.519289
1055 1056 21.278609
1055 1057 20.269973999999998
1054 1058 21.849131999999997
1027 1059 0.060708
1059 1060 19.722143
1059 1061 19.093646
990 1062 20.576298
989 1063 0.262849
1063 1064 18.498731
1063 1065 0.186429
1065 1066 0.303894
1066 1067 0.217325
1067 1068 0.563738
1068 1069 18.373428
1068 1070 18.924142999999997
1067 1071 17.47776
1066 1072 0.211255
1072 1073 0.8331470000000001
1073 1074 18.573945
1073 1075 0.935164
1075 1076 20.284556000000002
1075 1077 21.162813
1072 1078 17.575253
1065 1079 0.060636999999999996
1079 1080 18.550823
1079 1081 19.050391
988 1082 17.833045
987 1083 0.314679
1083 1084 0.412554
1084 1085 18.709951999999998
1084 1086 0.288502
1086 1087 0.46032599999999996
1087 1088 0.144702
1088 1089 0.138594
1089 1090 0.141182
1090 1091 19.925861
1090 1092 18.889929
1089 1093 0.257351
1093 1094 18.916503000000002
1093 1095 0.390177
1095 1096 17.915747
1095 1097 18.470893
1088 1098 0.245943
1098 1099 0.474106
1099 1100 0.48684499999999997
1100 1101 20.671502999999998
1100 1102 18.549145
1099 1103 0.06979
1103 1104 0.21219
1104 1105 0.394136
1105 1106 0.402982
1106 1107 0.526948
1107 1108 20.230385000000002
1107 1109 20.154230000000002
1106 1110 0.174635
1110 1111 0.372114
1111 1112 0.7178300000000001
1112 1113 19.977026000000002
1112 1114 18.079654
1111 1115 20.461319
1110 1116 0.5044200000000001
1116 1117 0.043134
1117 1118 22.187479
1117 1119 20.778108
1116 1120 0.513546
1120 1121 22.562099999999997
1120 1122 0.072009
1122 1123 0.169718
1123 1124 0.537753
1124 1125 23.275105
1124 1126 24.295745999999998
1123 1127 25.373178000000003
1122 1128 20.490707
1105 1129 0.522578
1129 1130 19.667040999999998
1129 1131 19.604214
1104 1132 0.1698
1132 1133 0.49762
1133 1134 0.151671
1134 1135 0.142209
1135 1136 0.103876
1136 1137 18.253581999999998
1136 1138 0.21807799999999997
1138 1139 18.007374000000002
1138 1140 17.620156
1135 1141 0.282004
1141 1142 0.16499799999999998
1142 1143 0.363799
1143 1144 16.394575
1143 1145 16.095304
1142 1146 18.082558000000002
1141 1147 17.813240999999998
1134 1148 0.24808999999999998
1148 1149 0.117037
1149 1150 0.178803
1150 1151 0.13658900000000002
1151 1152 0.14649299999999998
1152 1153 16.039706000000002
1152 1154 0.167278
1154 1155 0.19475499999999998
1155 1156 15.848389
1155 1157 16.692096
1154 1158 16.252613
1151 1159 17.072637
1150 1160 16.560653
1149 1161 16.782546
1148 1162 0.24552
1162 1163 0.22291899999999998
1163 1164 0.30144299999999996
1164 1165 0.115219
1165 1166 0.177608
1166 1167 15.582498000000001
1166 1168 15.996450000000001
1165 1169 0.10666300000000001
1169 1170 0.100672
1170 1171 0.090814
1171 1172 0.023023
1172 1173 0.11827299999999999
1173 1174 0.060738999999999994
1174 1175 14.582732000000002
1174 1176 14.820101999999999
1173 1177 0.34412000000000004
1177 1178 14.320051
1177 1179 14.475494999999999
1172 1180 0.188533
1180 1181 0.148169
1181 1182 14.768165999999999
1181 1183 14.58406
1180 1184 0.19343
1184 1185 14.822948
1184 1186 16.047497
1171 1187 0.097169
1187 1188 15.924139
1187 1189 0.34610399999999997
1189 1190 21.094027
1189 1191 17.367511
1170 1192 0.055473
1192 1193 15.319998000000002
1192 1194 14.791338000000001
1169 1195 15.783691
1164 1196 0.157024
1196 1197 0.194963
1197 1198 0.392785
1198 1199 0.252841
1199 1200 0.21687299999999998
1200 1201 0.54702
1201 1202 14.209689000000001
1201 1203 14.180999
1200 1204 0.363911
1204 1205 13.917188
1204 1206 13.562569
1199 1207 14.889401999999999
1198 1208 14.663656999999999
1197 1209 0.662061
1209 1210 14.002099000000001
1209 1211 14.337981999999998
1196 1212 0.290551
1212 1213 15.366282
1212 1214 16.364487
1163 1215 15.792252000000001
1162 1216 0.180358
1216 1217 0.143292
1217 1218 0.39850500000000005
1218 1219 15.996115
1218 1220 14.874331
1217 1221 0.309997
1221 1222 15.524549000000002
1221 1223 16.307434
1216 1224 0.255241
1224 1225 15.657362
1224 1226 15.213083
1133 1227 18.910376
1132 1228 17.971062
1103 1229 19.133638
1098 1230 19.090767
1087 1231 0.20537300000000003
1231 1232 0.46996099999999996
1232 1233 0.264928
1233 1234 0.310627
1234 1235 0.313776
1235 1236 0.242033
1236 1237 1.530013
1237 1238 0.49760000000000004
1238 1239 0.41525599999999996
1239 1240 24.661122
1239 1241 23.213372
1238 1242 24.964299
1237 1243 26.210396000000003
1236 1244 23.305513
1235 1245 0.7084349999999999
1245 1246 23.17394
1245 1247 24.751161
1234 1248 0.21918200000000002
1248 1249 21.892229
1248 1250 20.516678
1233 1251 0.259002
1251 1252 0.16137300000000002
1252 1253 0.113146
1253 1254 22.521050000000002
1253 1255 0.454659
1255 1256 22.188902
1255 1257 20.67547
1252 1258 21.989586
1251 1259 0.5566180000000001
1259 1260 0.673506
1260 1261 1.055006
1261 1262 21.57268
1261 1263 23.012340000000002
1260 1264 23.64135
1259 1265 0.389247
1265 1266 23.432327
1265 1267 24.847025000000002
1232 1268 0.33806
1268 1269 19.529481
1268 1270 22.069709
1231 1271 0.086299
1271 1272 0.497267
1272 1273 19.853582
1272 1274 0.212208
1274 1275 19.9386
1274 1276 19.889335
1271 1277 0.268168
1277 1278 22.04968
1277 1279 0.394652
1279 1280 18.464475
1279 1281 18.377631
1086 1282 0.718986
1282 1283 20.08689
1282 1284 21.411085
1083 1285 19.191952
986 1286 16.766475
985 1287 0.168627
1287 1288 0.010262
1288 1289 16.592570000000002
1288 1290 0.069879
1290 1291 0.552263
1291 1292 16.493999000000002
1291 1293 17.362275999999998
1290 1294 0.687615
1294 1295 18.685485
1294 1296 18.966337
1287 1297 17.917369
968 1298 17.065677
967 1299 16.917849
966 1300 0.231409
1300 1301 3.663873
1301 1302 15.562767
1301 1303 8.247962000000001
1303 1304 3.9594709999999997
1303 1305 6.718666
1300 1306 0.378384
1306 1307 0.30634500000000003
1307 1308 20.269264
1307 1309 18.748954
1306 1310 19.126853
965 1311 1.371048
1311 1312 15.421285000000001
1311 1313 16.916771999999998
928 1314 0.169107
1314 1315 0.155062
1315 1316 15.684117
1315 1317 15.591187000000001
1314 1318 0.300404
1318 1319 16.13042
1318 1320 15.246098
927 1321 0.08042099999999999
1321 1322 0.11373399999999999
1322 1323 0.13131099999999998
1323 1324 16.230979
1323 1325 0.140479
1325 1326 15.284585
1325 1327 15.383431
1322 1328 0.286199
1328 1329 15.239040000000001
1328 1330 16.542336
1321 1331 0.262658
1331 1332 15.234735999999998
1331 1333 16.546641
926 1334 0.455076
1334 1335 16.933809
1334 1336 15.556069
925 1337 0.058719999999999994
1337 1338 0.032034
1338 1339 15.950208
1338 1340 0.120769
1340 1341 0.283196
1341 1342 14.802134
1341 1343 0.253534
1343 1344 14.782216
1343 1345 14.418189
1340 1346 0.267158
1346 1347 14.614033000000001
1346 1348 15.193659
1337 1349 0.086577
1349 1350 0.23424
1350 1351 14.691039
1350 1352 14.408151
1349 1353 14.796123999999999
924 1354 15.006073
923 1355 14.654891000000001
922 1356 15.312999999999999
921 1357 14.663358
918 1358 0.116186
1358 1359 0.16950199999999999
1359 1360 0.073664
1360 1361 14.158882
1360 1362 16.357312
1359 1363 14.222895
1358 1364 0.13414099999999998
1364 1365 14.235961999999999
1364 1366 14.357154999999999
901 1367 0.237809
1367 1368 13.501092
1367 1369 0.26409
1369 1370 13.982434
1369 1371 15.066149000000001
900 1372 13.329176
895 1373 0.233668
1373 1374 0.060967
1374 1375 0.172601
1375 1376 13.831899
1375 1377 0.135712
1377 1378 14.361289999999999
1377 1379 14.434256000000001
1374 1380 13.504019
1373 1381 0.27905
1381 1382 13.625265
1381 1383 0.114614
1383 1384 14.443341000000002
1383 1385 13.542489
876 1386 0.081301
1386 1387 12.563888
1386 1388 0.239756
1388 1389 12.506862
1388 1390 12.594352
875 1391 12.723916
874 1392 0.14983
1392 1393 0.261366
1393 1394 0.045238
1394 1395 0.138918
1395 1396 0.030289999999999997
1396 1397 13.387093
1396 1398 12.321409
1395 1399 12.419102
1394 1400 13.132843
1393 1401 0.110581
1401 1402 0.39784499999999995
1402 1403 0.124917
1403 1404 0.041601
1404 1405 0.130107
1405 1406 0.037777
1406 1407 0.20308700000000002
1407 1408 14.108682
1407 1409 13.421683000000002
1406 1410 12.727075
1405 1411 0.026272999999999998
1411 1412 0.180283
1412 1413 0.34823
1413 1414 13.121171
1413 1415 0.23915299999999998
1415 1416 11.809173000000001
1415 1417 12.128074
1412 1418 12.468066
1411 1419 0.11703499999999999
1419 1420 12.365088
1419 1421 12.634912000000002
1404 1422 0.012095999999999999
1422 1423 0.150406
1423 1424 0.10125100000000001
1424 1425 12.436534
1424 1426 13.069538999999999
1423 1427 12.930125
1422 1428 0.10156799999999999
1428 1429 0.088803
1429 1430 0.5990190000000001
1430 1431 13.368403
1430 1432 13.605281
1429 1433 0.155345
1433 1434 13.153735
1433 1435 0.143329
1435 1436 12.728307
1435 1437 0.290418
1437 1438 0.22733599999999998
1438 1439 0.326944
1439 1440 13.792093
1439 1441 13.535843
1438 1442 0.179129
1442 1443 14.134847
1442 1444 13.547339
1437 1445 14.840983999999999
1428 1446 0.060992000000000005
1446 1447 0.254709
1447 1448 13.134718000000001
1447 1449 13.332893000000002
1446 1450 0.018886
1450 1451 13.391896000000001
1450 1452 0.373286
1452 1453 0.22017199999999998
1453 1454 13.814914
1453 1455 0.165349
1455 1456 0.40352799999999994
1456 1457 14.585446
1456 1458 0.115971
1458 1459 15.043572
1458 1460 13.903795999999998
1455 1461 14.462363
1452 1462 0.143568
1462 1463 0.036191
1463 1464 13.627148
1463 1465 14.055038
1462 1466 0.115631
1466 1467 13.294122
1466 1468 0.39514900000000003
1468 1469 13.251285
1468 1470 14.380294
1403 1471 0.10271200000000001
1471 1472 0.323131
1472 1473 13.373324
1472 1474 12.487
1471 1475 12.961281999999999
1402 1476 0.189254
1476 1477 19.513145
1476 1478 0.198393
1478 1479 13.007843999999999
1478 1480 12.650051000000001
1401 1481 0.22239199999999998
1481 1482 0.173566
1482 1483 12.424229
1482 1484 0.657755
1484 1485 12.650384
1484 1486 11.5399
1481 1487 12.693337
1392 1488 12.655176
873 1489 0.175895
1489 1490 12.054425
1489 1491 0.21784199999999998
1491 1492 11.770945
1491 1493 12.874804000000001
872 1494 11.920429
817 1495 0.6883
1495 1496 11.271436
1495 1497 11.248807
814 1498 0.247453
1498 1499 11.483773
1498 1500 11.694365
813 1501 0.142849
1501 1502 0.131861
1502 1503 0.15805
1503 1504 0.102006
1504 1505 0.170015
1505 1506 11.078583
1505 1507 11.441659999999999
1504 1508 11.115411
1503 1509 0.16677599999999998
1509 1510 0.8563360000000001
1510 1511 10.303031
1510 1512 10.445957
1509 1513 0.06329699999999999
1513 1514 10.593195
1513 1515 0.184067
1515 1516 0.131524
1516 1517 0.17451
1517 1518 10.99124
1517 1519 10.769894
1516 1520 0.030574999999999998
1520 1521 0.039984
1521 1522 0.14910299999999999
1522 1523 11.219705000000001
1522 1524 11.148716
1521 1525 0.091282
1525 1526 0.19678
1526 1527 11.3185
1526 1528 10.645063
1525 1529 10.70909
1520 1530 0.06855299999999999
1530 1531 0.050469999999999994
1531 1532 0.14482799999999998
1532 1533 0.070875
1533 1534 0.123212
1534 1535 0.295242
1535 1536 11.631573000000001
1535 1537 11.597172
1534 1538 0.084313
1538 1539 0.23183299999999998
1539 1540 12.183555
1539 1541 0.29114100000000004
1541 1542 11.148674999999999
1541 1543 11.928248
1538 1544 0.25209899999999996
1544 1545 0.174563
1545 1546 0.223559
1546 1547 12.349204
1546 1548 13.156868
1545 1549 11.871582
1544 1550 11.452461
1533 1551 0.115591
1551 1552 11.959826
1551 1553 0.26183399999999996
1553 1554 11.014491
1553 1555 11.809395
1532 1556 0.078278
1556 1557 0.016961
1557 1558 0.21684
1558 1559 11.082837
1558 1560 11.994086
1557 1561 0.238625
1561 1562 10.678323
1561 1563 11.184026
1556 1564 11.407634
1531 1565 0.195239
1565 1566 0.17177099999999998
1566 1567 10.889980000000001
1566 1568 10.516902
1565 1569 10.708796
1530 1570 0.21018299999999998
1570 1571 0.038308999999999996
1571 1572 0.115989
1572 1573 0.15246
1573 1574 0.06583
1574 1575 0.189938
1575 1576 10.986033
1575 1577 10.167813
1574 1578 0.027811999999999996
1578 1579 0.111377
1579 1580 0.045751
1580 1581 10.070332
1580 1582 0.108058
1582 1583 10.267107000000001
1582 1584 0.259209
1584 1585 10.26179
1584 1586 0.315133
1586 1587 9.791378
1586 1588 10.046678
1579 1589 0.057441000000000006
1589 1590 0.229534
1590 1591 0.272353
1591 1592 9.591173999999999
1591 1593 9.234736999999999
1590 1594 9.671979
1589 1595 0.168998
1595 1596 0.120245
1596 1597 10.245187999999999
1596 1598 9.795297999999999
1595 1599 10.355464
1578 1600 0.16142800000000002
1600 1601 0.15202200000000002
1601 1602 10.483298000000001
1601 1603 10.721156
1600 1604 0.050407999999999994
1604 1605 0.199922
1605 1606 10.250906
1605 1607 10.953547
1604 1608 0.135351
1608 1609 10.860519
1608 1610 0.298388
1610 1611 10.238038000000001
1610 1612 10.156699
1573 1613 0.308189
1613 1614 10.387918
1613 1615 10.259855
1572 1616 0.09514
1616 1617 10.827665
1616 1618 10.326182000000001
1571 1619 0.09002399999999999
1619 1620 0.074104
1620 1621 0.122075
1621 1622 10.727561
1621 1623 10.831143
1620 1624 0.43460499999999996
1624 1625 10.497312
1624 1626 11.618072
1619 1627 10.43956
1570 1628 0.085491
1628 1629 11.09551
1628 1630 0.063397
1630 1631 0.16149
1631 1632 10.9454
1631 1633 10.461483000000001
1630 1634 0.218065
1634 1635 10.626547
1634 1636 10.679121
1515 1637 11.466821000000001
1502 1638 0.254582
1638 1639 10.882393
1638 1640 11.182385
1501 1641 0.185001
1641 1642 0.300352
1642 1643 10.983281
1642 1644 11.38514
1641 1645 0.262654
1645 1646 11.491135
1645 1647 0.022022
1647 1648 11.723391
1647 1649 12.517499
812 1650 10.934163
811 1651 0.113009
1651 1652 0.034039
1652 1653 0.20934399999999997
1653 1654 0.321738
1654 1655 10.412745
1654 1656 10.285636
1653 1657 10.91308
1652 1658 0.067415
1658 1659 11.137224
1658 1660 0.13555
1660 1661 0.072861
1661 1662 10.477085
1661 1663 10.32251
1660 1664 10.554669
1651 1665 0.122725
1665 1666 0.104061
1666 1667 11.630898
1666 1668 0.46424400000000005
1668 1669 11.577856
1668 1670 11.043602
1665 1671 0.120509
1671 1672 0.111188
1672 1673 10.69109
1672 1674 0.189477
1674 1675 10.894656
1674 1676 11.372551
1671 1677 11.174237
810 1678 0.284652
1678 1679 9.712387999999999
1678 1680 9.822025
809 1681 0.393979
1681 1682 0.146539
1682 1683 10.225586
1682 1684 0.063508
1684 1685 0.18770799999999999
1685 1686 9.388475
1685 1687 9.336221
1684 1688 0.476513
1688 1689 3.2449600000000003
1689 1690 6.097044
1689 1691 6.453563
1688 1692 9.735809
1681 1693 9.702904
804 1694 0.14546800000000001
1694 1695 0.057723
1695 1696 0.320028
1696 1697 9.033418
1696 1698 9.387634
1695 1699 0.807665
1699 1700 0.087881
1700 1701 0.784446
1701 1702 11.925815
1701 1703 11.707787999999999
1700 1704 11.335999
1699 1705 0.185242
1705 1706 11.38494
1705 1707 0.059519
1707 1708 0.316303
1708 1709 0.136444
1709 1710 0.192125
1710 1711 9.863133
1710 1712 9.772494
1709 1713 0.149474
1713 1714 10.151223
1713 1715 9.585619
1708 1716 0.076067
1716 1717 0.305195
1717 1718 0.09811799999999998
1718 1719 0.146784
1719 1720 0.280712
1720 1721 9.192661000000001
1720 1722 9.228391
1719 1723 9.815442000000001
1718 1724 0.15317799999999998
1724 1725 0.032153
1725 1726 0.147446
1726 1727 0.105225
1727 1728 9.511642
1727 1729 8.757589000000001
1726 1730 0.135159
1730 1731 9.082725
1730 1732 9.28772
1725 1733 0.083351
1733 1734 0.04735
1734 1735 0.07944999999999999
1735 1736 0.156923
1736 1737 0.07322000000000001
1737 1738 9.677296
1737 1739 9.502866000000001
1736 1740 10.174755000000001
1735 1741 0.16253599999999999
1741 1742 0.236734
1742 1743 9.454089999999999
1742 1744 8.966963
1741 1745 9.252133
1734 1746 0.127724
1746 1747 0.088005
1747 1748 0.10829399999999999
1748 1749 9.541494
1748 1750 9.486846
1747 1751 9.228751
1746 1752 9.312299
1733 1753 0.07304
1753 1754 0.21633899999999998
1754 1755 10.111568
1754 1756 9.777096
1753 1757 0.10311999999999999
1757 1758 0.031209999999999998
1758 1759 9.977705
1758 1760 0.169056
1760 1761 10.331041
1760 1762 9.911874
1757 1763 9.900471
1724 1764 0.114974
1764 1765 0.057212
1765 1766 9.178536
1765 1767 0.107901
1767 1768 9.271500000000001
1767 1769 9.20016
1764 1770 0.081958
1770 1771 0.266551
1771 1772 9.283565000000001
1771 1773 9.795383000000001
1770 1774 0.075048
1774 1775 9.409636
1774 1776 0.205749
1776 1777 9.676208
1776 1778 9.149702999999999
1717 1779 0.135422
1779 1780 0.064812
1780 1781 9.564203000000001
1780 1782 9.312316
1779 1783 0.41121300000000005
1783 1784 0.296549
1784 1785 0.080316
1785 1786 8.50316
1785 1787 0.682063
1787 1788 7.600068
1787 1789 7.784547999999999
1784 1790 0.207513
1790 1791 0.709052
1791 1792 9.081081000000001
1791 1793 8.580862
1790 1794 8.450866999999999
1783 1795 9.206551000000001
1716 1796 0.13049
1796 1797 10.319505
1796 1798 10.277661
1707 1799 0.086004
1799 1800 0.0844
1800 1801 10.355683
1800 1802 10.241483
1799 1803 10.517827
1694 1804 0.192279
1804 1805 9.537441000000001
1804 1806 9.895757
803 1807 9.406336
802 1808 0.11444199999999999
1808 1809 0.024243
1809 1810 9.643305
1809 1811 9.385036
1808 1812 2.430211
1812 1813 6.63503
1812 1814 1.664565
1814 1815 4.397203
1814 1816 6.027898
787 1817 0.185501
1817 1818 8.820469000000001
1817 1819 9.29694
784 1820 0.26613600000000004
1820 1821 8.54485
1820 1822 8.509806000000001
783 1823 0.25940799999999997
1823 1824 11.000791999999999
1823 1825 9.343337
740 1826 0.205067
1826 1827 0.12160800000000001
1827 1828 7.739053999999999
1827 1829 7.696169
1826 1830 7.773128999999999
739 1831 0.20574199999999998
1831 1832 0.238709
1832 1833 8.821881
1832 1834 7.979738
1831 1835 0.093402
1835 1836 0.374969
1836 1837 0.163669
1837 1838 0.09807500000000001
1838 1839 8.528389
1838 1840 9.285376
1837 1841 8.834111
1836 1842 0.038759999999999996
1842 1843 0.140407
1843 1844 0.43826200000000004
1844 1845 8.072753
1844 1846 8.526438
1843 1847 8.013155
1842 1848 8.500788
1835 1849 0.029889
1849 1850 8.207111000000001
1849 1851 8.240257
8 1852 0.24920699999999998
1852 1853 7.617142
1852 1854 7.615652000000001
7 1855 0.061815
1855 1856 0.15835000000000002
1856 1857 7.6802220000000005
1856 1858 0.087997
1858 1859 7.584865000000001
1858 1860 7.7997499999999995
1855 1861 0.056731000000000004
1861 1862 7.902615
1861 1863 7.988074000000001
6 1864 0.15884700000000002
1864 1865 7.972418
1864 1866 7.766448
5 1867 7.9499059999999995
4 1868 0.169448
1868 1869 0.172975
1869 1870 7.486967
1869 1871 7.543397000000001
1868 1872 0.146484
1872 1873 0.052968999999999995
1873 1874 0.16725500000000001
1874 1875 7.730478000000001
1874 1876 7.350492999999999
1873 1877 0.15378499999999998
1877 1878 0.109355
1878 1879 0.24436599999999997
1879 1880 7.159529000000001
1879 1881 7.263548
1878 1882 0.337618
1882 1883 7.025938
1882 1884 7.042888
1877 1885 0.077259
1885 1886 7.070600000000001
1885 1887 0.09033100000000001
1887 1888 7.183318
1887 1889 8.150689999999999
1872 1890 7.210758
3 1891 8.044157
2 1892 0.125048
1892 1893 0.091767
1893 1894 0.13187
1894 1895 7.972448
1894 1896 8.626742
1893 1897 0.050563
1897 1898 0.096469
1898 1899 0.037875
1899 1900 0.168208
1900 1901 0.269625
1901 1902 0.082234
1902 1903 8.086753
1902 1904 8.664259000000001
1901 1905 8.166754
1900 1906 0.066834
1906 1907 0.10625000000000001
1907 1908 8.230012
1907 1909 0.094887
1909 1910 8.197492
1909 1911 9.1102
1906 1912 0.095388
1912 1913 0.140992
1913 1914 0.152326
1914 1915 8.899272
1914 1916 9.521781
1913 1917 0.163969
1917 1918 0.079287
1918 1919 8.772342
1918 1920 8.636565000000001
1917 1921 8.802292000000001
1912 1922 0.093067
1922 1923 8.758507
1922 1924 8.549186
1899 1925 0.09221599999999999
1925 1926 8.386968
1925 1927 0.09103699999999999
1927 1928 0.10078999999999999
1928 1929 0.089067
1929 1930 0.189531
1930 1931 0.177325
1931 1932 8.310616999999999
1931 1933 8.946468000000001
1930 1934 0.074179
1934 1935 9.607895
1934 1936 0.051968999999999994
1936 1937 0.27402
1937 1938 8.870493
1937 1939 8.386592
1936 1940 0.126094
1940 1941 9.12687
1940 1942 0.180918
1942 1943 0.203288
1943 1944 0.324532
1944 1945 9.93532
1944 1946 10.560632
1943 1947 0.221078
1947 1948 0.207168
1948 1949 9.307328
1948 1950 0.383968
1950 1951 9.09702
1950 1952 0.189418
1952 1953 8.966232
1952 1954 9.505428
1947 1955 9.028662
1942 1956 9.305347
1929 1957 9.201061000000001
1928 1958 0.06965400000000001
1958 1959 0.071816
1959 1960 0.284593
1960 1961 0.171869
1961 1962 8.484437
1961 1963 8.064146
1960 1964 8.127726000000001
1959 1965 0.082309
1965 1966 8.110927
1965 1967 8.387049000000001
1958 1968 0.065773
1968 1969 0.222185
1969 1970 7.820584
1969 1971 8.626785
1968 1972 8.583483
1927 1973 0.141211
1973 1974 8.787398
1973 1975 8.419079
1898 1976 0.048552000000000005
1976 1977 0.09515599999999999
1977 1978 0.12618
1978 1979 7.9617759999999995
1978 1980 7.574661000000001
1977 1981 0.15216
1981 1982 7.977239
1981 1983 7.609806
1976 1984 8.014662
1897 1985 0.037936000000000004
1985 1986 0.22285999999999997
1986 1987 8.265561
1986 1988 8.232415
1985 1989 0.169346
1989 1990 0.20416900000000002
1990 1991 8.759643
1990 1992 9.965054
1989 1993 0.22599299999999997
1993 1994 8.23193
1993 1995 8.468475
1892 1996 8.168554
1 1997 7.74678
1 1998 8.396945
