1 2 833.050232
2 3 14.985062
3 4 5.981920000000001
4 5 2.283986
5 6 42.031456
6 7 81.697022
7 8 832.4824530000001
7 9 919.282995
6 10 955.567552
5 11 0.7106570000000001
11 12 0.898153
12 13 1.407283
13 14 3.4201799999999998
14 15 3.4312250000000004
15 16 17.522547
16 17 977.2579000000001
16 18 53.300425
18 19 494.50306800000004
19 20 118.09571299999999
20 21 65.971278
20 22 335.40992
19 23 505.244843
18 24 136.56389
24 25 272.60658
25 26 332.588653
25 27 767.486461
24 28 801.1606199999999
15 29 14.668623
29 30 84.896063
30 31 90.601236
31 32 114.02358500000001
32 33 101.81640599999999
33 34 22.017621000000002
34 35 11.130798
35 36 6.074751
36 37 1.298048
37 38 10.108543000000001
38 39 3.210131
39 40 5.916174
40 41 0.8122320000000001
41 42 1.1469429999999998
42 43 0.39445399999999997
43 44 0.340895
44 45 0.375934
45 46 1.017751
45 47 0.920966
47 48 1.0309300000000001
47 49 1.3523399999999999
44 50 0.293174
50 51 0.304875
51 52 1.6711030000000002
51 53 0.706954
53 54 2.755393
53 55 0.440721
50 56 0.208144
56 57 3.396189
56 58 0.570894
58 59 1.992712
58 60 1.5792110000000001
43 61 1.199181
42 62 0.888336
62 63 2.1241030000000003
62 64 1.526988
41 65 5.081976
40 66 12.946239
39 67 5.123445
38 68 0.6685909999999999
68 69 0.8979940000000001
69 70 1.493498
70 71 1.603422
70 72 3.0758400000000004
69 73 0.73978
73 74 0.662657
74 75 0.607271
75 76 0.603611
75 77 0.258171
74 78 1.8272259999999998
73 79 1.277652
79 80 0.586352
80 81 0.625607
81 82 0.469241
82 83 0.536044
83 84 2.82412
83 85 0.682386
85 86 1.861837
85 87 2.817435
82 88 1.591316
81 89 0.964572
89 90 1.043561
90 91 0.5817479999999999
90 92 0.31605700000000003
92 93 0.954605
92 94 1.470747
89 95 2.047355
80 96 0.817729
96 97 2.42926
96 98 2.2899599999999998
79 99 0.03998
99 100 1.978169
99 101 0.65942
101 102 0.46022700000000005
102 103 1.7983889999999998
103 104 4.619239
104 105 1.185106
104 106 5.6097269999999995
106 107 621.822824
107 108 26.480342
108 109 1
108 110 3.423706
110 111 0.602032
111 112 2.2341960000000003
112 113 7.141235999999999
113 114 3.3654660000000005
113 115 3.907289
112 116 4.379974
116 117 2.5065690000000003
116 118 4.206879
111 119 3.361617
119 120 1.161702
119 121 1.179108
121 122 2.4839529999999996
121 123 2.0689800000000003
110 124 8.862877
124 125 100.571642
125 126 1
125 127 33.575452999999996
124 128 1
107 129 1
106 130 1
103 131 1
102 132 1.163495
101 133 1.014837
133 134 0.84903
134 135 1.0054530000000002
135 136 0.17249399999999998
135 137 0.401626
134 138 1.255872
138 139 2.271627
138 140 0.07638700000000001
133 141 1.4002320000000001
68 142 1.204923
142 143 0.46766100000000005
143 144 1.20231
143 145 0.990977
145 146 1.141348
145 147 0.325089
147 148 1
147 149 1.796792
142 150 1.052034
150 151 0.199998
151 152 2.6917969999999998
151 153 1.7272139999999998
150 154 0.436619
154 155 0.46409399999999995
154 156 0.54573
156 157 2.2739450000000003
156 158 1.407599
37 159 0.257858
159 160 1.016906
160 161 0.34908500000000003
161 162 1.690774
161 163 0.888031
163 164 5.411918
163 165 1.9648320000000001
160 166 0.384666
166 167 2.239479
166 168 0.676525
159 169 1.3712220000000002
169 170 0.345476
170 171 1.700254
171 172 1.1137249999999999
172 173 1.7620879999999999
172 174 0.9224660000000001
171 175 0.9383539999999999
170 176 1.811169
176 177 0.27871100000000004
177 178 0.129555
177 179 0.438355
179 180 0.27018200000000003
179 181 1.725229
176 182 0.8658509999999999
169 183 1.587235
183 184 0.21688900000000003
184 185 2.702885
184 186 3.585538
186 187 15.221278
187 188 24.393707
188 189 550.513062
189 190 166.10180400000002
189 191 129.509671
191 192 92.762849
191 193 182.246957
188 194 1
187 195 1
186 196 1
183 197 1.786985
36 198 3.9266959999999997
35 199 1
34 200 1
33 201 1
32 202 404.625075
202 203 225.008074
202 204 198.454495
31 205 422.29071500000003
205 206 166.12580400000002
206 207 300.264631
206 208 296.288534
205 209 144.482511
30 210 217.477089
210 211 351.600234
211 212 150.33507500000002
212 213 1
212 214 130.802214
211 215 236.237248
210 216 809.6186270000001
29 217 985.3435729999999
14 218 996.7132250000001
13 219 3.501927
219 220 11.911957
220 221 117.554238
221 222 759.327265
222 223 197.20365900000002
222 224 1
221 225 883.241238
220 226 33.679923
226 227 833.658398
227 228 182.623073
227 229 93.243285
226 230 938.2910109999999
219 231 51.423410999999994
231 232 70.59154199999999
232 233 934.251446
232 234 819.366842
231 235 937.6925699999999
12 236 999.283779
11 237 0.274359
237 238 0.20149399999999998
238 239 0.049759
239 240 0.5130440000000001
240 241 1.868247
241 242 4.275383
242 243 111.910887
243 244 410.023467
244 245 589.054621
244 246 341.57657600000005
243 247 890.9182940000001
242 248 11.111509
248 249 983.776736
248 250 197.766169
250 251 410.053243
251 252 150.998075
251 253 555.684135
250 254 790.3888109999999
241 255 19.084617
255 256 981.2253719999999
255 257 28.186612
257 258 972.0067849999999
257 259 63.691615
259 260 936.286194
259 261 191.255007
261 262 378.381534
261 263 808.749729
240 264 0.351042
264 265 15.114827
265 266 85.723997
266 267 105.616426
267 268 255.60901199999998
268 269 691.063255
269 270 49.995599
269 271 126.79281499999999
268 272 380.52184800000003
267 273 703.611484
273 274 16.943478
273 275 90.436876
266 276 389.647487
276 277 251.129641
277 278 50.945083000000004
277 279 47.339856000000005
279 280 185.710464
280 281 242.173273
281 282 313.39814
282 283 564.154614
282 284 1
281 285 1
280 286 129.26043
286 287 213.484393
287 288 1
287 289 120.508799
289 290 261.404464
289 291 194.26217
286 292 214.721464
279 293 1
276 294 570.13903
294 295 1
294 296 12.689333
265 297 41.761002000000005
297 298 108.04347000000001
298 299 134.08817
299 300 441.60435800000005
300 301 85.775144
300 302 494.70456
302 303 1
302 304 112.791818
299 305 392.425538
305 306 1
305 307 571.039533
298 308 181.628863
308 309 685.8552480000001
309 310 56.972477
309 311 241.76314200000002
308 312 487.301537
297 313 104.530087
313 314 321.434737
314 315 244.71768200000002
315 316 336.91636900000003
315 317 456.296095
314 318 394.130424
313 319 845.4077679999999
264 320 1.761851
320 321 22.767137
321 322 558.770399
322 323 442.473355
322 324 73.13647599999999
324 325 304.592866
324 326 143.099643
326 327 148.72655699999999
326 328 225.21416799999997
321 329 971.604728
320 330 5.59414
330 331 403.40421299999997
331 332 493.21208800000005
332 333 131.48327
332 334 50.79845400000001
331 335 598.334832
335 336 1
335 337 7.508547
330 338 5.32605
338 339 48.037966
339 340 951.980961
339 341 114.087491
341 342 209.96763399999998
342 343 348.14907
343 344 166.399635
343 345 716.596436
342 346 147.277716
341 347 885.9114099999999
338 348 994.6841909999999
239 349 0.177097
349 350 0.131881
350 351 0.596836
351 352 2.278931
352 353 2.820489
353 354 4.956731
354 355 5.596877
355 356 15.979687
356 357 17.907438
357 358 27.526545000000002
358 359 115.95933199999999
359 360 1
359 361 884.0420760000001
358 362 972.470748
357 363 982.104741
356 364 983.9932210000001
355 365 994.404417
354 366 995.042618
353 367 997.227582
352 368 229.08373000000003
368 369 39.273196
369 370 243.026542
370 371 257.67872
371 372 205.908644
371 373 119.600087
373 374 100.05049500000001
373 375 435.863949
370 376 118.399831
376 377 386.23069
376 378 237.91967
378 379 292.073143
378 380 1
369 381 351.042131
381 382 240.23136599999998
381 383 445.09773
368 384 167.037248
384 385 611.8200360000001
385 386 162.720519
385 387 1
384 388 371.926783
388 389 151.59195
388 390 81.722358
390 391 0.737879
390 392 44.413921
392 393 200.106698
392 394 16.190932999999998
351 395 999.626236
350 396 1.1250939999999998
396 397 178.39189
397 398 215.17030799999998
398 399 532.7489439999999
398 400 240.78315300000003
400 401 390.346238
400 402 123.10297800000001
402 403 92.11015
403 404 22.887956000000003
403 405 44.411331999999994
405 406 153.959148
405 407 88.61498
402 408 141.318794
408 409 420.453443
408 410 111.89916099999999
410 411 17.981085999999998
411 412 203.944048
411 413 201.798259
410 414 314.482056
397 415 818.1223900000001
396 416 4.199539
416 417 996.3070589999999
416 418 4.5449
418 419 14.491677
419 420 26.825997
420 421 33.793008
421 422 126.02710900000001
422 423 873.9561229999999
422 424 283.467294
421 425 966.2077549999999
420 426 973.1737669999999
419 427 985.569478
418 428 995.3312099999999
349 429 0.801398
429 430 1.535501
430 431 972.53971
431 432 25.915604
432 433 1.370235
432 434 0.838458
431 435 24.344956
435 436 0.9813519999999999
435 437 0.277313
430 438 6.270668
438 439 8.585431
439 440 991.4043859999999
439 441 13.051900999999999
441 442 49.902594
442 443 118.80031900000002
443 444 738.015185
444 445 28.560582
445 446 51.822990999999995
446 447 87.744821
446 448 1
445 449 5.270090000000001
444 450 48.761824999999995
450 451 140.75703
450 452 84.525008
452 453 16.955023
452 454 40.97887
454 455 1
454 456 207.63229600000003
456 457 1
456 458 92.052607
458 459 197.22886799999998
458 460 1
443 461 200.81184
461 462 1
461 463 508.47302
442 464 950.187467
441 465 373.31602
465 466 375.173006
466 467 1
466 468 460.102703
468 469 118.249442
468 470 123.192354
465 471 507.16546400000004
471 472 63.942235000000004
471 473 18.645619
473 474 32.66682
473 475 56.221827000000005
475 476 92.830166
476 477 9.378013000000001
476 478 5.387153
475 479 189.809623
438 480 896.814004
480 481 92.831383
480 482 62.693386
482 483 52.803815
482 484 23.80452
429 485 844.899733
485 486 155.640495
485 487 152.968461
238 488 0.025005
488 489 0.021054
489 490 0.031742
490 491 0.151413
491 492 0.168131
492 493 0.24511
493 494 0.624794
494 495 1.985188
495 496 380.415808
496 497 619.492981
496 498 464.551612
498 499 236.048412
498 500 57.105099
495 501 6.275068
501 502 5.562918
502 503 30.053347000000002
503 504 970.065946
503 505 75.964992
505 506 924.031982
505 507 672.6621759999999
507 508 151.609622
507 509 9.48192
502 510 60.326979
510 511 917.285889
510 512 950.6256520000001
501 513 602.767913
513 514 384.304779
513 515 400.440106
494 516 8.982370000000001
516 517 13.102659
517 518 33.019271
518 519 966.938583
518 520 107.9906
520 521 232.02265500000001
521 522 158.362717
521 523 732.630175
520 524 892.028125
517 525 986.990993
516 526 990.8512010000001
493 527 0.59414
527 528 3.657444
528 529 7.221122
529 530 13.955941
530 531 40.132864
531 532 49.304853
532 533 103.55720600000001
533 534 280.30928
533 535 896.5536719999999
532 536 950.488241
531 537 960.193005
530 538 985.3691550000001
529 539 180.157101
539 540 816.0211820000001
539 541 388.220418
541 542 524.180005
541 543 324.23193000000003
528 544 994.695458
527 545 1.871807
545 546 3.536777
546 547 4.891542
547 548 8.334522
548 549 8.718623000000001
549 550 991.295046
549 551 12.384771
551 552 13.99658
552 553 986.0034110000001
552 554 69.707273
554 555 1
554 556 930.288625
551 557 987.615802
548 558 991.635587
547 559 995.1081829999999
546 560 996.5185999999999
545 561 65.697455
561 562 932.114632
561 563 684.212096
563 564 297.210106
564 565 1
564 566 145.944021
563 567 181.209024
492 568 0.389388
568 569 6.333776
569 570 16.859437
570 571 983.3184219999999
570 572 100.40624199999999
572 573 278.327755
573 574 549.357014
573 575 558.687803
572 576 899.434189
569 577 43.509334
577 578 223.82492200000002
578 579 684.036536
578 580 783.544541
577 581 942.9830380000001
568 582 0.370152
582 583 6.674125
583 584 994.3223409999999
583 585 11.610413999999999
585 586 988.36815
585 587 36.480196
587 588 416.617692
588 589 613.377057
588 590 480.43154000000004
587 591 258.604206
591 592 548.553512
591 593 741.31768
582 594 3.7985610000000003
594 595 34.815855
595 596 166.074302
596 597 776.8111809999999
596 598 730.843669
598 599 88.148757
599 600 1
599 601 206.13385399999999
598 602 1
595 603 66.209118
603 604 211.57530100000002
604 605 705.935378
604 606 564.354941
603 607 936.031257
594 608 9.725651000000001
608 609 991.817181
608 610 13.160568
610 611 76.066693
611 612 923.9093069999999
611 613 164.764021
613 614 251.90457899999998
614 615 93.431033
614 616 333.533837
613 617 835.248001
610 618 986.891795
491 619 0.115193
619 620 1.962525
620 621 3.878049
621 622 8.596168
622 623 71.34043799999999
623 624 935.681801
623 625 128.62750300000002
625 626 682.717971
625 627 871.3861639999999
622 628 26.211056
628 629 141.304839
629 630 880.2641
629 631 785.468854
628 632 335.566713
632 633 540.374799
632 634 650.4925489999999
621 635 253.503158
635 636 744.947214
635 637 735.654644
620 638 5.463148
638 639 36.227675999999995
639 640 964.385639
639 641 54.117521
641 642 185.365556
642 643 475.81629899999996
642 644 411.47125000000005
644 645 277.691998
644 646 478.97853399999997
646 647 55.83397
646 648 43.269338000000005
641 649 945.924277
638 650 281.597886
650 651 719.805909
650 652 301.24016
652 653 105.86176
652 654 699.342944
619 655 0.23184500000000002
655 656 0.737838
656 657 3.972589
657 658 4.728061
658 659 49.951333
659 660 149.047649
660 661 850.941778
660 662 683.869921
659 663 475.48385
663 664 541.28235
663 665 407.767047
658 666 995.4231229999999
657 667 39.134718
667 668 426.76422799999995
668 669 371.108851
669 670 1
669 671 172.974522
671 672 585.042317
671 673 107.863082
668 674 471.038809
674 675 38.24507
674 676 1
667 677 962.0595950000001
656 678 1.168933
678 679 22.34078
679 680 177.501016
680 681 827.615071
680 682 773.680546
679 683 207.102669
683 684 792.548504
683 685 41.681711
685 686 727.967849
685 687 646.8791659999999
678 688 3.5487379999999997
688 689 11.095391000000001
689 690 122.947935
690 691 442.92767499999997
691 692 317.459634
691 693 160.718071
693 694 150.174848
694 695 13.165372
695 696 121.230777
695 697 86.752687
694 698 170.849588
693 699 354.594266
690 700 800.534622
700 701 53.224577
700 702 91.79553299999999
689 703 992.661913
688 704 82.687261
704 705 90.171203
705 706 70.08663899999999
706 707 76.695857
707 708 230.64289499999998
708 709 196.23931299999998
708 710 577.457176
710 711 350.756999
710 712 199.227678
707 713 333.294326
713 714 231.26722700000002
713 715 405.173819
706 716 442.023543
716 717 276.263211
717 718 159.457316
717 719 30.499036
716 720 163.02428
705 721 72.01693900000001
721 722 616.861681
722 723 107.81630600000001
723 724 155.799734
723 725 1
722 726 1
721 727 85.999027
727 728 258.538718
728 729 205.999523
728 730 331.652038
727 731 881.024822
704 732 543.958255
732 733 317.433109
733 734 1
733 735 421.894747
732 736 271.574452
655 737 0.29189699999999996
737 738 0.845278
738 739 3.712636
739 740 12.62238
740 741 23.440912
741 742 39.265071
742 743 65.598885
743 744 70.662284
744 745 1
744 746 929.3361940000001
743 747 934.4021550000001
742 748 961.050534
741 749 976.0119769999999
740 750 987.2074080000001
739 751 996.656262
738 752 4.389279
752 753 12.911553000000001
753 754 34.990390999999995
754 755 77.62893199999999
755 756 197.08224
756 757 768.574792
756 758 357.831908
755 759 922.5300179999999
754 760 231.137756
760 761 655.824972
761 762 1
761 763 79.47591299999999
760 764 269.236679
764 765 643.488414
764 766 401.087321
753 767 773.168446
767 768 207.029781
767 769 224.24751999999998
752 770 574.7466840000001
770 771 389.11343999999997
771 772 21.169628
772 773 16.497387999999997
772 774 44.325529
771 775 1
770 776 424.35787999999997
737 777 3.394404
777 778 7.248103
778 779 16.875174
779 780 24.008523
780 781 38.147978
781 782 130.649315
782 783 282.927357
782 784 869.349695
781 785 962.106062
780 786 975.6042580000001
779 787 982.882585
778 788 993.3565440000001
777 789 271.367327
789 790 729.674784
789 791 719.565663
490 792 0.020399
792 793 0.3373
793 794 2.197705
794 795 5.60016
795 796 36.121001
796 797 57.183389
797 798 274.409977
798 799 443.030059
799 800 329.286245
799 801 1
798 802 639.6345120000001
797 803 948.812258
796 804 954.998082
795 805 14.893526000000001
805 806 21.679921
806 807 71.161721
807 808 144.194124
808 809 311.462432
808 810 855.8060210000001
807 811 928.8075409999999
806 812 978.419654
805 813 985.185656
794 814 633.472995
814 815 295.512746
815 816 49.051966
815 817 83.432211
814 818 367.334256
793 819 0.209019
819 820 0.905529
820 821 2.357647
821 822 53.116078
822 823 937.097617
822 824 261.401542
824 825 743.646457
824 826 627.720464
821 827 8.127441000000001
827 828 19.728666
828 829 980.2723500000001
828 830 30.815134999999998
830 831 78.391295
831 832 112.408789
832 833 887.423085
832 834 224.55642899999998
831 835 921.577132
830 836 969.180549
827 837 993.505692
820 838 8.910294
838 839 9.557155999999999
839 840 990.617387
839 841 39.201087
841 842 81.027123
842 843 918.886669
842 844 188.829864
844 845 807.3851830000001
844 846 206.477843
841 847 767.635202
847 848 185.675606
847 849 185.439909
849 850 1
849 851 46.33844
838 852 54.266904000000004
852 853 929.3760139999999
852 854 944.18054
819 855 0.513791
855 856 194.491895
856 857 136.924311
857 858 116.005516
858 859 152.192556
859 860 141.492271
860 861 70.542896
860 862 87.286237
859 863 169.772665
863 864 360.422906
863 865 35.776903
858 866 477.32069700000005
857 867 455.89894
867 868 58.203889
867 869 199.619206
869 870 213.01220999999998
869 871 476.299363
856 872 217.550957
872 873 184.207875
873 874 55.577236
874 875 11.216343
875 876 33.848994999999995
876 877 63.619761
877 878 69.125491
878 879 43.569963
879 880 63.623379
879 881 23.045395
878 882 12.240692000000001
882 883 76.84228
883 884 1
883 885 61.548044999999995
882 886 41.841709
886 887 2.0889029999999997
886 888 8.342521
877 889 79.280453
889 890 58.518037
890 891 115.45176800000002
891 892 151.604373
892 893 73.44086399999999
892 894 148.666921
894 895 1
894 896 32.311507
891 897 51.79919400000001
897 898 81.052486
898 899 50.78441
898 900 39.478629
897 901 109.538615
890 902 95.216869
902 903 49.509507
902 904 65.956957
904 905 9.913917
904 906 12.662374000000002
889 907 83.261463
907 908 57.058139
907 909 105.23584299999999
909 910 1
909 911 92.83064399999999
876 912 5.79106
912 913 44.815982
913 914 15.957152999999998
914 915 55.200647999999994
914 916 72.29378
916 917 5.182645
916 918 97.828481
913 919 69.01747900000001
919 920 22.389607
919 921 12.019518999999999
921 922 4.179545
921 923 32.565021
912 924 29.763597000000004
924 925 10.568372
925 926 149.793981
926 927 1
926 928 289.966635
928 929 144.138362
928 930 87.479836
930 931 1
930 932 83.77430700000001
925 933 43.930365
933 934 45.234534
934 935 27.228552999999998
934 936 79.355967
933 937 67.881206
937 938 19.143511999999998
937 939 116.224276
924 940 136.527679
875 941 47.706973000000005
941 942 108.062376
942 943 175.29331
943 944 1
943 945 36.197963
945 946 1
945 947 83.898257
942 948 185.753825
941 949 125.77549800000001
949 950 73.867046
950 951 132.521113
951 952 139.293511
951 953 32.048468
950 954 62.974554000000005
949 955 98.09793599999999
874 956 85.247262
956 957 137.532244
957 958 49.127892
958 959 1
958 960 47.858481000000005
957 961 132.376779
956 962 10.660578
873 963 63.064701
963 964 378.751561
963 965 14.959596999999999
965 966 47.894435
966 967 12.635281
967 968 77.124861
967 969 18.81518
969 970 164.84883
969 971 111.70375100000001
966 972 99.102119
965 973 30.750543000000004
973 974 11.799263999999999
974 975 186.89520399999998
975 976 237.28279200000003
975 977 139.4485
974 978 54.633962999999994
978 979 69.627365
978 980 78.46885900000001
973 981 25.777618000000004
981 982 44.601929
981 983 76.598376
872 984 649.562494
855 985 0.768248
985 986 1.576706
986 987 4.111751
987 988 5.781955
988 989 19.780163
989 990 28.909027
990 991 76.939894
991 992 923.0411
991 993 185.488563
993 994 1
993 995 814.520501
990 996 971.0933779999999
989 997 980.4712670000001
988 998 993.712694
987 999 65.51711
999 1000 926.657104
999 1001 504.559602
1001 1002 502.248739
1001 1003 305.523947
1003 1004 1
1003 1005 144.436739
986 1006 403.424549
1006 1007 270.26725100000004
1007 1008 549.372441
1007 1009 102.20548199999999
1009 1010 1
1009 1011 7.340903
1006 1012 593.820517
985 1013 7.975372999999999
1013 1014 78.600922
1014 1015 902.2783479999999
1014 1016 921.8884949999999
1013 1017 174.740868
1017 1018 494.880725
1018 1019 115.86959800000001
1019 1020 35.146631
1020 1021 46.663813999999995
1021 1022 15.949575999999999
1021 1023 24.042482
1023 1024 11.899363000000001
1023 1025 14.707277999999999
1020 1026 195.448377
1026 1027 59.87171300000001
1026 1028 46.764075999999996
1019 1029 86.60844
1018 1030 368.98981200000003
1017 1031 525.909958
1031 1032 404.06429399999996
1031 1033 156.32300800000002
1033 1034 73.702674
1033 1035 3.253396
792 1036 0.070937
1036 1037 0.346358
1037 1038 0.624991
1038 1039 6.399428
1039 1040 993.9405830000001
1039 1041 28.085338999999998
1041 1042 926.3174369999999
1042 1043 45.740335
1042 1044 45.552872
1041 1045 60.637708999999994
1045 1046 105.39314200000001
1046 1047 587.415073
1046 1048 894.6046230000001
1045 1049 939.366133
1038 1050 1.537574
1050 1051 15.321461
1051 1052 310.389581
1052 1053 227.622235
1053 1054 126.23738499999999
1054 1055 145.481485
1055 1056 29.318593999999997
1056 1057 73.109534
1056 1058 74.795835
1055 1059 2.198423
1059 1060 139.82840199999998
1059 1061 235.37737
1054 1062 1
1053 1063 375.319529
1063 1064 1
1063 1065 657.824398
1052 1066 655.982882
1051 1067 55.659886
1067 1068 123.60242
1068 1069 843.1830299999999
1068 1070 727.7672230000001
1067 1071 308.092397
1071 1072 306.61138600000004
1072 1073 61.557736
1073 1074 270.673287
1073 1075 187.02316299999998
1075 1076 33.262227
1075 1077 141.982169
1072 1078 77.601542
1078 1079 38.780654
1079 1080 78.920222
1080 1081 165.26524
1081 1082 217.427379
1082 1083 1
1082 1084 2.694399
1081 1085 22.571820000000002
1080 1086 96.588239
1079 1087 170.557778
1087 1088 85.485468
1087 1089 97.35894499999999
1078 1090 76.462849
1090 1091 328.193112
1091 1092 1
1091 1093 98.430325
1093 1094 47.204533999999995
1093 1095 118.55051800000001
1090 1096 161.146324
1096 1097 109.539357
1096 1098 292.023036
1071 1099 558.555569
1050 1100 37.091108
1100 1101 55.399584000000004
1101 1102 88.66754399999999
1102 1103 192.588487
1103 1104 338.40554699999996
1103 1105 293.450693
1105 1106 370.04668
1105 1107 37.804959
1107 1108 143.69234799999998
1108 1109 15.914891
1108 1110 13.252972
1107 1111 129.938714
1102 1112 314.326325
1112 1113 332.280217
1113 1114 96.011284
1113 1115 27.750884999999997
1115 1116 18.681053
1116 1117 161.36221500000002
1117 1118 279.082952
1117 1119 124.95323
1116 1120 2.797625
1115 1121 1
1112 1122 303.36325999999997
1122 1123 569.412163
1122 1124 275.514964
1101 1125 945.567085
1100 1126 182.50408099999999
1126 1127 765.497262
1126 1128 331.066839
1128 1129 470.733156
1128 1130 199.813378
1130 1131 245.00358599999998
1130 1132 178.061969
1132 1133 1
1132 1134 336.023577
1037 1135 0.47006699999999996
1135 1136 2.838902
1136 1137 29.725642
1137 1138 66.332408
1138 1139 933.7700809999999
1138 1140 215.41007
1140 1141 784.5947739999999
1140 1142 487.83386899999994
1137 1143 604.209721
1143 1144 401.510006
1143 1145 330.964448
1136 1146 5.853172
1146 1147 144.612238
1147 1148 169.696034
1148 1149 811.59574
1148 1150 483.758055
1150 1151 210.30959400000003
1150 1152 1
1147 1153 860.054188
1153 1154 0.20912399999999998
1153 1155 0.02953
1146 1156 18.525435
1156 1157 88.700619
1157 1158 819.5725639999999
1157 1159 910.606604
1156 1160 981.304462
1135 1161 2.468493
1161 1162 533.917297
1162 1163 244.016885
1163 1164 74.876137
1164 1165 47.333836
1164 1166 37.550855999999996
1166 1167 15.816648
1167 1168 70.96515799999999
1168 1169 15.322600999999999
1168 1170 25.949718999999998
1167 1171 12.917136000000001
1166 1172 102.04437099999998
1163 1173 157.68229
1173 1174 12.855401
1173 1175 218.00617
1162 1176 177.043949
1176 1177 313.83182
1176 1178 32.488330999999995
1178 1179 385.69216700000004
1178 1180 69.662947
1161 1181 7.242372
1181 1182 993.7924689999999
1181 1183 21.301123999999998
1183 1184 30.109281999999997
1184 1185 87.968616
1185 1186 99.910796
1186 1187 211.971316
1186 1188 900.093462
1185 1189 912.023015
1184 1190 537.651302
1190 1191 511.318638
1190 1192 353.158035
1183 1193 978.6916729999999
1036 1194 0.159281
1194 1195 0.303552
1195 1196 1.057807
1196 1197 2.355363
1197 1198 2.178598
1198 1199 4.788193000000001
1199 1200 995.21056
1199 1201 11.786538
1201 1202 14.293049
1202 1203 23.313160999999997
1203 1204 113.68126300000002
1204 1205 113.68636400000001
1205 1206 1
1205 1207 886.3156220000001
1204 1208 150.46603000000002
1208 1209 735.845967
1208 1210 735.849243
1203 1211 976.681423
1202 1212 765.5131230000001
1212 1213 244.28107
1212 1214 196.106791
1201 1215 988.211688
1198 1216 997.821223
1197 1217 998.0096149999999
1196 1218 875.9504209999999
1218 1219 122.27546000000001
1218 1220 123.04422
1195 1221 1.176623
1221 1222 3.010771
1222 1223 3.026671
1223 1224 3.825179
1224 1225 16.938132
1225 1226 49.949510000000004
1226 1227 62.929121
1227 1228 937.0694350000001
1227 1229 98.361844
1229 1230 1
1229 1231 901.638902
1226 1232 950.049884
1225 1233 983.076864
1224 1234 470.04625300000004
1234 1235 503.999288
1234 1236 431.780307
1236 1237 68.970508
1236 1238 164.207332
1223 1239 996.831143
1222 1240 766.884341
1240 1241 235.67757999999998
1240 1242 225.24684100000002
1221 1243 369.741915
1243 1244 323.27184
1244 1245 543.947591
1244 1246 70.977476
1243 1247 626.432866
1194 1248 1.6329360000000002
1248 1249 36.828899
1249 1250 143.58616
1250 1251 723.68229
1251 1252 1
1251 1253 217.30641300000002
1253 1254 101.18295799999999
1253 1255 47.876594
1250 1256 357.006298
1256 1257 124.759675
1257 1258 155.748988
1257 1259 252.242502
1256 1260 516.982224
1249 1261 961.257577
1248 1262 2.537237
1262 1263 997.403847
1262 1264 3.0055910000000003
1264 1265 6.0764510000000005
1265 1266 31.124909000000002
1266 1267 38.048324
1267 1268 93.930382
1268 1269 114.452675
1269 1270 132.595369
1270 1271 160.227801
1270 1272 751.474764
1269 1273 1
1268 1274 906.077011
1267 1275 961.928179
1266 1276 968.863692
1265 1277 993.926123
1264 1278 997.136962
489 1279 0.019415
1279 1280 0.016815999999999998
1280 1281 0.055521
1281 1282 0.188431
1282 1283 1.6954380000000002
1283 1284 2.311295
1284 1285 3.630752
1285 1286 16.074568
1286 1287 31.222455999999998
1287 1288 131.73248
1288 1289 151.431426
1289 1290 33.822092999999995
1289 1291 848.6043540000001
1288 1292 868.1925650000001
1287 1293 968.82406
1286 1294 725.283306
1294 1295 132.954692
1295 1296 84.204924
1296 1297 161.64020100000002
1296 1298 96.99410499999999
1298 1299 55.957361999999996
1298 1300 40.866764
1295 1301 82.117577
1294 1302 224.25134999999997
1285 1303 880.256721
1303 1304 127.21986999999999
1303 1305 104.94806000000001
1284 1306 690.518444
1306 1307 302.24597
1306 1308 312.080126
1283 1309 584.900891
1309 1310 411.458276
1309 1311 415.617984
1282 1312 0.72669
1312 1313 1.413991
1313 1314 3.723804
1314 1315 25.536641
1315 1316 974.48437
1315 1317 28.960958999999995
1317 1318 102.36532700000001
1318 1319 310.963518
1319 1320 689.0270240000001
1319 1321 1
1318 1322 897.647894
1317 1323 971.01194
1314 1324 886.2715010000001
1324 1325 117.90964399999999
1324 1326 102.697508
1313 1327 506.20574700000003
1327 1328 494.362443
1327 1329 489.059545
1312 1330 582.500047
1330 1331 417.983579
1330 1332 314.93631899999997
1332 1333 30.656134
1332 1334 170.970319
1281 1335 0.13013
1335 1336 0.970928
1336 1337 2.611074
1337 1338 781.229248
1338 1339 159.157631
1339 1340 47.887068
1340 1341 1
1340 1342 213.402971
1339 1343 1
1338 1344 211.290253
1337 1345 3.320571
1345 1346 996.883685
1345 1347 3.3148869999999997
1347 1348 9.996825
1348 1349 989.9552
1348 1350 10.096321
1350 1351 989.9191589999999
1350 1352 103.50645700000001
1352 1353 118.64368400000001
1353 1354 21.854457999999997
1353 1355 881.349202
1352 1356 896.492119
1347 1357 996.68425
1336 1358 999.261409
1335 1359 0.517568
1359 1360 1.7425050000000002
1360 1361 4.243465
1361 1362 16.256797
1362 1363 54.97811299999999
1363 1364 117.063097
1364 1365 882.937179
1364 1366 673.4910639999999
1363 1367 952.133164
1362 1368 8.152623
1368 1369 176.121746
1369 1370 770.8310799999999
1369 1371 830.330855
1368 1372 129.479727
1372 1373 802.173393
1372 1374 232.676516
1374 1375 404.804497
1374 1376 792.005006
1361 1377 996.542226
1360 1378 14.62474
1378 1379 28.288024
1379 1380 146.90632
1380 1381 71.180513
1381 1382 317.16803200000004
1382 1383 164.316127
1382 1384 330.537533
1381 1385 576.0879659999999
1385 1386 152.944595
1385 1387 152.19499100000002
1380 1388 339.078876
1388 1389 323.413577
1388 1390 613.0102479999999
1390 1391 1
1390 1392 301.426158
1379 1393 967.38923
1378 1394 985.7865650000001
1359 1395 0.8492500000000001
1395 1396 1.376124
1396 1397 5.524656
1397 1398 27.370656
1398 1399 80.479846
1399 1400 919.8007970000001
1399 1401 246.634108
1401 1402 341.44748200000004
1401 1403 753.364727
1398 1404 972.1481170000001
1397 1405 593.97026
1405 1406 404.113469
1405 1407 396.61333
1396 1408 23.352904
1408 1409 39.506882999999995
1409 1410 149.224163
1410 1411 672.635122
1410 1412 853.783198
1409 1413 955.085858
1408 1414 747.133281
1414 1415 62.84391900000001
1415 1416 138.373927
1415 1417 120.36534
1417 1418 50.178484
1417 1419 107.884115
1414 1420 230.129003
1395 1421 3.181971
1421 1422 14.690427
1422 1423 28.484819
1423 1424 230.95738300000002
1424 1425 697.7195949999999
1424 1426 733.1130380000001
1423 1427 103.89274799999998
1427 1428 150.155553
1428 1429 849.844053
1428 1430 397.19943
1427 1431 909.1853309999999
1422 1432 983.496815
1421 1433 368.35923199999996
1433 1434 533.695713
1434 1435 194.40434
1434 1436 1
1433 1437 633.6706409999999
1280 1438 0.02186
1438 1439 0.13418
1439 1440 0.676346
1440 1441 1.108333
1441 1442 1.783081
1442 1443 2.72875
1443 1444 5.604426
1444 1445 20.155831
1445 1446 51.171986999999994
1446 1447 948.828447
1446 1448 79.962444
1448 1449 355.10355699999997
1449 1450 1
1449 1451 644.891672
1448 1452 920.037661
1445 1453 979.8427379999999
1444 1454 994.4127050000001
1443 1455 997.3696459999999
1442 1456 501.437102
1456 1457 176.035562
1457 1458 14.764985999999999
1458 1459 120.519224
1459 1460 41.844701
1460 1461 102.617226
1461 1462 171.66899
1461 1463 20.757058
1460 1464 70.125348
1459 1465 93.073863
1465 1466 85.711556
1465 1467 131.457322
1458 1468 242.442082
1457 1469 355.388269
1456 1470 494.162192
1441 1471 85.514039
1471 1472 910.5947199999999
1471 1473 915.7343259999999
1440 1474 999.4635470000001
1439 1475 0.268433
1475 1476 0.667249
1476 1477 255.374357
1477 1478 522.534826
1478 1479 478.174437
1478 1480 1
1477 1481 742.545984
1476 1482 1.422368
1482 1483 2.598293
1483 1484 5.248147
1484 1485 5.642947
1485 1486 146.534641
1486 1487 846.837088
1486 1488 848.845513
1485 1489 12.239452
1489 1490 25.326997000000002
1490 1491 26.984097000000002
1491 1492 921.257117
1492 1493 68.302238
1492 1494 35.215008
1491 1495 147.180456
1495 1496 852.8148339999999
1495 1497 1
1490 1498 974.674989
1489 1499 388.11305
1499 1500 608.740415
1499 1501 522.332401
1501 1502 198.046239
1502 1503 246.32224300000001
1502 1504 1
1501 1505 1
1484 1506 994.662617
1483 1507 997.403712
1482 1508 998.833638
1475 1509 0.9183560000000001
1509 1510 759.448102
1510 1511 241.15693199999998
1510 1512 215.628893
1512 1513 1
1512 1514 80.98153099999999
1509 1515 2.612981
1515 1516 8.901964
1516 1517 988.0823899999999
1516 1518 16.379306
1518 1519 96.793869
1519 1520 190.68766100000002
1520 1521 335.673329
1521 1522 388.326849
1521 1523 515.093458
1520 1524 484.22314
1519 1525 902.191925
1518 1526 106.356008
1526 1527 736.8421460000001
1527 1528 184.915025
1527 1529 40.569053
1526 1530 539.119175
1530 1531 244.85965900000002
1530 1532 489.14766
1515 1533 3.4495299999999998
1533 1534 996.409353
1533 1535 4.426527999999999
1535 1536 9.141302
1536 1537 17.686335
1537 1538 68.020165
1538 1539 110.48502200000001
1539 1540 889.523195
1539 1541 35.128716
1538 1542 715.656703
1542 1543 115.87121300000001
1542 1544 316.73794599999997
1537 1545 982.3298149999999
1536 1546 990.8828619999999
1535 1547 995.585478
1438 1548 0.065606
1548 1549 0.019322
1549 1550 0.034959
1550 1551 999.991305
1550 1552 0.008695
1552 1553 0.0018859999999999999
1553 1554 0.000279
1554 1555 999.999799
1554 1556 1000.000201
1553 1557 999.999721
1552 1558 849.3058339999999
1558 1559 150.690824
1558 1560 150.693737
1549 1561 0.388622
1561 1562 7.186721
1562 1563 992.856115
1562 1564 44.702458
1564 1565 940.164684
1564 1566 954.4508220000001
1561 1567 0.5861879999999999
1567 1568 1.10666
1568 1569 3.079401
1569 1570 751.055743
1570 1571 253.041762
1570 1572 95.536657
1572 1573 209.109571
1572 1574 77.100632
1569 1575 10.82389
1575 1576 11.788295
1576 1577 45.080248
1577 1578 954.919687
1577 1579 59.74506
1579 1580 256.082226
1580 1581 649.606457
1580 1582 1
1579 1583 940.2501770000001
1576 1584 988.209483
1575 1585 989.185972
1568 1586 998.905207
1567 1587 999.393493
1548 1588 0.117231
1588 1589 999.9090600000001
1588 1590 0.7410599999999999
1590 1591 1.146815
1591 1592 1.413987
1592 1593 3.7078800000000003
1593 1594 996.291207
1593 1595 4.4250940000000005
1595 1596 5.302552
1596 1597 8.069226
1597 1598 26.649086
1598 1599 32.357957
1599 1600 112.366148
1599 1601 967.641548
1598 1602 973.3515239999999
1597 1603 218.225624
1603 1604 445.314182
1604 1605 228.48949699999997
1604 1606 465.896153
1603 1607 694.35457
1607 1608 42.018699999999995
1607 1609 79.072332
1596 1610 994.6967179999999
1595 1611 995.578927
1592 1612 776.447849
1612 1613 222.238289
1612 1614 222.020017
1591 1615 998.8491789999999
1590 1616 318.835375
1616 1617 681.390347
1616 1618 679.434879
1279 1619 0.146151
1619 1620 0.28733600000000004
1620 1621 0.515709
1621 1622 1.884419
1622 1623 2.652452
1623 1624 3.927124
1624 1625 6.12515
1625 1626 993.8539159999999
1625 1627 17.511746
1627 1628 19.018599
1628 1629 36.56976
1629 1630 46.530888999999995
1630 1631 953.469145
1630 1632 1
1629 1633 963.431239
1628 1634 980.980261
1627 1635 982.4923399999999
1624 1636 996.0730010000001
1623 1637 997.362195
1622 1638 790.753489
1638 1639 208.34878200000003
1638 1640 206.40774199999998
1621 1641 165.38009499999998
1641 1642 442.568533
1642 1643 558.599022
1642 1644 212.298903
1644 1645 1
1644 1646 33.839135999999996
1646 1647 34.171323
1646 1648 26.669784000000003
1641 1649 832.993293
1620 1650 70.91740800000001
1650 1651 246.989869
1651 1652 409.348084
1652 1653 154.45127
1652 1654 147.398576
1654 1655 55.208650999999996
1655 1656 1
1655 1657 28.710421000000004
1654 1658 116.381639
1658 1659 1
1658 1660 30.406287999999996
1660 1661 5.74214
1660 1662 28.516349
1651 1663 752.3907389999999
1650 1664 784.815302
1664 1665 105.59414199999999
1664 1666 183.183594
1619 1667 0.13403600000000002
1667 1668 0.310106
1668 1669 2.047027
1669 1670 4.136201
1670 1671 7.554938
1671 1672 9.161603
1672 1673 542.223486
1673 1674 447.43199000000004
1673 1675 410.116477
1675 1676 1
1675 1677 188.778534
1672 1678 16.638451
1678 1679 19.679795
1679 1680 69.845241
1680 1681 930.15039
1680 1682 148.53572799999998
1682 1683 149.195414
1683 1684 282.451057
1684 1685 191.728175
1685 1686 5.612316
1685 1687 1
1684 1688 104.90796399999999
1688 1689 189.798833
1689 1690 189.657303
1690 1691 1
1690 1692 263.60389
1689 1693 445.815199
1688 1694 173.513801
1694 1695 105.64067299999999
1694 1696 194.160501
1696 1697 143.558027
1696 1698 295.106407
1683 1699 674.337722
1682 1700 1
1679 1701 980.324208
1678 1702 983.35511
1671 1703 992.427492
1670 1704 995.861276
1669 1705 998.128627
1668 1706 0.710125
1706 1707 1.7516509999999998
1707 1708 40.105411000000004
1708 1709 959.356797
1708 1710 240.81928600000003
1710 1711 759.449071
1710 1712 662.539162
1707 1713 241.92104200000003
1713 1714 328.11462
1714 1715 471.141355
1714 1716 391.966489
1713 1717 165.11892500000002
1717 1718 243.462539
1718 1719 221.63648500000002
1719 1720 55.100587000000004
1720 1721 0.41763800000000006
1720 1722 2.4941250000000004
1722 1723 3.599247
1722 1724 2.444233
1719 1725 10.803587
1718 1726 115.26468000000001
1726 1727 208.339832
1726 1728 260.853525
1717 1729 125.5171
1729 1730 114.93973600000001
1730 1731 269.995501
1730 1732 155.301913
1729 1733 115.65310099999999
1733 1734 160.88040900000001
1734 1735 1
1734 1736 30.269987999999998
1736 1737 30.930426
1737 1738 888.6638780000001
1737 1739 1
1736 1740 1
1733 1741 857.516698
1706 1742 115.780025
1742 1743 564.681197
1743 1744 200.665568
1743 1745 150.308858
1745 1746 113.69803700000001
1746 1747 106.422678
1746 1748 148.33438
1745 1749 323.699298
1742 1750 884.092416
1667 1751 0.32239500000000004
1751 1752 1.743975
1752 1753 710.172045
1753 1754 153.738412
1754 1755 174.971326
1754 1756 98.975094
1753 1757 285.181971
1752 1758 3.2306
1758 1759 4.5142050000000005
1759 1760 995.3225679999999
1759 1761 28.733299000000002
1761 1762 48.326062
1762 1763 152.868592
1763 1764 162.709992
1764 1765 212.135635
1764 1766 188.818368
1766 1767 151.744144
1767 1768 90.121426
1767 1769 168.68320400000002
1766 1770 1
1763 1771 847.1444290000001
1762 1772 951.640511
1761 1773 971.3477270000001
1758 1774 996.935179
1751 1775 715.308009
1775 1776 284.90283600000004
1775 1777 283.721132
488 1778 0.16393
1778 1779 0.612961
1779 1780 657.642334
1780 1781 231.363345
1781 1782 206.48136300000002
1781 1783 13.81115
1780 1784 267.595526
1784 1785 61.196217
1784 1786 86.679772
1779 1787 0.7741129999999999
1787 1788 7.811605000000001
1788 1789 8.794135
1789 1790 991.5054489999999
1789 1791 26.955116
1791 1792 909.103735
1792 1793 40.031435
1792 1794 87.839165
1791 1795 29.858338
1795 1796 211.264531
1796 1797 366.677481
1796 1798 788.735962
1795 1799 970.139625
1788 1800 614.1098569999999
1800 1801 387.336482
1800 1802 368.657535
1787 1803 1.10144
1803 1804 311.34958
1804 1805 688.13399
1804 1806 671.351851
1806 1807 28.199128
1806 1808 1
1803 1809 4.293921
1809 1810 6.820938
1810 1811 992.1314199999999
1810 1812 44.610651000000004
1812 1813 63.122723
1813 1814 306.49075899999997
1814 1815 155.178892
1814 1816 693.504114
1813 1817 936.87753
1812 1818 955.9135259999999
1809 1819 37.445756
1819 1820 648.669914
1820 1821 358.801428
1820 1822 277.17297099999996
1819 1823 951.7132330000001
1778 1824 0.436074
1824 1825 1.32418
1825 1826 7.446936
1826 1827 329.836567
1827 1828 666.737977
1827 1829 627.725938
1829 1830 1
1829 1831 103.85996399999999
1826 1832 13.312979
1832 1833 64.856243
1833 1834 42.876939
1834 1835 137.995426
1835 1836 426.00922499999996
1835 1837 936.9236750000001
1834 1838 620.548272
1838 1839 128.85175099999998
1838 1840 244.685372
1833 1841 935.074296
1832 1842 986.667306
1825 1843 888.6004489999999
1843 1844 112.191923
1843 1845 108.159186
1824 1846 703.592284
1846 1847 296.578073
1846 1848 204.840818
1848 1849 1
1848 1850 213.15362800000003
237 1851 0.455939
1851 1852 2.43688
1852 1853 2.943039
1853 1854 4.0799460000000005
1854 1855 5.757377
1855 1856 109.575811
1856 1857 223.573858
1857 1858 327.360424
1857 1859 776.425931
1856 1860 890.67689
1855 1861 29.785539
1861 1862 39.73721
1862 1863 855.315664
1862 1864 113.61539
1864 1865 138.58066399999998
1865 1866 399.43165999999997
1865 1867 861.4190629999999
1864 1868 944.0012579999999
1861 1869 196.257067
1869 1870 804.9603129999999
1869 1871 753.359221
1854 1872 996.023967
1853 1873 622.382216
1873 1874 75.968811
1874 1875 134.856346
1875 1876 90.695432
1876 1877 45.876988000000004
1877 1878 7.550343
1877 1879 1
1876 1880 260.052902
1880 1881 96.653252
1880 1882 80.51204899999999
1875 1883 9.031594
1874 1884 98.762611
1884 1885 70.152826
1885 1886 32.387263
1886 1887 7.7881279999999995
1886 1888 3.367692
1885 1889 82.444056
1884 1890 77.468918
1890 1891 109.137435
1891 1892 33.040893
1892 1893 128.668303
1893 1894 430.743331
1893 1895 27.407930000000004
1895 1896 143.274165
1895 1897 1
1892 1898 81.858488
1891 1899 237.878846
1890 1900 100.688694
1873 1901 266.78806599999996
1901 1902 120.84231999999999
1901 1903 88.771367
1852 1904 997.8758989999999
1851 1905 244.818542
1905 1906 416.164732
1906 1907 91.232463
1906 1908 584.19377
1905 1909 89.121333
1909 1910 585.6265890000001
1909 1911 745.6164839999999
4 1912 7.570615
1912 1913 16.106049
1913 1914 102.88082899999999
1914 1915 842.543479
1914 1916 911.266569
1913 1917 31.183014999999997
1917 1918 354.818468
1918 1919 466.281806
1918 1920 580.508243
1917 1921 970.973818
1912 1922 992.425257
3 1923 654.558779
1923 1924 325.929184
1923 1925 346.778791
2 1926 63.067885000000004
1926 1927 946.39164
1926 1928 777.433666
1928 1929 140.633908
1929 1930 41.891833
1929 1931 20.960838000000003
1931 1932 19.75916
1932 1933 30.154968
1932 1934 15.258129
1934 1935 34.354229
1935 1936 9.46439
1935 1937 17.820611
1934 1938 5.376333
1938 1939 26.057513999999998
1938 1940 7.979298999999999
1940 1941 3.4214840000000004
1941 1942 1
1941 1943 36.999846
1940 1944 1
1931 1945 59.988305
1945 1946 42.44808
1946 1947 31.593346999999998
1947 1948 3.374554
1948 1949 1.284625
1948 1950 0.307193
1947 1951 1.577496
1951 1952 3.7297329999999995
1952 1953 9.026329
1953 1954 1.871288
1954 1955 63.324039
1955 1956 44.739301
1956 1957 1
1956 1958 61.385095
1958 1959 1
1958 1960 25.752865000000003
1955 1961 41.748769
1954 1962 12.58641
1962 1963 22.238183
1963 1964 20.253843999999997
1964 1965 8.776597
1965 1966 18.429833000000002
1966 1967 4.500584
1967 1968 15.16148
1967 1969 1.458243
1969 1970 13.155421
1969 1971 20.348712
1966 1972 108.92104499999999
1965 1973 21.173444999999997
1964 1974 51.325874999999996
1963 1975 19.271794
1962 1976 39.415463
1953 1977 13.525764
1952 1978 4.756704
1978 1979 0.19515400000000002
1978 1980 0.204451
1951 1981 3.9526730000000003
1946 1982 7.510475
1982 1983 29.448319
1982 1984 77.869512
1945 1985 21.193222
1985 1986 37.167035999999996
1986 1987 2.495077
1987 1988 8.54162
1988 1989 7.808213
1988 1990 15.434202999999998
1987 1991 1
1986 1992 1
1985 1993 37.743126
1928 1994 24.017013000000002
1994 1995 1
1994 1996 0.680285
1 1997 167.132873
1 1998 103.225813
