40337 8
6785 9
4752 10
4665 17
12851 21
28243 22
14553 23
44950 26
23796 27
2748 28
31470 46
30662 48
15607 49
44523 52
21981 54
30976 55
12789 57
39494 59
11301 60
9933 61
6109 63
34947 64
26597 65
12004 66
11251 67
37213 71
35032 72
13632 76
4263 77
4516 78
31745 84
16228 86
28114 87
32205 88
32431 91
11740 93
34037 94
15507 95
31297 97
34004 98
25769 100
3016 105
39216 109
18006 114
41749 115
27772 117
11110 118
6155 120
16402 122
10195 123
35213 126
42893 127
23356 128
27480 129
5621 130
22452 131
19422 132
18172 136
22912 137
35418 139
27332 140
39583 141
37182 144
43474 146
7975 148
11591 149
17979 152
12699 153
36608 155
3015 157
3769 158
8729 162
39506 164
17330 165
156 167
5246 168
27992 173
3281 174
19330 175
3014 178
12829 180
31257 181
44110 182
28078 185
16899 190
28280 192
17814 193
7217 194
21971 195
36763 196
12246 197
30823 198
38776 199
26286 200
9644 201
43080 203
37899 204
8198 207
1721 208
20303 209
2581 213
43907 214
25521 215
36224 216
37538 217
28945 218
3299 223
32094 224
37221 225
27909 228
4691 229
28046 230
36838 233
35216 234
41456 235
45470 236
39719 245
18938 246
27217 247
8184 249
27656 252
1734 253
19956 254
3645 256
3977 258
9736 260
42503 262
29443 263
34335 270
43597 271
15312 272
19857 274
794 275
38105 278
6665 283
39717 284
40471 285
6804 288
29582 290
23410 291
9069 292
31111 293
11773 295
44894 296
27225 301
10242 303
17259 304
10393 306
954 307
15644 310
17628 311
23039 312
406 316
40616 317
11068 318
29530 319
20763 323
6492 325
45067 327
15848 328
29026 329
5036 333
34325 334
4131 336
30443 337
20031 340
19818 344
19209 345
18992 346
1218 347
3719 348
39529 360
28741 361
39866 362
34458 363
19179 364
262 365
38951 366
3383 367
32919 372
36452 374
45055 375
17440 377
31206 379
20353 380
24005 382
18611 383
3775 386
40056 387
17916 389
19284 391
9406 393
33110 394
15623 395
40850 399
11658 401
36685 404
6540 406
2154 407
35898 409
14700 412
26326 413
5882 414
34667 415
2377 417
36846 423
12714 424
24537 425
19515 426
21783 427
29680 428
27247 433
37087 434
14914 436
25340 437
16943 440
35608 447
5145 448
38822 449
8951 451
5610 453
29460 455
24870 457
24724 459
24182 460
44507 462
24488 463
1934 464
31796 467
22390 469
3853 470
16102 472
21480 474
15327 477
13664 478
13635 479
41782 481
12700 483
29056 484
8644 486
32323 487
23456 497
31352 499
40122 500
40277 504
29673 506
22280 508
41905 509
7288 511
33408 512
10908 514
18646 515
12181 519
8156 522
44503 523
28589 524
20287 525
1416 526
16847 534
32426 535
15677 536
42824 537
36416 538
6528 540
20136 542
33492 543
8707 544
31642 550
30329 553
19938 555
19766 556
15305 557
7038 558
28471 559
41424 560
44935 562
27054 565
27537 566
38756 567
2619 571
4923 574
17655 575
26498 576
31525 579
40917 580
22105 581
37293 584
17812 586
9547 589
29314 590
16846 592
40101 593
12661 597
13049 600
40844 601
30681 602
33164 605
15040 606
5663 607
8124 609
11536 612
17195 615
42057 616
39635 617
2337 618
27422 624
2530 626
19646 627
32256 630
4139 631
9470 633
6173 634
84 636
27163 637
34025 640
18742 643
12085 645
503 647
16912 648
34107 649
29381 651
30101 653
2293 654
44997 661
19545 662
8541 664
659 665
5745 666
26963 670
23188 672
19645 673
3432 675
25140 676
2642 677
36510 681
22112 682
5372 684
11283 686
43787 687
25275 692
25734 696
29282 697
23713 698
26428 699
42629 701
20762 702
43071 703
4079 709
30084 711
40484 712
20442 714
3030 715
8482 718
13469 719
43454 720
42904 724
16382 725
43943 726
19210 729
570 730
3474 731
3076 734
8813 735
32422 736
45063 745
20656 746
40495 747
41843 748
24575 749
43637 750
15089 751
12270 757
40814 758
28987 759
16731 762
42878 763
13753 765
271 766
12906 768
37025 769
26348 773
3392 774
42622 775
35508 776
194 783
18570 784
29266 785
24973 786
42219 787
1665 788
44994 790
134 791
7458 800
44943 801
6020 802
22608 803
34628 804
7188 809
29101 810
13003 811
24442 812
5551 813
10029 816
2931 817
4819 818
38886 823
8366 825
44111 826
38912 829
4891 833
12402 834
43296 835
29312 836
25060 837
21270 840
21258 843
10028 845
17131 846
7072 848
11592 850
24189 851
19543 853
41689 854
14190 861
16645 862
13019 864
23238 865
12513 866
6912 868
14901 870
33856 871
2379 880
28290 881
2374 884
21789 885
2672 887
18726 888
3347 893
38997 895
23079 896
19388 899
44494 900
3737 901
29678 903
43400 905
25523 906
37931 908
43415 910
7895 911
31185 915
9075 917
22658 918
151 920
27335 922
11512 923
14524 927
26583 929
39692 931
17711 932
18921 935
28398 936
6557 938
10821 939
29052 940
7110 944
43612 946
40519 947
16515 948
37862 952
28225 953
20285 954
15990 955
3157 959
16406 960
27624 961
30858 962
26538 964
9836 968
44960 970
37029 971
42359 972
8864 976
42262 977
39961 979
28355 980
3286 982
40043 983
25469 984
2794 992
31683 994
12501 995
7529 996
5211 997
38056 998
35583 1000
18828 1002
2486 1004
24144 1005
43712 1008
32958 1010
4138 1011
27825 1012
14665 1015
39127 1016
2383 1022
28147 1024
35432 1025
3772 1027
16989 1028
43541 1029
35836 1030
23222 1032
13103 1034
36290 1035
415 1040
21579 1043
30211 1044
12846 1047
19272 1048
31499 1049
35010 1057
26319 1058
11579 1060
27278 1061
26180 1062
32388 1064
14201 1065
29886 1066
22741 1069
2728 1070
3503 1074
4066 1076
3038 1077
7502 1083
17444 1084
24867 1085
7030 1086
17331 1088
3723 1089
1814 1092
21337 1094
2177 1095
4178 1097
19364 1098
18832 1099
42727 1104
39654 1106
41258 1109
34083 1110
41676 1111
12761 1114
39727 1118
36791 1119
10831 1120
24326 1121
40815 1123
13399 1124
19894 1125
31169 1127
40104 1129
28390 1131
23548 1133
7817 1134
3137 1139
27173 1141
1872 1142
14918 1144
36381 1145
34657 1149
16181 1151
899 1152
917 1154
15252 1155
33919 1158
20228 1159
41554 1160
5752 1165
34067 1169
18213 1170
18923 1171
12099 1172
683 1174
9602 1175
25079 1177
15834 1179
10470 1180
8706 1182
26506 1187
26606 1188
43492 1189
33694 1191
9666 1192
8484 1193
27393 1200
30205 1206
31706 1207
21828 1209
13864 1210
31927 1211
15448 1213
5062 1214
1235 1215
20038 1216
19363 1217
14945 1219
45234 1220
6504 1228
23698 1230
36135 1231
19370 1232
42950 1233
42631 1235
41506 1237
11229 1238
11607 1239
13542 1241
2251 1242
4202 1245
21995 1246
31286 1247
16437 1252
15342 1254
17272 1255
39993 1258
15530 1259
42287 1260
7347 1261
34857 1263
38220 1271
31372 1272
11907 1273
38241 1274
31638 1275
27582 1276
27959 1277
5757 1278
20674 1290
9519 1291
6318 1292
10652 1293
1480 1297
13904 1299
10062 1300
28890 1301
20425 1302
4937 1304
17960 1305
8380 1307
13311 1308
27419 1310
41525 1311
13447 1316
15948 1320
41474 1321
33932 1322
24213 1323
10450 1325
44348 1326
33693 1328
5160 1329
42395 1331
16611 1333
41953 1334
36725 1341
16487 1342
26085 1343
7950 1344
15157 1346
16568 1349
2616 1351
4904 1354
16313 1355
33211 1356
23658 1357
3190 1358
32182 1365
22624 1366
45015 1367
34861 1370
16935 1371
22841 1373
34873 1375
25131 1376
4082 1377
45164 1383
14735 1384
26656 1386
28966 1387
595 1389
6465 1391
19456 1392
17156 1393
32952 1394
35100 1400
25704 1402
33092 1403
30851 1404
17019 1406
2567 1407
18962 1411
42134 1412
33999 1413
21613 1416
4246 1418
10290 1419
33526 1420
37393 1425
7025 1426
3011 1429
25767 1430
24842 1431
17220 1432
23351 1435
11596 1436
9739 1437
43793 1447
16356 1450
43928 1451
30007 1452
18684 1453
43667 1454
44647 1455
24927 1462
31298 1463
14693 1464
32295 1466
25250 1467
30938 1468
3997 1469
21748 1470
39786 1472
40638 1473
25981 1474
20418 1479
27564 1480
45026 1481
6347 1487
31956 1488
31287 1493
31228 1494
41046 1496
26216 1497
5233 1498
5389 1500
6643 1503
21521 1504
31057 1505
31283 1506
20239 1507
20959 1508
24149 1511
10719 1513
43160 1514
28702 1517
34102 1522
9807 1523
39433 1524
3749 1525
1990 1528
15872 1529
8636 1531
16737 1532
6863 1534
43232 1540
11332 1541
19606 1543
24058 1544
37053 1545
24469 1546
41277 1547
31679 1551
23028 1555
15558 1556
26940 1557
30530 1559
19932 1560
13503 1563
3814 1565
23948 1566
23042 1571
10799 1573
7634 1574
27820 1578
24 1581
31875 1582
9145 1583
7811 1584
10371 1585
23009 1586
7645 1587
27198 1589
24807 1594
31291 1600
7460 1601
13052 1602
27913 1605
43099 1606
19510 1608
39996 1609
23051 1610
4068 1611
30180 1613
27855 1614
30486 1615
14180 1617
23598 1618
6144 1626
10755 1631
18288 1632
22838 1633
40311 1634
39302 1635
12616 1636
41403 1637
30216 1639
29607 1640
20140 1643
26124 1645
19434 1647
8643 1648
31264 1649
14085 1653
8122 1656
32462 1657
44572 1659
39080 1661
43561 1662
41880 1663
6682 1665
7053 1666
1506 1674
39867 1676
11334 1677
41981 1681
654 1686
33017 1687
4407 1691
21233 1692
11539 1693
17677 1695
5047 1697
16745 1698
19774 1699
1165 1700
2980 1701
44169 1702
28097 1703
2107 1704
829 1705
12255 1709
2714 1711
29180 1712
30262 1715
10789 1716
39661 1721
35807 1723
5111 1724
13692 1725
37183 1727
26573 1728
37499 1731
34374 1732
26426 1735
41182 1738
7676 1739
27664 1740
14743 1741
16444 1744
8328 1747
5996 1748
10291 1749
9533 1750
36635 1755
16925 1756
26204 1757
13171 1760
9134 1765
22246 1768
7408 1769
11693 1770
25753 1771
45112 1772
14499 1773
40342 1774
42899 1776
36790 1777
6582 1782
9239 1783
36094 1785
9460 1786
23160 1790
20248 1793
14789 1794
26683 1797
19717 1798
40258 1799
9867 1801
3929 1802
11378 1805
36091 1807
31425 1808
15152 1811
41672 1815
17564 1816
7121 1817
27727 1818
39576 1821
16544 1822
16265 1823
21616 1828
38881 1830
44217 1831
4908 1836
18521 1837
4172 1839
9715 1840
22062 1841
10762 1842
35253 1844
34471 1845
25666 1847
40750 1849
26382 1850
5321 1858
8163 1859
44164 1860
17065 1863
29806 1866
36393 1867
42169 1868
29983 1870
32372 1871
11158 1872
19477 1878
25829 1879
26182 1881
1369 1882
25098 1883
34041 1887
40661 1888
20836 1889
18569 1894
43520 1896
14861 1897
11202 1898
22125 1899
32992 1900
25276 1902
18997 1903
18579 1904
25016 1907
29645 1908
7064 1910
31680 1911
28500 1915
32531 1916
20751 1919
12886 1920
5268 1921
23172 1922
42187 1924
22522 1925
8576 1927
35902 1930
24604 1933
43638 1936
8709 1937
35700 1939
15532 1942
42202 1943
43263 1944
3468 1949
11274 1950
17420 1957
10826 1959
24046 1960
8858 1961
25862 1968
19538 1970
39142 1971
32386 1972
31276 1973
11103 1974
31491 1975
39778 1976
29984 1977
35567 1979
36547 1980
29313 1981
16600 1983
44154 1984
31967 1989
14216 1990
35743 1991
24053 1992
21105 1993
8214 1995
41770 1996
31977 1997
32618 1998
