14242 9
15439 10
8313 12
21210 13
10189 18
24134 20
6894 21
18575 24
34866 26
43633 27
19744 28
15567 29
30060 31
36029 35
34548 36
30775 37
9186 39
44628 40
6941 47
4847 48
12593 51
14546 53
14948 54
37623 60
33729 64
42509 65
16148 70
3779 71
38363 73
1474 74
17317 77
16385 78
43934 79
34976 81
30188 82
5968 83
22365 91
38970 92
33348 102
6206 104
5270 105
12483 108
11718 109
45115 110
15295 112
11443 113
5122 118
17206 119
18282 122
40285 123
41502 128
22517 129
9652 132
22102 133
18650 134
6750 139
1882 140
6229 142
10130 143
22303 146
17133 147
76 152
411 153
17783 154
14945 158
9327 159
26957 162
11413 163
19853 165
23394 166
2314 170
44032 172
16432 174
22404 175
4318 177
15280 178
30341 181
14972 182
8672 187
4326 188
3217 191
16094 192
17521 195
11156 196
6598 198
34063 201
39854 202
45087 204
38105 205
34031 206
38051 209
23709 210
27201 211
9585 214
8429 216
21179 217
40233 219
34569 220
44803 227
31984 228
45268 232
22864 233
43097 234
39597 237
26058 241
25753 242
1201 244
35819 245
9033 246
2022 247
37794 251
16609 252
33620 253
24714 255
5971 256
31910 259
35621 260
23220 261
8348 268
29548 270
43281 271
23008 273
42103 274
2054 275
32807 276
43499 279
22660 280
9447 293
34368 294
3914 300
15839 301
43733 302
13029 304
37974 305
38103 310
7602 311
38336 317
3978 318
24141 322
8335 323
31878 332
2313 338
4268 339
8775 341
30888 349
7747 350
42243 352
7514 354
29184 355
17663 358
34600 361
37342 362
13563 363
16614 364
21279 366
1402 367
33740 369
4226 373
43640 374
38070 375
45239 377
39724 378
44971 381
18506 382
12761 384
28493 385
6892 387
10683 389
18320 390
7614 392
2714 398
8071 400
22035 402
22206 404
1297 406
10454 408
17234 410
39395 411
34403 419
4644 421
33184 422
16856 426
20267 428
3874 430
11176 431
21907 434
30648 435
26843 436
41809 438
14706 439
11544 442
11524 443
22886 444
23211 448
35613 449
11696 451
13609 453
18709 454
13156 457
20641 458
27745 462
39008 463
927 464
38441 465
22028 467
8461 471
6484 472
15063 473
15797 474
24448 476
12234 477
35807 479
22917 480
20958 482
34418 483
4017 484
18299 485
17250 486
31645 490
9136 491
40488 494
20503 498
15245 500
19935 501
32546 506
31257 508
11740 509
33461 511
28962 515
2336 516
16831 518
10500 519
12172 522
21241 523
38203 525
4793 526
18962 530
13546 531
23567 535
3358 536
20409 539
11078 540
32646 541
11656 545
33907 546
4173 548
18367 549
18497 555
4232 558
22677 559
27463 561
42608 562
38135 565
45146 566
29863 567
18290 569
35303 570
6285 572
25315 573
37050 578
23081 579
23718 581
33123 582
7487 585
29342 587
9482 588
37276 589
27250 594
2351 595
21422 598
30485 599
18571 600
32626 606
16236 607
23948 611
22662 612
29139 613
36866 614
31574 617
223 619
15738 620
29977 622
9859 624
1349 626
31813 627
11036 629
18377 632
33262 633
45092 634
30252 638
11470 639
31698 641
40268 642
17857 644
4117 645
42621 649
17358 650
20614 654
8194 655
11062 659
11670 660
14365 661
36070 663
37493 665
41529 666
18857 668
38551 669
26541 671
640 672
16660 673
28095 676
33657 677
32127 684
10036 685
21171 687
780 689
32566 690
12186 694
1016 702
42017 703
39411 706
45367 707
35359 709
16064 710
13639 711
30473 713
32887 715
17933 717
23112 722
8667 723
25826 725
28770 727
4372 728
13717 733
23086 734
45067 738
32644 739
38557 748
23197 749
40220 751
5165 752
45025 755
40905 756
5560 758
23261 759
36511 760
12030 764
32680 765
2111 766
26829 767
41104 770
12178 771
26685 776
20634 781
13620 782
13748 783
18363 785
13894 787
3733 788
39000 790
3240 792
36523 793
31175 795
902 796
39098 798
16126 801
21404 803
25747 804
18388 807
39611 808
24319 809
14071 812
31065 813
35012 817
36137 818
28338 822
20934 823
31486 825
4166 826
3731 831
30817 832
41081 833
16110 838
1933 839
39968 841
20698 842
14282 844
2830 845
15187 847
29246 848
9141 860
10968 862
26615 863
27562 865
4281 866
27059 870
40429 877
16067 880
39067 881
27931 886
44320 889
42331 891
39596 892
41032 893
20872 894
9336 898
6471 899
2076 901
34638 902
12007 905
38700 909
19569 910
10051 911
4384 912
33336 916
6991 919
20541 920
36795 922
23515 924
4347 925
14947 926
5600 930
22550 931
18685 932
19931 934
18946 935
12478 937
27404 938
1870 940
14315 945
11831 947
4701 949
17367 950
31722 951
15457 952
4511 953
30841 955
30500 956
26300 957
6601 958
29694 961
42489 962
15040 963
33411 967
28330 968
26774 975
4156 976
3309 978
19635 979
15436 982
34555 986
19011 990
11742 991
43048 993
44976 994
29481 996
19526 997
37271 998
38597 999
15441 1000
19239 1001
6390 1003
36618 1005
43536 1006
22285 1007
27815 1012
1702 1013
37233 1014
21407 1016
4705 1017
16391 1018
36682 1020
30219 1021
43828 1027
12462 1030
35280 1031
40613 1033
29365 1034
24876 1039
33644 1041
43255 1042
41266 1043
42499 1048
19030 1049
7764 1050
28953 1053
16995 1054
27226 1055
21766 1057
35355 1059
40264 1061
15171 1062
3118 1064
1477 1066
35170 1067
34385 1069
1093 1071
3600 1075
20074 1077
17122 1078
39065 1079
773 1080
38110 1084
39396 1086
25714 1087
20278 1088
10898 1090
31367 1091
3654 1096
37353 1099
9376 1101
43341 1102
15555 1103
13673 1105
24487 1108
18656 1111
12561 1112
37607 1114
40726 1116
6225 1117
22544 1119
41477 1120
20814 1122
20858 1123
37440 1124
40763 1125
35099 1126
28507 1131
38527 1133
10774 1134
11978 1136
2320 1137
24723 1140
34635 1141
34675 1144
1259 1146
21012 1147
44512 1148
18927 1156
14476 1157
39706 1159
13215 1160
36591 1163
9714 1164
29687 1165
3925 1168
5253 1169
36215 1170
25053 1171
40566 1172
28416 1179
22781 1180
6029 1181
31963 1183
42013 1186
16284 1187
5946 1188
31099 1189
7810 1191
2627 1192
11461 1194
33320 1195
38686 1196
29350 1201
28743 1202
25674 1204
33413 1205
26167 1210
17733 1211
42875 1212
8848 1215
22437 1216
933 1217
40695 1221
31831 1224
27960 1225
15503 1227
30517 1228
31880 1231
31385 1233
11104 1234
29892 1235
16932 1238
21703 1239
23748 1241
6499 1242
24067 1245
12474 1246
44562 1248
25943 1250
28672 1253
43263 1254
12115 1256
36208 1257
8464 1258
18691 1260
45336 1265
25369 1267
4986 1268
16850 1269
26473 1272
10943 1273
22852 1274
14967 1275
26178 1277
43993 1278
3176 1279
3169 1283
22469 1284
9195 1288
43067 1289
5544 1290
3659 1291
31693 1295
43732 1296
8630 1298
43226 1299
9537 1300
28595 1302
13462 1303
43725 1306
1640 1307
27436 1308
19863 1310
37875 1311
30753 1313
30765 1315
19347 1316
22534 1319
20341 1320
3695 1321
15758 1325
31468 1326
20850 1327
4558 1328
33624 1331
31400 1332
32718 1335
8236 1336
19562 1337
37634 1338
8885 1339
38707 1340
32976 1342
8881 1344
35856 1345
20812 1347
33696 1349
11243 1350
6957 1352
17474 1353
18441 1355
22760 1356
830 1363
16487 1364
36438 1365
18986 1366
8894 1368
8215 1369
35294 1373
13961 1374
11385 1378
39716 1380
3772 1382
35906 1384
34726 1386
40047 1389
26091 1390
39674 1391
20038 1394
9001 1395
8946 1397
28134 1398
25341 1399
34565 1400
36021 1403
6629 1404
31235 1406
33981 1407
18167 1409
11609 1410
3811 1413
10037 1415
40128 1417
26469 1418
15361 1420
32149 1421
40601 1427
11570 1428
17345 1434
28522 1436
21642 1437
3929 1438
4394 1440
13227 1442
22128 1443
7238 1444
9040 1445
29966 1447
12052 1448
16567 1452
42298 1453
34281 1454
34138 1456
31605 1460
29618 1461
29154 1464
31232 1465
31907 1467
23214 1468
313 1470
39310 1471
5843 1472
42498 1474
7231 1475
19329 1478
39539 1480
35443 1481
3052 1482
11107 1483
26505 1486
10202 1487
15909 1488
11497 1489
37842 1493
26986 1495
29477 1496
40477 1497
26212 1501
26296 1503
28433 1504
15943 1506
13504 1507
20305 1510
36627 1511
26109 1514
14189 1515
634 1516
30974 1517
20384 1518
39921 1520
24049 1522
34319 1523
5909 1529
25834 1531
12492 1532
14740 1534
17021 1535
16859 1537
19983 1538
29554 1541
1295 1542
16144 1546
25528 1547
41146 1551
22919 1554
40305 1555
17201 1557
6393 1558
7190 1559
38322 1560
12887 1562
40483 1564
41089 1565
31205 1571
4499 1572
13891 1574
9927 1575
25378 1577
32829 1578
4162 1580
24139 1581
6060 1583
39653 1584
16605 1585
1907 1589
4404 1590
15195 1592
40842 1593
11266 1595
28161 1596
19323 1598
18975 1599
2896 1601
26877 1602
5265 1604
24264 1606
18843 1607
26382 1611
243 1612
45344 1613
7621 1614
39535 1618
40750 1622
10883 1624
38465 1625
3639 1629
17820 1630
8649 1632
37481 1633
29191 1634
43844 1637
44367 1638
37258 1639
24356 1640
39956 1642
33627 1643
26564 1645
20172 1646
19104 1648
25440 1649
28313 1651
1029 1652
32125 1654
1133 1655
1876 1656
2703 1659
4202 1660
5608 1667
44974 1668
27668 1669
26150 1671
23143 1674
22523 1675
42316 1676
17285 1678
14773 1681
12099 1682
232 1687
20521 1688
19600 1689
5228 1695
4730 1696
35875 1699
29800 1701
39297 1702
24546 1703
25837 1705
26377 1709
31580 1710
11044 1711
11689 1713
27806 1715
31102 1716
2534 1718
39325 1719
1415 1722
16726 1723
2819 1724
1267 1726
7148 1728
32692 1729
1431 1734
17953 1735
3474 1737
19989 1739
10090 1740
3864 1741
15971 1743
41528 1744
16694 1745
5537 1747
32579 1748
40120 1749
17257 1751
41769 1752
21521 1754
38500 1755
1356 1757
23182 1759
3589 1760
7371 1762
40589 1766
9210 1767
36633 1768
5095 1769
15423 1772
21799 1773
34243 1777
23788 1780
40122 1781
4831 1782
14561 1785
41551 1786
21167 1789
23893 1791
15778 1792
21728 1794
41127 1795
7805 1797
9893 1800
21371 1801
7654 1802
19522 1803
1630 1806
30595 1807
39037 1809
27541 1810
33349 1812
19246 1813
27789 1816
28460 1817
15589 1818
23370 1819
28996 1822
7929 1823
12273 1824
12551 1826
5034 1830
24221 1831
42679 1832
12304 1834
29601 1835
26358 1840
41603 1841
8598 1846
24255 1847
36360 1848
25252 1849
19634 1855
36391 1856
40635 1857
23627 1858
8067 1859
37022 1861
11551 1862
27870 1863
24286 1865
35644 1866
261 1869
6943 1873
39242 1875
2675 1876
23915 1877
23052 1879
32414 1880
10423 1884
24800 1885
28480 1887
38828 1889
45028 1894
616 1895
34208 1896
10616 1902
33960 1903
43579 1905
17622 1908
42042 1909
13375 1910
8694 1911
31623 1914
12861 1915
33602 1917
14662 1918
36268 1920
18731 1921
3852 1923
33460 1924
40688 1926
28598 1929
16200 1930
5799 1931
4242 1932
9568 1935
43674 1938
43643 1940
37744 1942
14061 1943
32828 1944
19535 1945
18882 1949
9311 1950
27294 1952
43632 1953
42476 1954
40778 1958
40676 1959
37252 1960
33077 1962
33110 1963
41300 1965
2941 1966
29486 1967
37166 1972
4605 1973
34144 1974
38469 1979
14362 1980
29326 1981
20895 1983
35941 1984
39020 1987
38674 1988
37460 1989
5796 1992
21481 1993
20283 1994
35523 1996
5217 1997
20910 1998
