19932 8
30530 9
42134 19
7408 21
22246 22
7038 23
8484 24
10371 25
42219 26
29680 27
40495 28
7950 30
26085 33
36725 34
16487 35
9460 39
36094 40
9239 42
6582 43
9533 44
14861 52
43520 53
11202 54
22125 55
18569 56
1369 58
26182 59
18997 62
25276 63
20836 67
40661 69
34041 70
32992 71
25098 73
25829 75
19477 76
41905 81
22280 82
29673 83
40122 86
31352 87
23456 88
23172 89
32182 100
31291 102
24807 103
39996 105
19510 106
25981 107
41525 110
27419 111
39866 120
31706 123
16356 125
6020 126
39786 127
34025 128
42824 129
26606 130
27727 131
34628 132
22608 134
44943 136
7458 137
954 140
10393 141
40616 143
406 144
38951 146
11334 152
39867 153
1506 154
19774 166
1165 167
18742 168
2980 169
12255 170
2107 171
25469 172
44935 173
38056 174
829 175
43637 176
16568 177
16544 180
39576 181
29886 184
26180 187
26319 191
35010 192
32388 193
11579 194
27278 195
14201 196
17259 202
10242 203
27225 204
31057 209
21521 210
6643 211
5389 212
9666 217
33694 218
43928 228
26216 229
41046 230
40277 231
5233 232
5211 233
31283 234
32952 235
29026 236
20239 237
24058 239
19606 240
16444 243
5996 245
8328 246
10291 247
5062 255
15448 256
30205 268
13864 269
21828 270
29645 271
19543 272
27393 273
16935 274
415 275
5745 276
4752 277
29530 279
11068 280
20038 281
31228 283
31287 284
3929 286
9867 287
43099 289
27913 290
17272 294
15342 295
16437 296
42287 298
15530 300
39993 301
5757 310
21233 311
3977 312
27217 314
18938 316
39719 317
27825 319
4138 322
32958 323
43712 324
2616 329
41474 334
15948 335
33932 336
44164 337
19894 338
262 339
44348 341
10450 342
28046 345
4691 347
27909 348
40101 356
16846 358
39529 359
34458 360
19179 361
29314 363
9547 364
10062 368
13904 369
1480 370
28890 372
20425 373
7634 376
10799 377
23042 378
7188 385
29101 386
24442 387
19646 389
2530 390
26382 396
40750 397
25666 398
15848 404
45067 405
6492 406
20763 407
44111 410
8366 411
13311 415
8380 416
34471 423
35253 424
30681 429
13049 430
40844 431
12661 432
42622 439
26348 440
3392 441
35508 442
17156 448
1721 455
8198 456
20303 457
34667 458
28471 459
25521 464
43907 466
2581 467
36224 468
41981 469
36838 470
31956 474
6347 475
45470 479
134 482
44994 483
32094 488
3299 489
37221 490
42503 494
29443 495
9736 496
23796 499
44950 500
20287 503
44503 506
8156 507
28589 508
11607 510
25140 515
3432 516
19645 519
26963 520
23188 521
41843 523
41456 526
14499 529
37538 532
27480 537
11110 540
27772 541
10195 547
16402 548
6155 549
39216 550
23356 551
41749 553
18006 554
42893 556
35213 557
27422 560
4923 610
17979 614
18172 624
4263 626
31297 628
31745 630
32205 633
34037 635
28114 642
11251 652
12004 666
12789 667
44523 668
21981 669
26597 670
30976 671
6109 672
39494 673
34947 674
9933 675
15607 676
11301 677
31470 678
30662 679
3015 680
4516 681
32431 682
22452 683
13632 684
39583 685
15507 686
27332 687
12699 688
11591 689
3769 690
36608 691
3016 693
16228 694
5621 696
35418 697
11740 698
19422 699
37182 700
25769 701
7975 702
43474 703
22912 704
34004 705
37213 706
35032 707
9644 709
3014 717
31257 718
12829 719
44110 720
17330 728
3281 730
27992 732
39506 733
30823 734
156 735
19330 736
8729 737
5246 738
12246 741
36763 743
7217 744
21971 745
28078 746
26286 747
38776 748
9470 749
16265 750
13003 751
33408 752
12616 753
28702 754
7288 755
11283 756
17655 757
14665 758
34861 759
37899 761
43080 762
7025 763
8184 764
32256 765
5372 766
40337 767
43232 768
2748 769
31642 770
24469 771
17814 774
28280 775
16899 776
30486 777
6785 778
38886 779
4139 780
15305 781
17960 783
4937 784
20656 786
45063 788
43787 789
31638 790
29180 792
2714 793
40638 794
43492 796
26506 797
16313 798
19363 799
4068 800
22841 801
1872 803
27173 804
4665 805
2619 806
16943 807
28945 808
36416 809
7460 810
13052 811
23009 812
1235 813
22522 815
42187 816
17564 818
41672 819
3645 820
1734 822
27656 823
13171 824
4082 825
14553 827
28243 829
12851 830
43296 832
12402 834
4891 835
18646 837
10908 838
16925 841
36635 842
26204 843
36393 847
29806 848
17065 849
42169 850
32372 852
29983 853
23160 855
26683 857
19717 858
31680 860
7064 862
25016 863
5160 865
33693 866
12501 868
9715 873
4172 874
4908 875
22062 876
10762 877
659 879
8541 880
22624 884
34873 885
45015 886
25131 888
37393 889
28741 891
5047 899
17677 900
16745 901
33017 904
654 905
4407 906
11539 907
13503 908
33919 909
36381 911
14918 912
41953 915
16611 916
42395 917
19456 921
6465 922
595 923
12846 927
25753 928
19272 929
31499 930
44997 934
42057 938
17195 939
39635 940
11536 941
2337 942
18992 948
19818 949
5321 950
19209 951
8163 952
1218 953
24144 957
2486 958
18828 959
35583 960
33492 964
20136 965
6528 966
16847 969
32426 970
15677 971
15040 974
33164 975
5663 976
28966 979
26656 980
14735 982
45164 983
5551 992
19956 994
11907 996
31372 997
17812 998
27959 999
30851 1000
7347 1001
39302 1002
39127 1003
34325 1006
5036 1007
30443 1009
4131 1010
31977 1016
32618 1017
35216 1019
3719 1021
41689 1023
28500 1028
19938 1029
30329 1030
8707 1031
3137 1032
12886 1034
20751 1035
38756 1037
27537 1039
27054 1040
19545 1046
31683 1047
2794 1048
27163 1049
3853 1052
22390 1053
31796 1054
10028 1057
17131 1058
21270 1059
2642 1061
32531 1064
40814 1066
12270 1067
271 1070
13753 1071
42878 1073
16731 1074
40850 1080
2154 1083
6540 1085
36685 1086
11658 1087
5882 1090
26326 1092
14700 1093
35898 1094
44647 1095
13635 1097
13664 1100
15327 1101
16102 1103
21480 1104
24488 1110
44507 1111
43793 1112
18521 1113
29312 1115
24182 1119
24870 1120
24724 1121
29460 1125
5610 1126
8951 1127
35608 1129
5145 1131
38822 1132
29056 1135
12700 1136
41782 1137
33092 1141
25704 1142
12714 1152
23698 1153
36135 1154
6504 1155
19370 1156
36846 1157
24537 1158
22105 1159
21783 1160
2251 1162
13542 1163
31286 1166
21995 1168
4202 1169
44217 1172
38881 1173
21616 1174
7053 1178
6682 1179
43561 1184
44572 1185
39080 1186
32462 1188
8122 1189
14085 1190
14789 1193
20248 1194
29607 1197
30216 1198
18288 1217
23598 1218
22838 1219
41880 1220
40311 1221
13447 1222
8576 1223
38241 1224
44169 1225
41554 1226
28097 1227
19515 1228
28987 1229
37025 1231
12906 1232
30211 1234
21579 1235
14180 1236
41403 1237
21258 1238
6144 1239
41676 1246
34083 1248
41258 1249
39654 1250
42727 1251
13399 1254
24326 1258
10831 1259
12761 1260
36791 1261
40815 1263
39727 1264
7817 1269
23548 1270
28390 1271
40104 1272
31169 1273
18832 1277
2728 1278
22741 1279
3038 1283
4066 1284
3503 1285
2177 1288
21337 1290
1814 1291
24867 1296
7030 1297
17444 1299
7502 1300
4178 1302
19364 1303
3723 1305
17331 1306
41182 1310
84 1312
38220 1318
11693 1319
9134 1320
45112 1321
26498 1322
6173 1323
20762 1326
42629 1327
11332 1336
20674 1337
9519 1338
6318 1339
10652 1340
37053 1341
6863 1342
20031 1343
19766 1344
40917 1347
31525 1348
30262 1352
34374 1355
37499 1356
26426 1359
27664 1360
7676 1361
14743 1362
26573 1366
37183 1367
13692 1369
5111 1371
35807 1373
39661 1374
10789 1375
41770 1386
8214 1387
42202 1391
43263 1394
15532 1395
35700 1396
24604 1397
35902 1399
8709 1401
43638 1402
44154 1405
16600 1406
14216 1409
35743 1412
24053 1413
31967 1414
21105 1415
31276 1421
11103 1422
19538 1425
25862 1426
39142 1427
32386 1428
39778 1431
29984 1433
36547 1436
35567 1437
29313 1439
11274 1441
3468 1442
31491 1443
8858 1445
24046 1448
10826 1449
17420 1450
35100 1451
7811 1453
31875 1457
24 1458
27820 1459
24973 1460
24575 1462
29266 1464
194 1466
18570 1467
2293 1470
30101 1471
29381 1472
7645 1473
39433 1477
9807 1479
34102 1480
3749 1481
15872 1485
1990 1486
16737 1488
8636 1489
24213 1490
24005 1495
17440 1496
20353 1499
31206 1500
36452 1502
32919 1503
18611 1505
45055 1506
33110 1511
19284 1512
9406 1513
17916 1514
40056 1516
3775 1517
16912 1522
503 1523
12085 1524
10755 1525
33526 1530
21613 1531
10290 1533
4246 1534
27582 1538
15089 1542
18684 1544
7121 1549
18579 1551
36290 1557
13103 1558
23222 1559
43541 1563
35432 1566
28147 1567
2383 1568
16989 1570
3772 1571
35836 1572
31264 1576
8643 1580
26124 1581
19434 1582
20140 1583
30938 1590
3997 1591
25250 1594
32295 1595
14693 1597
31298 1599
24927 1600
21748 1601
27198 1603
9145 1606
20959 1607
23658 1611
23410 1620
6804 1621
29582 1622
31111 1625
38105 1626
9069 1627
40471 1630
39717 1631
6665 1632
44894 1634
11773 1635
794 1638
19857 1639
15312 1641
43597 1643
34335 1644
17628 1647
15644 1648
23039 1649
24189 1653
11592 1654
7072 1655
25340 1659
14914 1660
37087 1662
27247 1663
20228 1667
12181 1673
15834 1677
10470 1679
25079 1680
9602 1683
683 1684
12099 1687
5752 1688
18923 1690
18213 1692
34067 1693
899 1698
16181 1699
34657 1700
15252 1702
917 1703
31425 1707
36091 1708
11378 1709
15157 1712
31927 1714
43667 1720
4819 1724
2931 1726
10029 1727
36790 1730
42899 1731
2377 1733
40342 1736
38912 1738
11158 1740
25060 1742
26940 1745
37293 1747
1665 1749
3190 1751
23028 1754
15558 1755
31679 1756
5268 1757
3383 1758
32323 1760
8644 1761
15623 1762
45234 1764
14945 1765
27855 1767
30180 1768
30007 1769
42950 1770
23051 1771
34107 1772
1416 1773
1934 1774
7529 1775
8706 1776
11229 1779
41506 1780
42631 1781
41277 1782
34857 1783
8124 1784
22112 1786
36510 1787
16645 1793
14190 1794
15990 1797
20285 1798
28225 1800
37862 1801
40043 1808
3286 1809
28355 1811
39961 1812
18726 1816
2672 1817
28290 1819
2379 1820
21789 1822
2374 1823
30858 1826
16406 1828
3157 1829
27624 1830
26538 1833
42359 1837
9836 1838
37029 1839
44960 1840
42262 1842
8864 1843
17711 1847
39692 1848
26583 1849
10821 1854
6557 1855
28398 1857
18921 1858
14524 1861
11512 1864
27335 1866
151 1867
31185 1868
29052 1870
22658 1872
9075 1873
16515 1875
40519 1877
7110 1879
43612 1880
23079 1884
38997 1885
3347 1886
25523 1891
43400 1892
29678 1893
3737 1895
44494 1897
19388 1898
7895 1901
43415 1902
37931 1903
23238 1907
13019 1908
12513 1909
33856 1911
14901 1913
6912 1914
33999 1916
18962 1917
40258 1919
43160 1922
10719 1923
24149 1924
41424 1925
15152 1926
2567 1928
17019 1929
33211 1932
4904 1933
45026 1935
27564 1937
20418 1938
24842 1942
25767 1944
3011 1945
17220 1946
9739 1948
11596 1950
23351 1951
26428 1956
29282 1959
25734 1960
23713 1961
25275 1962
43071 1963
32422 1967
3076 1968
8813 1969
43943 1974
16382 1975
42904 1976
570 1979
19210 1980
3474 1981
4079 1986
20442 1987
3030 1988
43454 1990
13469 1992
8482 1993
40484 1995
30084 1996
3814 1997
23948 1998
