6560 33
7642 39
26436 40
2842 41
7543 42
24023 43
29462 44
1907 45
23232 46
7787 47
2002 48
9036 49
11321 50
13924 51
7384 52
11171 53
6439 54
24193 55
15962 56
14138 58
31063 59
21381 82
20287 84
22632 86
15417 87
3012 88
17786 90
15438 92
28584 94
24136 96
187 98
26852 100
14832 102
31076 104
8000 106
21213 108
8975 110
31177 112
5561 114
27859 116
24067 118
15880 120
17935 122
22220 124
1285 126
28860 128
8096 130
3612 132
29675 134
13817 136
8546 138
5585 140
12429 142
3000 144
19016 146
27375 148
18236 150
15457 152
29560 154
26694 156
22442 158
7965 160
29900 162
9593 164
23354 166
6919 168
15005 170
10861 172
27509 174
19327 176
24485 178
6413 180
29398 182
22274 184
16039 186
20749 188
17474 190
13906 192
7537 194
10727 196
14118 197
27904 202
5307 203
19193 205
5354 206
30259 210
4848 211
12999 213
17421 214
21637 216
21720 218
9728 220
7506 222
30265 224
325 226
28645 228
10418 230
3646 232
23788 234
18508 236
21376 238
25609 240
20397 242
28468 244
9003 246
4009 248
21240 250
11341 252
23209 254
30442 256
22926 258
11300 260
2174 262
16641 264
31324 266
29082 268
23896 270
31523 272
6778 274
24962 276
29165 278
12700 280
4094 282
20615 283
4349 285
3943 287
7345 289
12538 291
9454 293
14224 295
7372 297
11510 299
16020 301
13605 303
13269 305
22958 307
10353 309
7710 311
20754 313
30670 315
25464 317
5713 319
15382 321
26259 323
2436 325
3855 327
17437 329
10066 331
11164 333
6504 335
20384 337
13519 339
6106 341
7799 343
28625 345
12106 347
15271 349
4821 351
11419 353
989 355
26151 357
12336 359
21172 361
944 363
24906 365
23285 366
1325 368
12442 370
20682 372
3949 374
6048 376
10393 378
26527 380
19771 382
7123 383
13911 384
10247 385
5201 386
27498 387
2357 388
17444 389
518 390
12223 392
8069 396
64 398
789 403
27148 404
25518 407
15016 412
24220 417
15990 418
30578 419
8442 420
29386 421
5658 422
31420 424
25137 425
7106 427
22346 428
17433 429
11969 430
30880 431
2259 432
15670 433
3306 434
28050 435
30990 437
21166 447
16237 455
27938 463
20885 464
6313 465
3237 466
15361 467
22665 468
22604 469
29218 470
23212 471
6577 472
26965 473
26866 474
28106 475
13395 476
21962 477
5778 478
618 479
18710 480
29527 481
12421 482
20629 483
10303 498
15735 503
26192 504
20736 505
26176 506
20904 507
15847 508
3998 509
6381 510
7225 511
29187 512
5635 513
26809 514
6902 515
2247 516
9184 517
7886 518
28444 519
21130 528
9594 535
13847 536
19102 537
19665 538
25727 539
24128 540
29062 541
31342 542
28016 545
21914 546
5631 547
16488 552
2880 553
18779 555
10361 559
25892 560
25810 561
30172 562
2364 563
3358 565
9163 566
18915 568
3992 569
21974 570
20973 580
20231 582
18043 586
17717 589
16131 590
24535 591
28891 592
22488 593
7330 594
17173 595
20393 596
17934 597
29991 599
27194 600
9976 601
24984 602
16099 603
21382 608
30465 610
25719 619
10321 620
11269 621
9565 622
2125 624
10907 625
2043 626
15045 627
16518 628
14243 629
23597 631
24821 632
3492 633
12189 642
284 648
28102 649
4899 652
17676 654
14188 655
717 656
21768 657
29927 658
22764 660
26288 661
2980 662
15945 663
25560 664
30354 665
30807 678
10769 680
3234 681
24492 682
20748 683
13929 685
28846 686
25106 688
26198 689
14119 691
26652 692
3228 693
14753 694
25443 696
27828 697
8432 698
6511 709
26844 710
10868 711
12873 712
321 713
25460 714
3034 716
25472 717
3177 718
10568 719
23780 725
26696 726
3617 729
24966 730
22736 731
13267 732
12730 733
28541 734
11625 735
17295 745
5485 746
14071 747
3155 748
18563 749
23318 750
26127 751
6813 752
5168 761
27171 762
20678 763
1795 764
5326 765
14349 769
1329 770
30729 772
6060 773
3493 777
11770 779
12600 780
17243 781
1897 782
8185 787
19387 789
13120 790
21258 791
19139 792
28518 793
15933 794
1377 797
24507 798
24579 801
31025 802
21949 803
23904 806
11158 816
11105 817
28344 818
18327 820
7583 821
6472 822
6113 823
14739 824
20221 825
5694 830
7122 831
28132 832
17604 834
6129 836
1547 837
20423 838
22375 843
30025 844
18995 845
31024 849
302 852
23105 853
23799 855
26913 856
28725 857
8745 858
22492 861
31278 862
26057 865
29948 867
1170 868
17365 869
17350 871
7904 872
14612 889
2977 890
26822 891
18723 892
5274 893
16594 896
24498 897
9777 899
2986 900
15419 905
26736 906
5464 907
2363 909
5182 910
22781 913
4986 914
6831 917
22221 918
4802 919
3844 922
27405 923
9314 926
20813 928
17586 929
22664 930
27039 931
13100 933
8985 935
750 936
2485 937
23090 942
18740 944
22698 948
13597 950
11533 951
22208 952
11823 953
21799 954
28481 956
29788 957
26549 958
15547 966
12000 967
5516 973
23686 974
6968 975
25733 976
22792 977
1342 978
8385 979
17664 981
11271 982
15049 988
1021 989
30704 990
2592 991
28990 992
13000 999
21920 1000
27716 1001
21739 1002
14747 1003
8176 1004
710 1010
29336 1011
6383 1012
14513 1015
25571 1016
9933 1017
6696 1021
6771 1022
22360 1023
7052 1024
10513 1026
18824 1028
17773 1029
6775 1037
2504 1039
28451 1041
30208 1042
24421 1043
735 1044
5828 1045
28431 1046
30605 1048
18377 1050
28940 1051
6390 1056
13671 1057
19850 1062
17667 1063
11962 1065
9999 1066
30773 1069
4536 1070
4183 1072
9628 1073
20485 1075
15879 1077
29231 1078
3490 1083
20842 1084
22820 1085
15659 1086
24586 1087
2316 1090
27676 1092
18063 1094
15334 1095
17688 1097
4160 1098
14878 1101
10265 1102
25447 1104
5542 1110
30500 1111
25519 1112
30526 1113
14024 1115
10263 1116
10708 1117
6470 1126
10537 1127
7693 1130
13266 1131
27415 1132
8274 1133
22498 1136
11029 1137
6305 1141
28700 1142
21226 1143
10888 1144
13504 1147
16316 1149
30218 1151
21873 1155
19032 1156
27974 1157
14956 1158
16662 1160
14438 1161
26038 1162
5716 1164
31417 1165
15582 1174
21270 1175
10329 1177
9927 1178
16127 1181
21038 1182
31164 1185
29694 1186
5270 1187
4035 1191
19664 1192
21822 1193
29510 1196
17038 1197
2089 1198
20544 1202
20337 1203
5715 1204
16933 1206
7441 1209
9605 1210
19569 1212
9526 1213
11201 1220
20390 1221
25357 1222
25932 1225
28308 1226
20174 1227
15896 1232
25338 1233
29169 1235
20271 1236
6316 1237
16848 1239
9538 1240
27746 1241
24068 1242
3373 1249
10421 1251
20124 1253
25467 1254
3148 1255
22584 1256
23143 1259
27142 1260
21164 1263
6662 1265
31516 1266
26254 1267
27693 1269
1098 1271
28920 1272
25066 1277
6215 1278
28697 1279
5178 1287
20732 1288
22290 1289
29789 1290
297 1291
28126 1292
24293 1293
24409 1294
17459 1295
8943 1302
1690 1304
15154 1305
13162 1307
6248 1308
10601 1310
13719 1311
235 1312
30887 1314
16801 1315
18612 1318
31098 1319
12589 1326
4926 1328
19218 1329
1946 1330
31 1331
19316 1332
10251 1335
8306 1336
12167 1337
23656 1340
29488 1343
13945 1344
26646 1348
18441 1349
17878 1350
16854 1351
16135 1352
6873 1360
23593 1361
483 1364
31254 1365
22118 1366
13015 1369
445 1371
23795 1373
22007 1374
23556 1377
19243 1380
26798 1381
10008 1384
7226 1385
1708 1386
5969 1387
798 1390
29220 1391
23168 1396
25577 1397
15043 1398
8354 1399
20946 1400
18067 1403
1454 1406
8711 1407
10335 1409
19353 1410
1044 1411
1424 1412
3388 1415
5777 1421
9041 1423
19787 1426
22199 1427
23812 1428
1741 1429
30735 1430
20071 1431
9618 1433
28382 1434
8970 1435
22074 1441
18992 1442
16623 1446
21181 1447
14023 1449
31383 1450
10211 1451
22163 1455
28512 1459
24511 1460
29763 1461
24646 1462
29117 1464
25256 1469
27167 1470
22961 1471
31349 1472
6749 1474
11283 1475
6479 1476
25573 1482
18256 1485
31450 1486
30519 1487
23401 1490
30394 1494
4782 1495
1721 1496
28727 1497
29816 1498
29739 1499
436 1501
12220 1504
28951 1507
8959 1508
20199 1510
29170 1511
11631 1512
22404 1513
21880 1523
28696 1524
23235 1527
13792 1528
16532 1529
8600 1530
15074 1531
7474 1532
3711 1533
2850 1537
6681 1538
18053 1539
14946 1540
26788 1541
9260 1548
25882 1551
8908 1552
20158 1553
29867 1554
22716 1556
28280 1561
13943 1562
14952 1563
242 1564
30580 1565
31414 1573
13458 1574
15787 1575
5472 1576
14530 1577
14754 1578
14199 1579
31456 1580
24209 1585
12309 1589
18382 1590
8503 1591
19165 1592
5049 1593
9129 1594
16843 1595
11339 1596
14748 1606
30668 1610
24456 1611
16982 1612
15175 1613
29831 1614
28789 1615
9897 1616
25109 1622
2386 1623
20219 1624
11232 1625
9296 1627
4809 1629
5788 1630
6597 1633
27240 1637
10970 1638
26086 1639
10378 1640
7155 1641
21969 1642
15533 1643
19002 1644
14047 1654
14376 1655
12290 1656
14167 1657
1560 1658
2774 1659
19369 1660
16791 1661
9658 1662
18902 1663
14916 1668
17425 1669
27376 1671
14448 1674
21684 1682
18913 1683
10134 1684
3015 1685
2369 1686
2261 1687
27244 1688
23298 1689
12936 1690
3483 1692
5960 1693
25887 1696
16282 1701
27565 1709
17001 1710
21031 1711
28343 1712
1055 1713
20819 1714
14989 1715
3047 1716
20724 1717
4484 1718
7022 1719
8768 1724
17903 1731
15343 1732
1680 1733
31246 1734
11923 1735
23705 1736
1826 1737
21259 1745
24104 1746
14492 1747
15742 1748
5731 1749
27886 1750
13416 1751
12913 1752
900 1753
24529 1758
15536 1762
27083 1763
12082 1764
26966 1765
18932 1766
23851 1768
25099 1769
18825 1772
15291 1773
12925 1774
28750 1775
4804 1802
7842 1806
10508 1819
14726 1820
9713 1821
16814 1822
3481 1823
28073 1824
28161 1825
28407 1826
30039 1827
10452 1829
29259 1830
15519 1831
10972 1832
28643 1833
10402 1834
17189 1835
20146 1836
19257 1837
19030 1838
19225 1839
30266 1840
30494 1841
26427 1842
9473 1843
3318 1844
24797 1845
13450 1846
22454 1847
8606 1848
12887 1849
21890 1850
7550 1851
21471 1852
30225 1855
18295 1856
17572 1873
12822 1874
30417 1875
14316 1876
7429 1877
14480 1878
1518 1879
30071 1880
10399 1881
871 1882
29149 1883
19378 1884
6111 1885
11357 1886
24397 1887
15887 1888
25992 1889
2950 1890
6804 1891
14172 1892
26132 1893
1570 1894
11398 1895
8849 1922
3549 1923
9060 1924
29741 1925
21064 1926
16084 1927
794 1928
11020 1929
27653 1930
18241 1931
20677 1932
5286 1933
1752 1934
10187 1935
23091 1936
29250 1937
17832 1938
13174 1939
20681 1940
23108 1941
31184 1942
3851 1943
26811 1944
5083 1945
28592 1946
28978 1947
13757 1949
26330 1950
11540 1951
28309 1952
18739 1953
13933 1954
11319 1964
787 1966
10022 1968
10815 1969
11246 1970
10597 1971
3721 1972
11291 1973
12305 1974
2057 1975
6620 1976
3567 1977
26558 1978
17397 1979
4157 1981
6258 1982
15100 1983
4552 1985
26697 1986
23161 1987
27983 1988
17989 1989
8593 1990
5610 1991
7263 1992
1977 1993
2380 1994
11081 1995
8964 1996
11729 1997
5339 1998
