2199 9
35749 10
1501 11
19267 12
5815 13
35638 14
26832 15
15249 16
14248 21
304 34
19422 38
21584 40
21800 41
29374 42
35275 43
18971 44
7300 45
4701 46
2666 47
22867 48
4548 62
35391 63
42130 64
39090 65
24471 66
11541 67
17159 68
10723 69
28713 70
5188 71
2535 72
39037 73
8526 74
25613 75
40664 79
23459 81
3945 90
11701 91
15693 92
32042 93
34734 94
31839 96
18220 97
9397 98
2024 99
37532 100
32203 101
17888 103
23564 104
43117 105
20305 111
28835 113
21911 121
16502 126
35296 130
19716 131
27016 132
950 133
12887 134
33728 135
545 136
5601 137
12159 138
26288 139
43322 140
38555 141
27246 145
36378 148
19740 154
26596 157
29487 158
43742 159
25391 160
34636 161
18818 162
15286 163
11572 164
17927 165
33778 166
21529 183
32079 184
3796 185
35777 186
10211 188
39696 189
1370 193
44004 195
43419 197
18598 198
25672 199
19320 201
21716 204
21383 205
39425 206
19322 216
43018 217
43920 218
41277 219
11442 222
11785 223
28529 226
38066 227
38149 228
15537 231
4558 232
41553 233
21698 234
22934 235
37012 238
42865 239
14502 240
23478 248
19357 249
38766 250
40317 251
35493 252
18418 253
14664 254
28478 255
8418 257
1634 258
1128 260
12075 261
14898 267
24352 269
23640 272
43927 278
21539 281
29161 286
42637 292
36726 294
33275 295
34989 296
30795 297
3211 298
6814 299
6067 300
1443 301
37694 302
14542 303
33726 304
13181 305
17184 306
32284 307
12409 308
13397 309
1670 310
22647 311
11441 312
4339 314
6199 315
26443 318
26375 319
19866 320
26385 321
9730 328
32838 329
14380 331
29258 332
34307 333
33804 334
42289 335
35342 336
11303 337
27884 349
1555 357
18153 362
38876 364
31505 365
4944 366
9310 367
37111 368
1292 369
37410 370
20891 371
13050 372
2711 373
4200 374
32413 375
105 376
1104 377
4995 378
11000 379
23849 380
25725 381
21028 382
33639 383
24066 384
37609 387
8612 388
4687 389
5940 391
31432 399
33259 407
40544 408
18004 411
35034 412
1665 413
20116 414
12033 418
5473 419
44174 420
3947 421
32474 422
33305 423
4108 424
4692 425
26257 428
6862 429
36337 431
19759 435
34428 436
1653 437
14869 438
29665 439
25680 449
26730 453
4313 454
20377 455
4907 456
36994 457
6311 458
37813 459
39028 460
43185 461
14220 462
6337 463
35090 464
18162 465
14846 469
30361 474
36045 478
6154 482
21970 483
41527 484
12716 485
10441 486
17281 487
9149 488
7660 490
35973 491
39648 492
37064 493
38706 494
41667 509
28814 510
43916 511
2292 512
7333 514
36409 515
24358 516
26811 517
40883 519
31704 520
28375 521
42199 522
26781 523
3346 524
26201 530
39438 539
31575 540
30098 541
8938 542
19808 543
18979 544
38379 545
23772 546
25480 547
5707 548
21876 549
4768 550
20820 551
31081 552
31622 554
36572 560
35552 565
30225 570
41387 572
4896 574
2053 575
29991 576
87 577
14491 578
3932 579
40898 580
33326 581
41535 584
14004 585
42296 586
31598 587
12267 588
21245 589
37293 596
34851 597
13516 599
40527 601
4475 603
23829 604
13415 609
13741 615
2950 616
42764 617
27992 618
22142 619
30877 620
17920 621
29860 623
25220 624
7681 625
38851 636
25649 639
28192 640
25125 641
40957 642
21165 643
38217 646
31848 647
15388 648
35648 649
4095 650
30628 651
5991 652
12327 655
17793 658
23933 662
31032 664
14529 666
32535 667
40573 668
26545 669
36531 670
15673 671
7478 676
38625 679
28110 681
438 685
22562 688
32551 689
32097 690
38400 692
8481 693
25069 694
8285 695
19728 697
38159 698
44093 699
19393 700
32938 711
22906 712
18672 713
34644 717
32477 718
25769 720
40314 721
22736 723
15617 725
14792 726
33289 731
43477 732
38334 733
24144 734
7520 735
42404 739
23928 740
22593 741
19916 743
41675 748
10687 749
16582 750
36938 751
11702 753
33858 755
32921 756
18323 759
1811 766
36365 767
40497 768
29196 769
40614 770
298 771
39831 772
42739 774
22868 775
25586 777
1067 782
32346 786
23534 787
27142 788
9463 789
35680 790
9795 791
16609 792
35378 794
19600 802
7745 803
15555 805
42150 806
23148 807
3611 808
8460 809
28645 814
3664 815
38767 816
21847 819
41422 821
17915 822
25328 823
29163 825
40683 828
40180 829
23236 831
4042 832
25306 833
10862 844
14405 846
4307 848
12360 849
40575 850
6736 852
42074 856
29615 857
17505 861
29758 862
9715 863
15847 864
41363 866
11451 867
19414 877
19629 878
8580 879
13283 880
12707 881
29936 882
7325 886
15578 887
9963 888
15897 890
26113 891
21136 896
15026 897
6316 898
5942 900
41509 901
23526 902
5127 904
36216 910
20614 911
11846 913
5342 914
7357 916
29265 917
17661 918
35066 919
42398 925
28475 929
23907 930
36899 931
22992 933
12589 934
29303 935
40690 936
28286 937
25023 938
21317 941
3760 942
6978 945
24627 946
43609 951
35098 952
20544 953
7 954
27466 955
34816 957
36975 967
8081 968
38945 969
7159 970
3668 971
43277 972
41966 974
10530 976
39197 977
35635 979
10871 980
8270 981
10227 986
18926 990
6821 991
22668 992
11207 993
32973 994
730 997
33372 998
2215 999
31150 1000
10101 1010
32080 1011
26924 1012
22435 1013
33389 1014
41044 1015
11967 1017
36247 1018
3622 1024
13390 1025
19453 1026
9580 1027
16604 1028
41154 1030
1783 1031
20151 1036
36800 1039
29885 1040
17294 1041
23604 1042
21255 1043
42412 1050
17769 1051
36251 1052
21434 1053
30210 1054
42473 1055
17706 1056
27717 1063
39507 1064
14388 1066
37095 1068
29833 1069
22910 1070
42863 1071
4367 1074
41540 1076
20548 1077
18396 1079
8999 1082
24091 1083
7413 1084
31275 1090
32179 1092
13247 1093
39631 1094
16745 1095
13273 1096
14007 1097
8671 1100
14962 1101
34819 1108
1944 1110
31799 1111
7370 1112
23406 1113
18789 1114
8202 1115
7354 1116
7068 1119
17046 1128
22325 1129
37276 1130
40919 1131
25844 1132
16099 1133
10459 1134
13580 1138
44244 1139
15474 1143
40302 1144
28596 1145
35124 1146
22903 1150
10068 1152
24435 1153
9701 1155
12222 1156
41567 1160
29141 1161
33909 1162
34885 1165
1606 1166
6605 1167
16167 1168
38653 1179
15732 1181
34925 1182
32028 1183
15935 1184
24760 1185
26159 1186
25265 1187
8175 1188
7181 1190
36831 1192
13216 1193
24859 1200
16120 1201
20575 1203
30042 1204
24516 1205
14687 1207
39711 1211
37863 1212
35718 1213
38057 1215
35329 1216
17775 1219
31463 1220
7862 1222
4130 1223
16053 1224
25035 1233
11927 1234
41076 1235
30736 1237
32546 1238
26198 1240
29378 1241
42102 1245
39771 1246
2007 1247
20451 1248
21465 1252
35353 1255
19736 1256
9560 1258
23358 1259
27491 1260
26959 1263
32341 1264
3372 1265
29095 1270
5307 1271
17900 1272
18159 1273
13808 1275
34711 1281
34865 1282
7864 1283
21029 1284
3486 1285
35547 1286
33941 1291
16606 1292
5469 1297
25577 1298
27629 1299
31901 1300
15056 1301
5741 1306
34319 1308
7732 1310
41512 1311
4092 1312
27688 1313
20058 1316
30739 1317
34416 1318
13879 1321
20698 1325
19102 1327
36985 1328
10145 1329
39886 1331
14568 1332
42525 1334
41221 1336
32289 1337
17342 1347
23961 1349
2178 1350
11070 1352
16273 1353
8230 1355
28174 1357
37091 1358
37673 1363
44310 1364
40622 1365
15060 1366
6023 1367
28387 1368
14900 1372
41562 1373
20449 1375
5979 1377
24962 1378
17023 1381
39673 1382
29605 1383
30707 1390
7235 1391
19211 1392
2052 1393
40017 1395
2006 1396
11426 1402
6340 1403
36026 1404
9881 1405
1074 1406
17020 1407
40130 1409
16657 1410
14285 1414
22384 1415
9595 1420
3571 1422
26109 1423
41256 1424
11153 1425
8410 1426
1223 1427
32501 1435
36602 1436
15255 1443
6717 1445
14451 1446
11345 1447
24705 1450
30750 1451
18978 1453
14919 1454
21669 1455
2543 1458
7345 1459
25963 1461
37372 1462
34775 1463
5937 1470
11825 1471
32889 1472
7593 1473
11448 1475
30394 1476
15514 1478
17070 1482
19130 1483
5599 1484
38410 1485
17656 1487
3444 1488
8623 1493
9526 1496
7314 1497
16096 1498
40223 1499
22082 1503
39334 1504
23071 1505
41552 1507
8931 1509
5142 1510
43360 1515
31392 1516
44108 1517
9896 1519
19871 1521
22513 1522
18919 1525
3368 1527
21356 1528
6670 1531
28410 1532
9173 1533
24674 1536
27437 1540
4262 1541
7330 1543
12601 1544
3227 1546
12423 1547
34002 1549
14346 1553
43319 1554
41196 1555
15374 1556
2452 1562
43273 1563
34456 1567
34643 1568
15749 1569
17429 1570
23339 1571
1062 1572
12465 1573
40388 1580
24320 1581
32617 1582
17992 1587
15582 1588
42568 1590
22862 1591
23535 1592
42377 1594
19615 1595
26937 1596
31420 1603
6792 1604
29896 1607
36721 1608
20185 1609
13005 1611
11934 1612
38888 1615
22860 1616
34261 1618
28569 1619
38271 1621
7025 1623
29732 1624
27400 1630
36836 1631
22398 1632
25289 1633
3669 1635
16241 1636
2227 1638
10760 1640
4024 1642
38981 1643
41004 1646
38566 1647
40381 1649
3206 1656
21114 1657
42616 1658
23463 1659
11524 1660
16494 1662
28627 1663
44277 1664
27981 1670
24326 1673
21452 1674
16449 1678
39983 1680
35096 1681
43767 1682
37948 1683
27355 1684
16968 1691
7400 1692
42028 1693
16763 1694
13814 1695
20565 1696
37254 1700
15636 1704
9413 1705
14458 1706
11803 1707
36640 1708
30571 1709
35496 1716
7927 1718
24219 1719
19956 1720
16705 1721
29298 1722
34649 1725
22095 1726
39071 1729
38828 1730
13310 1732
665 1733
43232 1738
30138 1741
35292 1742
3266 1743
12213 1744
630 1747
7753 1748
33010 1750
38508 1752
2550 1753
22402 1754
2099 1759
5023 1761
35077 1763
2788 1765
8113 1767
43182 1769
16140 1771
23016 1772
27150 1773
20569 1774
6239 1783
36199 1785
417 1787
39987 1789
6883 1791
33053 1792
13074 1793
6789 1795
42056 1796
7480 1798
39267 1800
20619 1802
8568 1803
25854 1804
30157 1808
16429 1811
9802 1812
27570 1813
37249 1814
42166 1816
13507 1820
43138 1821
11202 1823
34569 1824
18240 1825
2903 1826
15415 1829
22173 1832
32591 1833
41039 1835
17421 1837
24271 1839
42413 1840
25796 1846
19500 1847
36628 1848
26499 1850
9939 1851
9520 1852
11643 1853
3897 1856
38673 1863
24183 1864
30912 1869
22209 1870
3666 1871
30203 1872
15821 1873
15163 1874
2016 1883
33128 1884
14509 1885
5737 1886
37081 1887
17504 1888
27824 1889
26239 1890
8430 1891
35622 1892
22967 1893
27643 1904
10853 1905
39013 1906
6215 1907
5750 1908
4512 1909
15520 1912
21736 1913
31040 1914
41676 1915
21689 1916
22706 1918
36703 1919
33477 1921
39337 1922
23508 1932
21252 1933
14211 1934
23197 1937
5595 1944
27788 1945
43648 1946
18479 1947
32793 1948
21408 1949
6315 1950
26644 1951
23001 1952
8290 1953
20362 1954
13803 1955
899 1956
10271 1960
38119 1963
23592 1965
4632 1966
13138 1967
8298 1968
21571 1971
18188 1972
13805 1982
35389 1983
8542 1984
33959 1985
1087 1986
23960 1987
32171 1988
30435 1990
36189 1991
35119 1992
21952 1993
19540 1994
101 1995
29245 1996
41211 1997
2077 1998
