8113 12
35622 13
30098 16
37095 17
4632 18
44277 23
5942 25
41509 26
3760 27
34261 37
7 38
21408 39
3668 40
7480 42
2788 43
21383 46
28835 47
13074 53
39197 54
28286 55
18159 57
298 63
12222 64
35077 69
3372 70
41540 71
33804 75
40527 77
4475 79
23829 80
37249 81
27150 83
4108 84
30138 92
10530 93
10853 102
15935 103
17159 105
37948 106
14248 112
29860 113
30736 115
25220 116
14542 118
38766 119
7300 133
25265 134
24627 138
35547 141
27884 143
23463 146
27246 147
39438 148
35329 153
12409 154
22513 157
17992 158
24760 160
39071 161
3666 164
4200 165
4558 166
30210 173
4092 174
26937 179
33010 180
25672 184
22967 185
13580 186
11572 191
18162 192
18926 197
5815 198
9963 199
14962 200
43018 203
23928 204
16705 207
38410 208
23339 218
38653 219
10211 220
40017 223
2006 224
14568 225
42764 228
8481 229
17020 233
29245 234
11070 235
10862 238
37410 240
4701 241
1292 254
20565 256
24516 257
35342 260
14458 262
2292 266
40690 267
23535 270
24144 271
20544 272
11303 275
38334 276
19740 281
1783 282
26375 283
5188 285
42412 286
41363 300
11451 301
20362 305
9526 309
19320 310
32284 311
7181 312
36337 313
38159 314
36938 317
19322 319
15163 320
20451 326
39771 327
27981 330
9795 331
21252 332
5595 334
12213 335
15673 336
41676 342
24066 343
6736 346
30361 349
18979 350
25844 351
42637 352
37863 354
43477 368
5750 369
34775 370
6067 372
17184 375
13283 376
4307 378
17661 381
19130 382
17504 387
19422 396
40883 397
24183 398
32079 425
32617 437
13814 438
1104 439
1223 440
1670 441
1443 444
15514 445
13415 449
30877 450
32474 451
9520 452
28645 455
44004 456
5142 457
43916 460
30157 463
10441 464
18971 472
7593 473
21356 474
8418 475
8202 476
40622 477
22398 478
25854 479
22706 483
32793 484
23849 485
23640 486
6215 487
39013 489
25586 490
2199 492
34816 493
25680 499
42473 500
40664 503
23236 504
6814 505
15821 506
37111 507
31901 508
31704 509
36640 511
16968 512
20891 513
25289 514
40317 515
27824 516
21465 517
8270 518
18153 521
11524 522
11426 523
14869 527
37276 528
40223 529
32973 531
25577 532
25023 533
23001 534
11207 536
32097 537
20820 538
42865 539
39028 542
12716 544
17046 545
18978 546
27570 547
24326 549
29298 550
7333 553
36899 554
101 555
9310 556
41196 558
15537 559
11000 561
38217 562
35090 571
18396 575
25069 579
9397 580
40381 582
16745 583
28478 585
24435 586
9881 587
33305 589
2099 590
17927 593
27491 594
36994 595
9149 598
33959 600
13181 601
11541 603
17793 604
21028 605
27466 606
24271 608
40573 609
5307 611
31032 616
8580 617
30739 618
30571 619
12601 620
42525 622
41221 624
32289 625
39831 628
14388 630
11153 631
22906 632
37694 633
10227 635
22593 636
39425 641
28569 642
33909 644
3346 645
41527 646
3611 647
43927 648
34819 652
3227 653
2052 654
5127 655
35493 656
1128 658
12075 659
38625 662
38149 663
24962 664
34711 669
13050 671
21876 672
38066 674
8938 675
18789 676
34925 677
28375 681
39090 682
21245 683
33639 684
20151 687
8285 688
19211 689
18672 691
42166 693
2227 694
31432 698
5023 700
31150 701
4692 704
1944 705
15249 706
11803 708
1087 709
42863 710
42296 712
32591 713
28387 715
15056 716
2711 718
17706 719
27688 721
730 722
42289 724
35777 725
18818 729
36045 731
29196 732
32921 733
29161 737
9896 738
24091 744
13803 745
8290 747
36628 748
21689 749
42398 752
32171 753
22209 754
2178 755
36378 757
8526 758
36572 760
40683 762
22142 763
35635 765
33858 767
23508 768
24859 770
16120 771
12267 772
13879 774
41535 776
16099 777
11441 778
23564 779
899 782
26596 783
31392 784
17342 786
12423 787
43742 788
4687 790
21529 794
16096 795
31622 798
32413 799
4768 802
23358 803
5599 804
29936 808
21255 810
42199 811
22668 812
37293 814
22173 816
23772 817
15255 820
31081 821
42150 823
1653 824
35552 825
28529 826
41004 829
26781 831
37673 832
23604 835
43920 837
9580 838
31420 840
41211 841
38945 843
34416 845
35098 846
24358 849
4512 850
8612 851
18479 853
12327 854
6670 857
25306 858
27355 860
43277 861
10723 864
32551 865
5991 866
29758 869
9595 870
2215 872
35391 873
2535 876
40575 877
8298 878
4095 881
43182 882
21952 883
9173 885
38851 886
35378 888
41039 889
14007 891
18323 892
43117 894
30628 895
21698 897
23478 898
43648 902
9715 903
15636 904
15060 906
15415 907
7068 909
3486 911
6311 912
14898 916
30795 917
7025 918
38566 919
28596 921
29258 924
5940 925
3211 927
29732 928
43232 930
23933 931
21736 932
7159 933
13005 935
665 936
26443 940
37091 941
14664 943
22095 944
3947 945
19393 947
37372 948
38888 950
11785 951
25725 954
27437 955
22402 956
37012 957
1634 959
15388 960
13516 964
8542 965
29665 966
40614 967
8460 968
24471 970
30042 971
17888 974
24352 975
22867 976
7354 979
5601 980
38555 982
13273 983
26385 986
7413 987
2024 988
42616 990
14502 991
28110 994
20698 995
17429 997
16449 998
36026 1000
43185 1002
35275 1003
304 1007
29374 1008
27992 1009
4313 1011
36836 1012
3932 1015
7660 1016
35119 1017
41076 1022
7864 1023
42377 1027
29265 1028
16763 1029
21584 1033
3796 1034
16053 1035
16604 1036
19866 1039
29163 1040
14846 1043
38379 1044
20569 1045
28475 1048
21029 1050
19540 1052
25125 1053
40130 1056
2950 1057
630 1058
8230 1060
41256 1061
15749 1064
29991 1065
30435 1067
17281 1068
23197 1071
23406 1072
40898 1073
30225 1076
27142 1077
17421 1079
32203 1081
87 1082
15897 1085
26113 1086
14919 1087
26644 1088
4367 1090
42028 1091
6199 1094
6605 1095
43419 1097
41044 1098
16609 1102
28627 1103
2007 1104
21911 1108
33326 1109
42056 1110
39648 1111
1062 1114
17294 1115
25613 1116
24219 1120
39337 1121
42074 1122
6315 1123
13805 1124
4995 1125
8623 1127
25391 1128
7345 1130
38400 1131
20449 1135
16494 1136
12887 1139
36251 1140
21317 1141
26959 1143
39037 1144
41562 1148
545 1149
21669 1151
10760 1152
7681 1156
22868 1157
6978 1158
1606 1159
1370 1162
9802 1163
36531 1164
26545 1168
15026 1169
42739 1170
18004 1174
35034 1175
33259 1177
40544 1178
1665 1180
20116 1181
8175 1184
36247 1185
19453 1186
12159 1191
2903 1192
32042 1197
19629 1198
22082 1200
26832 1201
30394 1203
40497 1204
24674 1207
11345 1208
28713 1213
32341 1214
9730 1221
21165 1224
4024 1225
25769 1233
40314 1234
32477 1235
12589 1236
13808 1243
34428 1244
14687 1246
35973 1247
3444 1248
30203 1267
40957 1268
31463 1269
14529 1270
7370 1280
10459 1281
13138 1282
29303 1284
43322 1285
32838 1293
39696 1294
6337 1295
32080 1303
14380 1307
7862 1308
41667 1309
17775 1314
35066 1325
22903 1327
37813 1328
4130 1329
42404 1330
21970 1332
1074 1339
32028 1343
13247 1344
19716 1345
30707 1351
15847 1352
950 1353
19615 1363
7753 1364
5469 1382
6239 1383
6717 1386
19500 1387
34865 1388
42413 1390
10687 1391
39631 1395
15582 1398
32535 1399
30912 1402
13741 1404
29487 1405
32346 1413
17070 1414
21800 1415
43609 1416
25649 1418
23907 1419
36721 1420
7357 1422
19102 1423
15474 1424
34643 1425
4262 1426
15555 1433
14900 1441
38057 1442
27788 1445
26730 1446
16429 1447
27400 1448
9413 1449
16140 1451
40302 1452
3622 1455
17900 1456
19414 1457
39673 1460
19759 1461
44310 1463
31799 1464
20575 1465
4042 1466
14405 1468
12360 1470
29833 1471
24320 1472
35718 1473
38981 1477
34885 1478
34851 1479
31848 1480
35389 1492
17769 1496
31575 1497
21114 1498
35296 1501
4548 1504
38876 1505
33275 1506
10101 1507
4896 1508
12033 1511
35749 1516
2053 1517
20377 1518
41387 1519
33128 1520
3945 1521
15732 1522
17505 1523
6821 1525
7235 1526
27643 1529
35096 1530
6154 1536
11701 1537
8081 1540
36365 1541
23016 1542
22562 1543
28814 1544
35292 1545
36726 1547
39711 1548
32179 1549
31505 1550
43319 1551
13507 1552
36216 1553
23592 1554
26109 1555
41422 1556
17656 1558
20548 1559
19871 1563
1555 1564
3571 1565
35353 1569
29896 1577
7325 1579
10068 1580
14509 1582
7927 1583
41675 1586
29615 1587
19956 1589
13216 1590
20058 1591
27717 1592
41567 1595
25035 1596
6340 1598
31275 1600
19736 1601
21847 1602
21136 1605
11846 1606
33289 1609
16273 1610
5979 1611
11448 1613
13310 1615
7400 1616
5937 1620
11825 1621
32889 1622
8999 1627
7314 1628
44174 1629
29141 1632
2550 1633
42568 1636
22862 1637
15693 1638
14004 1639
36800 1641
29885 1642
43360 1643
6789 1646
23961 1650
20614 1653
16502 1654
7745 1655
6316 1656
28174 1658
3664 1660
40180 1661
8671 1662
9701 1663
9560 1669
40388 1670
28410 1671
14211 1672
8931 1675
438 1676
29095 1677
34569 1678
1501 1680
41553 1681
41154 1682
3669 1683
32938 1686
3206 1687
36985 1688
11934 1690
6023 1691
25328 1692
33053 1694
417 1696
39987 1698
6883 1699
20619 1702
8568 1703
7732 1705
36199 1706
26239 1707
15520 1708
10871 1709
7330 1712
31839 1713
5737 1714
31040 1716
42130 1717
26811 1722
21716 1724
23071 1725
25963 1727
22384 1728
6792 1731
39267 1732
34319 1733
37609 1736
37081 1737
33372 1738
12707 1739
41552 1742
14220 1743
14346 1746
11202 1747
33778 1749
2016 1753
26257 1755
41512 1756
16241 1758
22325 1759
3368 1760
4907 1766
5342 1767
22860 1768
5473 1769
21539 1770
27629 1771
25796 1772
36831 1774
19728 1775
11702 1777
18240 1778
21571 1781
18188 1782
19357 1783
6862 1785
29605 1786
38119 1790
19600 1791
35496 1793
41966 1794
26288 1796
42102 1797
39507 1798
2666 1800
38706 1801
33728 1803
3266 1807
32546 1808
38673 1810
11967 1811
44108 1812
44244 1815
34989 1816
4944 1817
26159 1821
17915 1822
2543 1823
10145 1825
16657 1826
38271 1827
35648 1829
22910 1831
23148 1832
39886 1836
11643 1837
38508 1838
34734 1839
16167 1842
30750 1843
36189 1844
28192 1847
11442 1848
12465 1849
7478 1851
26198 1852
14491 1853
15578 1856
22934 1858
21452 1859
7520 1860
44093 1861
34456 1866
33726 1867
14451 1868
35680 1870
22435 1871
36703 1872
34002 1876
27016 1877
43767 1878
18598 1879
16582 1880
5707 1881
17920 1883
19916 1884
24705 1886
15374 1887
13397 1891
34649 1892
36409 1893
105 1894
39334 1896
22647 1898
15286 1899
18418 1900
33941 1902
16606 1903
13390 1904
14285 1908
17023 1909
25480 1910
31598 1911
19808 1914
23960 1915
43138 1917
37532 1918
3897 1919
34307 1925
40919 1926
35124 1927
23534 1929
18220 1930
36975 1932
32501 1933
15617 1936
14792 1937
22736 1938
37064 1941
8430 1942
23526 1945
26201 1947
34636 1948
21434 1949
37254 1951
35638 1952
11927 1954
29378 1955
39983 1958
33389 1959
26924 1960
5741 1962
41277 1963
38828 1965
1067 1966
4339 1968
38767 1970
1811 1971
10271 1973
36602 1974
19267 1975
33477 1979
8410 1980
18919 1982
22992 1983
34644 1985
26499 1987
9939 1988
2452 1991
43273 1992
9463 1993
23459 1995
20305 1996
20185 1997
2077 1998
