1 2 3.8502460000000003
1 3 0.199417
3 4 0.167813
4 5 0.116526
5 6 4.800981
5 7 0.10692099999999999
7 8 0.15373900000000001
8 9 6.143559
8 10 5.723732
7 11 1.142169
11 12 1.655295
12 13 0.887329
13 14 2.48387
13 15 1.982315
12 16 3.387448
11 17 0.48201099999999997
17 18 0.699013
18 19 1.002954
19 20 1.9207640000000001
20 21 0.08400200000000001
20 22 0.086139
19 23 2.970771
18 24 3.6759060000000003
17 25 0.782861
25 26 0.362808
26 27 0.557255
27 28 0.43237600000000004
28 29 1.229269
29 30 0.02966
29 31 0.012875000000000001
28 32 0.099952
32 33 1.534632
33 34 0.008177
33 35 0.034358
32 36 1.74057
27 37 2.0825110000000002
26 38 0.275503
38 39 0.735548
39 40 0.616441
40 41 1.646089
40 42 1.033622
42 43 1
42 44 1
39 45 2.807634
38 46 1.327404
46 47 0.852641
46 48 0.806228
25 49 0.329135
49 50 0.091712
50 51 0.282942
51 52 0.8371170000000001
52 53 2.10162
53 54 1
53 55 1
52 56 0.9183709999999999
51 57 1.863861
50 58 0.21418600000000002
58 59 2.887964
58 60 0.259633
60 61 1.956836
60 62 2.594419
49 63 1.316599
63 64 2.536559
63 65 0.600404
65 66 2.32325
65 67 1.015755
67 68 2.67334
67 69 3.2390380000000003
4 70 0.094005
70 71 0.047164
71 72 0.087294
72 73 0.230466
73 74 0.125723
74 75 0.16675399999999999
75 76 0.202257
76 77 0.18504400000000001
77 78 0.101523
78 79 0.06328800000000001
79 80 0.040612999999999996
80 81 0.092348
81 82 0.08271
82 83 0.131779
83 84 0.136241
84 85 6.780239000000001
84 86 6.830991
83 87 7.115992
82 88 0.17738400000000001
88 89 0.084179
89 90 0.220104
90 91 0.502066
91 92 6.820653999999999
91 93 6.960715
90 94 7.047913
89 95 0.024834
95 96 0.12539999999999998
96 97 7.584303
96 98 0.103914
98 99 0.145392
99 100 7.5680369999999995
99 101 7.957271
98 102 7.617261999999999
95 103 0.10678
103 104 0.066473
104 105 0.07226199999999999
105 106 0.094582
106 107 0.07732699999999999
107 108 0.253451
108 109 0.140571
109 110 0.5204030000000001
110 111 7.137805
110 112 6.728635
109 113 0.8992049999999999
113 114 0.525106
114 115 6.54245
114 116 1.050064
116 117 5.024739
116 118 6.034384999999999
113 119 0.293695
119 120 6.032944
119 121 5.919417
108 122 6.77404
107 123 0.064898
123 124 8.158497
123 125 6.8989259999999994
106 126 0.015651
126 127 0.113061
127 128 7.121805
127 129 7.127451
126 130 0.083477
130 131 0.127111
131 132 7.057811
131 133 0.151887
133 134 6.967755
133 135 1.13518
135 136 8.89519
135 137 5.736881
130 138 0.06373699999999999
138 139 0.124769
139 140 0.105291
140 141 0.237061
141 142 0.10551300000000001
142 143 0.07683
143 144 7.416389
143 145 0.21866
145 146 7.452280999999999
145 147 7.307395
142 148 1.454434
148 149 7.010655000000001
148 150 6.132688
141 151 4.104132
151 152 1.2180170000000001
152 153 2.788253
152 154 3.8046860000000002
151 155 4.439151
140 156 0.109202
156 157 0.166176
157 158 6.930314
157 159 7.063731
156 160 0.322978
160 161 7.663572
160 162 7.2662450000000005
139 163 0.11876600000000001
163 164 0.144664
164 165 7.241948
164 166 0.180426
166 167 7.0418579999999995
166 168 8.058099
163 169 0.139789
169 170 0.189439
170 171 0.16639
171 172 6.302230000000001
171 173 6.968718
170 174 0.22705899999999998
174 175 7.634668
174 176 9.421903
169 177 7.004307999999999
138 178 0.230964
178 179 0.15095799999999998
179 180 0.055042999999999995
180 181 0.15551199999999998
181 182 0.061377
182 183 5.885504
182 184 6.109392000000001
181 185 0.108763
185 186 6.06356
185 187 7.122319000000001
180 188 6.618201
179 189 6.277368999999999
178 190 6.5988299999999995
105 191 0.240761
191 192 0.035424000000000004
192 193 0.071382
193 194 0.053636
194 195 0.14078300000000002
195 196 7.700939
195 197 7.654229
194 198 7.962152
193 199 0.257402
199 200 7.057463
199 201 0.130967
201 202 7.562397999999999
201 203 7.495024
192 204 8.296068
191 205 0.108796
205 206 0.103893
206 207 7.688138
206 208 7.964775
205 209 7.892704999999999
104 210 0.054809
210 211 0.111932
211 212 0.117161
212 213 0.026980999999999998
213 214 0.108391
214 215 0.8470369999999999
215 216 1.8625349999999998
216 217 1.6012910000000002
217 218 1.9986879999999998
218 219 0.7313799999999999
219 220 1.055944
220 221 0.734993
221 222 0.526464
222 223 0.066782
222 224 0.103358
221 225 0.728321
225 226 0.172632
225 227 0.16764900000000002
220 228 0.203438
228 229 4.5303580000000006
229 230 0.292377
230 231 0.171628
231 232 1.0494379999999999
232 233 0.08507
232 234 0.08507
231 235 0.651966
230 236 0.679074
236 237 0.06971100000000001
236 238 0.10042899999999999
229 239 1.24952
228 240 0.642972
240 241 1.226706
240 242 1.282864
219 243 2.002595
218 244 2.466728
217 245 4.039301
216 246 6.124478
215 247 0.327399
247 248 8.521214
247 249 8.280148
214 250 0.17310999999999999
250 251 0.12884
251 252 0.058639
252 253 0.110946
253 254 0.190576
254 255 0.598769
255 256 8.95453
255 257 9.122884
254 258 9.141767000000002
253 259 0.088592
259 260 0.082579
260 261 0.180286
261 262 11.021983
261 263 0.132845
263 264 10.644385
263 265 0.18079599999999998
265 266 10.926732
265 267 10.63856
260 268 0.075091
268 269 0.07515100000000001
269 270 0.142623
270 271 0.527321
271 272 10.364349
271 273 9.754749
270 274 0.193117
274 275 0.057446000000000004
275 276 10.480939
275 277 0.322974
277 278 9.724797
277 279 10.479371
274 280 0.118011
280 281 10.706278
280 282 10.348592
269 283 0.147148
283 284 0.078282
284 285 10.085141
284 286 9.991422
283 287 0.24073100000000003
287 288 9.148916
287 289 9.736665
268 290 0.816092
290 291 9.522274999999999
290 292 9.2357
259 293 0.020373
293 294 0.093456
294 295 0.13272
295 296 0.261967
296 297 9.624244
296 298 10.069504
295 299 9.521104
294 300 0.111856
300 301 0.110747
301 302 9.926064
301 303 10.235569
300 304 0.229534
304 305 9.39129
304 306 9.026405
293 307 0.060733
307 308 0.135758
308 309 10.067587999999999
308 310 9.073203000000001
307 311 0.310861
311 312 9.213767
311 313 9.671814
252 314 0.220736
314 315 0.22429300000000002
315 316 9.231251
315 317 8.973768999999999
314 318 8.878216
251 319 0.07830200000000001
319 320 0.221008
320 321 8.957565
320 322 8.907173
319 323 0.406385
323 324 8.963793
323 325 8.986016
250 326 0.070025
326 327 0.04229
327 328 0.078252
328 329 0.126224
329 330 9.795963
329 331 0.09078699999999999
331 332 0.580712
332 333 7.861019
332 334 0.7523369999999999
334 335 3.488658
335 336 4.895705
335 337 4.589621
334 338 7.081312
331 339 9.329964
328 340 0.13031600000000002
340 341 8.365605
340 342 8.690966
327 343 0.147383
343 344 8.722982
343 345 8.758939999999999
326 346 0.25765699999999997
346 347 0.146264
347 348 1.7254530000000001
348 349 8.118958
348 350 7.15114
347 351 8.036351
346 352 8.913711000000001
213 353 0.40745800000000004
353 354 8.628005
353 355 0.8785879999999999
355 356 8.078133
355 357 2.683245
357 358 4.2415
357 359 4.775939
212 360 0.10737800000000002
360 361 0.060081999999999997
361 362 0.262723
362 363 0.254089
363 364 8.618135
363 365 7.842946
362 366 0.213797
366 367 8.974806000000001
366 368 8.677256999999999
361 369 0.14269
369 370 1.6154410000000001
370 371 1.6014400000000002
371 372 5.70561
371 373 5.5236540000000005
370 374 8.160363
369 375 8.327136
360 376 0.14789
376 377 0.575868
377 378 9.165602
377 379 7.976039999999999
376 380 0.023189
380 381 0.08219800000000001
381 382 0.086214
382 383 0.131195
383 384 0.058761999999999995
384 385 0.091064
385 386 0.039689
386 387 0.05412
387 388 0.311355
388 389 0.133781
389 390 0.166628
390 391 0.292097
391 392 10.864878000000001
391 393 0.21551399999999998
393 394 0.38491200000000003
394 395 10.205422
394 396 0.385816
396 397 9.634656
396 398 4.678402
398 399 4.509886
398 400 5.996282
393 401 9.951116
390 402 0.424187
402 403 2.1472789999999997
403 404 7.867856
403 405 6.89182
402 406 1.181092
406 407 0.88102
407 408 6.002652
407 409 6.9705509999999995
406 410 2.1283380000000003
410 411 7.614757
410 412 6.421824
389 413 0.09861099999999999
413 414 0.49474799999999997
414 415 0.62606
415 416 3.9946089999999996
416 417 5.733969
416 418 6.175857
415 419 2.093226
419 420 10.496213000000001
419 421 2.306849
421 422 3.563064
421 423 5.114095
414 424 0.6234080000000001
424 425 9.512134
424 426 8.480210000000001
413 427 0.066456
427 428 0.107335
428 429 0.149208
429 430 10.210435
429 431 0.318994
431 432 10.053679
431 433 0.872522
433 434 0.191716
434 435 8.271402
434 436 0.613115
436 437 0.228281
437 438 0.370484
438 439 7.6049430000000005
438 440 7.027128
437 441 0.427049
441 442 6.497769000000001
441 443 8.729794
436 444 8.10328
433 445 9.237782
428 446 1.205767
446 447 9.667869
446 448 7.495041
448 449 1.365538
448 450 1.696988
427 451 0.9108130000000001
451 452 0.892138
452 453 0.986272
453 454 0.8110219999999999
454 455 8.079298999999999
454 456 4.489821
456 457 1.005437
456 458 1.206387
453 459 7.334448
452 460 0.816152
460 461 6.878807000000001
460 462 8.348756
451 463 1.041215
463 464 7.696321
463 465 3.001255
465 466 5.208864
465 467 5.76519
388 468 0.25783300000000003
468 469 9.609433000000001
468 470 1.2795509999999999
470 471 8.12439
470 472 3.955576
472 473 5.156339
472 474 5.647575
387 475 0.110917
475 476 0.0633
476 477 2.293372
477 478 1.316651
478 479 1.763223
479 480 4.190383000000001
480 481 2.565243
481 482 0.28326599999999996
481 483 0.312225
480 484 2.6878409999999997
479 485 5.560786
478 486 6.685309999999999
477 487 2.7394689999999997
487 488 1.467888
488 489 3.950743
488 490 4.215995
487 491 3.4183310000000002
491 492 2.212691
491 493 2.338564
493 494 0.16329000000000002
493 495 0.219526
476 496 0.909554
496 497 1.2423899999999999
497 498 9.03831
497 499 0.617156
499 500 7.821709
499 501 8.766976
496 502 0.430103
502 503 3.0435090000000002
503 504 9.472577
503 505 9.157793
502 506 0.636441
506 507 1.285452
507 508 8.021525
508 509 1.444928
508 510 1.787739
507 511 10.502507
506 512 1.342419
512 513 7.372707
512 514 1.166213
514 515 8.026049
514 516 3.4158910000000002
516 517 4.461641999999999
516 518 3.194674
475 519 0.503945
519 520 9.754859
519 521 1.91039
521 522 0.804187
522 523 8.571475000000001
522 524 6.103130999999999
521 525 9.553106999999999
386 526 0.051261
526 527 0.097707
527 528 0.760493
528 529 9.484553
528 530 9.315957
527 531 2.179745
531 532 1.9102919999999999
532 533 6.204475
532 534 5.790420999999999
531 535 7.468695
526 536 0.07664399999999999
536 537 0.27749599999999996
537 538 0.320163
538 539 1.432351
539 540 1.289377
540 541 5.885362000000001
540 542 1.346933
542 543 3.861414
542 544 0.519701
544 545 0.732423
545 546 4.718327
545 547 0.51349
547 548 2.8956280000000003
547 549 1.3153460000000001
549 550 3.687137
549 551 1.5021440000000001
544 552 5.100201
539 553 7.882251999999999
538 554 10.391739999999999
537 555 0.76498
555 556 9.03263
555 557 8.619433
536 558 0.041811
558 559 0.334565
559 560 1.784707
560 561 7.961256
560 562 7.776727999999999
559 563 0.18773299999999998
563 564 0.517144
564 565 1.127999
565 566 2.67623
566 567 4.311961
566 568 4.577872999999999
565 569 9.382469
564 570 0.040387
570 571 1.094932
571 572 1.23942
572 573 5.115276
572 574 7.347505
571 575 8.501116
570 576 2.2972420000000002
576 577 7.963755
576 578 6.625781
563 579 0.635385
579 580 0.06571300000000001
580 581 2.4350259999999997
581 582 6.347506999999999
581 583 6.200345
580 584 1.044876
584 585 8.189365
584 586 4.709401
586 587 1.363062
587 588 2.4985090000000003
587 589 6.731605999999999
586 590 4.804527
579 591 0.155748
591 592 0.44196799999999997
592 593 0.47686100000000003
593 594 0.590193
594 595 1.079923
595 596 5.135365
595 597 5.711083
594 598 0.570971
598 599 0.732726
599 600 5.44236
599 601 2.745645
601 602 3.462151
601 603 2.067411
598 604 1.059065
604 605 4.752756000000001
604 606 4.519894
593 607 2.595287
607 608 4.8947270000000005
607 609 2.251168
609 610 1.8058919999999998
609 611 2.617758
592 612 1.135111
612 613 0.785168
613 614 1.1269740000000001
614 615 2.332452
615 616 4.3053170000000005
615 617 2.223819
617 618 1.930299
617 619 2.280675
614 620 7.5144210000000005
613 621 2.290455
621 622 2.839364
622 623 2.006438
622 624 1.9067910000000001
621 625 3.487731
625 626 1.706203
625 627 1.016042
612 628 0.49437400000000004
628 629 0.23467800000000003
629 630 0.5305340000000001
630 631 0.492832
631 632 4.698144
631 633 8.189989
630 634 5.4833479999999994
629 635 1.511151
635 636 4.70568
635 637 3.801339
628 638 3.7636210000000005
638 639 3.8106349999999996
638 640 3.3777960000000005
591 641 1.588065
641 642 7.5709670000000004
641 643 6.848429
558 644 0.112272
644 645 0.112857
645 646 9.640487
645 647 9.585374
644 648 3.3218520000000002
648 649 7.6668650000000005
648 650 6.880136
385 651 1.905552
651 652 2.22166
652 653 1.269258
653 654 4.801412
653 655 4.939123
652 656 5.749032
651 657 1.38053
657 658 2.797513
658 659 1.095074
659 660 2.262422
659 661 2.501509
658 662 3.5199840000000004
657 663 8.14464
384 664 0.050111
664 665 0.155914
665 666 1.6277730000000001
666 667 8.295658
666 668 8.037817
665 669 0.77546
669 670 9.300549
669 671 9.925313
664 672 0.052989
672 673 0.053256
673 674 0.032533
674 675 0.067258
675 676 0.088835
676 677 0.125936
677 678 0.229698
678 679 0.075291
679 680 0.158738
680 681 0.080643
681 682 0.366096
682 683 11.199705
682 684 0.646318
684 685 12.264249000000001
684 686 13.256805
681 687 0.19417099999999998
687 688 0.20101799999999997
688 689 0.262985
689 690 12.441602999999999
689 691 13.504803
688 692 0.157049
692 693 0.199513
693 694 12.260571
693 695 0.244746
695 696 10.389857
695 697 11.430645
692 698 11.922988
687 699 11.528033
680 700 0.078863
700 701 0.22323400000000002
701 702 12.147467
701 703 10.906552999999999
700 704 11.346311
679 705 0.10075100000000001
705 706 0.11899199999999999
706 707 10.452758
706 708 0.47876
708 709 10.092899
708 710 9.983664000000001
705 711 11.025202
678 712 1.24635
712 713 0.8768210000000001
713 714 8.366477
713 715 9.072911
712 716 1.090427
716 717 11.992412
716 718 8.381896
677 719 0.140812
719 720 2.7362439999999997
720 721 9.055309000000001
720 722 8.851965
719 723 0.108537
723 724 0.042053
724 725 0.053356
725 726 0.091333
726 727 0.101267
727 728 0.884561
728 729 0.153424
729 730 0.954616
730 731 9.868145
730 732 10.038278
729 733 0.07686
733 734 11.032355
733 735 10.618006000000001
728 736 1.6543180000000002
736 737 2.5325759999999997
737 738 7.441592
737 739 7.488225
736 740 9.419785
727 741 1.138515
741 742 10.668890000000001
741 743 10.38598
726 744 0.065907
744 745 0.064248
745 746 0.077843
746 747 0.373641
747 748 0.205391
748 749 0.09722399999999999
749 750 0.045005
750 751 0.058179
751 752 0.201131
752 753 0.162165
753 754 0.004161000000000001
754 755 0.100909
755 756 0.138539
756 757 0.120113
757 758 0.108516
758 759 3.892161
759 760 12.317952
759 761 13.203102
758 762 0.189835
762 763 0.17121899999999998
763 764 0.14863400000000002
764 765 0.127848
765 766 0.363069
766 767 0.460147
767 768 0.685289
768 769 3.5096469999999997
769 770 2.415101
770 771 1.8086540000000002
771 772 8.525701
771 773 7.042142
770 774 8.559274
774 775 0.476474
774 776 0.501833
769 777 10.520883
768 778 15.062237
767 779 1.3871339999999999
779 780 0.9807069999999999
780 781 12.163241
780 782 1.065173
782 783 10.854932
782 784 12.752044000000001
779 785 1.446451
785 786 3.318966
786 787 8.146272999999999
786 788 1.296517
788 789 8.595369999999999
788 790 5.951631
785 791 13.152748
766 792 3.421097
792 793 11.980356
792 794 11.669153999999999
765 795 0.228013
795 796 0.067057
796 797 0.29079499999999997
797 798 0.21113600000000002
798 799 16.47883
798 800 0.12846400000000002
800 801 0.712665
801 802 16.522382
801 803 0.53419
803 804 0.542593
804 805 17.986204999999998
804 806 16.679895000000002
803 807 17.641159000000002
800 808 19.922171
797 809 0.454804
809 810 20.030719
809 811 7.680892999999999
811 812 11.323884
811 813 12.112952
796 814 0.457501
814 815 0.508136
815 816 0.43792800000000004
816 817 2.5743780000000003
817 818 1.8671239999999998
818 819 1.499117
819 820 9.207951
820 821 6.431146
820 822 5.053328
819 823 1.178254
823 824 0.71099
824 825 0.8379320000000001
825 826 11.898906
825 827 0.085356
827 828 9.518071
827 829 2.6682319999999997
829 830 9.174105
829 831 9.243589
824 832 12.661643
823 833 2.216621
833 834 0.745211
834 835 5.829841
835 836 6.720004
835 837 7.061365
834 838 10.078283
833 839 2.920782
839 840 0.731604
840 841 11.611446
840 842 5.657801
839 843 11.794979999999999
818 844 16.612525
817 845 1.479191
845 846 14.781859
845 847 16.949319
816 848 21.023459
815 849 0.332314
849 850 17.913784
849 851 3.523902
851 852 19.689631
851 853 20.038145
814 854 0.05586
854 855 0.309974
855 856 17.593405
855 857 0.6388630000000001
857 858 0.308464
858 859 10.402912
859 860 8.339236999999999
859 861 8.419589
858 862 0.334541
862 863 17.738061
862 864 5.12455
864 865 4.219811
865 866 10.190981
865 867 10.481074
864 868 13.836335
857 869 1.395598
869 870 20.573328
869 871 21.451342
854 872 0.07766
872 873 3.417238
873 874 16.222842
873 875 13.892002
872 876 1.325425
876 877 18.58252
876 878 18.380474
795 879 0.369179
879 880 0.171272
880 881 1.734405
881 882 16.436890000000002
881 883 15.634569
880 884 18.788777
879 885 0.21951900000000002
885 886 3.074437
886 887 15.012001
886 888 14.762563
885 889 0.307103
889 890 18.994571
889 891 0.848049
891 892 17.248183
891 893 17.885803
764 894 4.6989980000000005
894 895 12.30141
894 896 12.071197
763 897 0.139513
897 898 15.772644999999999
897 899 0.582097
899 900 13.370071
900 901 2.1388130000000003
900 902 2.114696
899 903 16.744773
762 904 1.5948339999999999
904 905 2.649204
905 906 12.698849000000001
905 907 12.184179
904 908 0.889184
908 909 0.997086
909 910 8.756971
910 911 3.763541
910 912 3.254749
909 913 7.39573
913 914 5.376597
913 915 5.5123869999999995
908 916 10.237495000000001
916 917 2.200891
916 918 2.435434
757 919 0.16874
919 920 0.22805199999999998
920 921 5.594799999999999
921 922 8.785707
921 923 7.6328380000000005
923 924 1.003855
923 925 1.1229
920 926 0.256433
926 927 13.684566
926 928 2.7127120000000002
928 929 10.629893
928 930 11.658495
919 931 0.11821
931 932 5.35744
932 933 9.394235
932 934 8.980924
931 935 4.739327
935 936 8.574297999999999
935 937 1.9318689999999998
937 938 7.454128
937 939 6.710058000000001
756 940 3.794864
940 941 11.282428
940 942 10.453004
755 943 0.926782
943 944 0.684226
944 945 14.994447999999998
944 946 13.759274
943 947 13.947846
754 948 5.278314
948 949 9.373908
948 950 8.448295
753 951 1.706245
951 952 12.584764000000002
951 953 12.468405
752 954 0.33088599999999996
954 955 1.6057849999999998
955 956 13.765073999999998
955 957 12.904428000000001
954 958 0.473118
958 959 5.12519
959 960 10.302833
959 961 7.4768349999999995
958 962 1.276341
962 963 12.7328
962 964 4.430109
964 965 8.461953
964 966 8.637153
751 967 0.188392
967 968 0.029672999999999998
968 969 0.28519
969 970 13.253613
969 971 0.12367299999999999
971 972 0.193529
972 973 13.440821
972 974 13.866708
971 975 13.375164999999999
968 976 0.970925
976 977 0.9107280000000001
977 978 13.979633999999999
977 979 14.731553
976 980 12.891908999999998
967 981 0.11267600000000001
981 982 0.23626200000000003
982 983 0.037579
983 984 15.108063
983 985 15.261992999999999
982 986 14.764631999999999
981 987 0.19182
987 988 0.086521
988 989 15.404123
988 990 0.11699200000000001
990 991 0.25157399999999996
991 992 0.133443
992 993 0.053857
993 994 0.12287400000000001
994 995 0.414238
995 996 16.456651
995 997 0.262963
997 998 0.386453
998 999 4.473042
999 1000 13.674833999999999
999 1001 2.2013890000000003
1001 1002 9.686261
1001 1003 9.433262000000001
1003 1004 0.438774
1004 1005 0.167419
1004 1006 0.08779200000000001
1003 1007 0.5608
998 1008 16.028872
997 1009 15.915121
1009 1010 0.55169
1009 1011 0.554223
994 1012 0.291298
1012 1013 16.829746
1012 1014 0.143085
1014 1015 0.684956
1015 1016 16.318958
1015 1017 17.921791000000002
1014 1018 0.221574
1018 1019 0.569566
1019 1020 19.645870000000002
1019 1021 0.6859040000000001
1021 1022 18.484718
1021 1023 20.392355000000002
1018 1024 0.238601
1024 1025 17.881407
1024 1026 19.932289
993 1027 0.073534
1027 1028 15.712741999999999
1027 1029 0.44527500000000003
1029 1030 0.994824
1030 1031 0.841043
1031 1032 20.816976
1031 1033 17.889958
1030 1034 21.57495
1029 1035 0.185525
1035 1036 21.037799
1035 1037 17.839274
992 1038 0.150714
1038 1039 16.949472
1038 1040 0.11407800000000001
1040 1041 16.805075
1040 1042 0.189023
1042 1043 16.21954
1042 1044 0.482129
1044 1045 0.246612
1045 1046 0.035429999999999996
1046 1047 0.35018499999999997
1047 1048 0.53236
1048 1049 14.494846
1048 1050 15.067042
1047 1051 16.928295
1046 1052 17.355047000000003
1045 1053 16.090686
1044 1054 15.454154
991 1055 0.258711
1055 1056 16.102633
1055 1057 15.118124
990 1058 0.165288
1058 1059 14.915194000000001
1058 1060 0.461241
1060 1061 14.911725
1060 1062 15.500865999999998
987 1063 0.138275
1063 1064 0.079053
1064 1065 0.096693
1065 1066 0.122744
1066 1067 0.241097
1067 1068 15.704336
1067 1069 15.558957000000001
1066 1070 1.003054
1070 1071 13.965112
1070 1072 14.618469000000001
1065 1073 0.140442
1073 1074 0.095288
1074 1075 0.250424
1075 1076 18.19038
1075 1077 17.326421
1074 1078 16.69981
1073 1079 0.595908
1079 1080 15.949765
1079 1081 17.482816
1064 1082 0.14921299999999998
1082 1083 0.384746
1083 1084 15.534835999999999
1083 1085 13.941982
1082 1086 0.157576
1086 1087 14.939876
1086 1088 16.621161
1063 1089 0.391491
1089 1090 0.5455019999999999
1090 1091 16.203145
1090 1092 15.442963
1089 1093 0.16696
1093 1094 15.449693
1093 1095 0.13941800000000001
1095 1096 15.540677
1095 1097 15.424869
750 1098 7.28658
1098 1099 6.055206
1098 1100 1.77125
1100 1101 2.90578
1100 1102 6.6220799999999995
749 1103 0.145835
1103 1104 13.098812
1103 1105 13.102805
748 1106 0.8712040000000001
1106 1107 2.689726
1107 1108 4.523238999999999
1108 1109 4.933319
1108 1110 3.339756
1110 1111 2.983755
1110 1112 2.162991
1107 1113 11.576293
1106 1114 12.591005
747 1115 0.10229200000000001
1115 1116 0.24669000000000002
1116 1117 0.16572900000000002
1117 1118 0.396339
1118 1119 12.421732
1118 1120 0.104852
1120 1121 11.660257
1120 1122 11.606437999999999
1117 1123 0.144654
1123 1124 0.47812699999999997
1124 1125 11.440645
1124 1126 10.932813
1123 1127 0.090779
1127 1128 0.12751800000000002
1128 1129 11.573045
1128 1130 11.183229
1127 1131 0.351002
1131 1132 12.808849
1131 1133 12.882346
1116 1134 0.27079600000000004
1134 1135 0.130112
1135 1136 0.14142
1136 1137 12.396036
1136 1138 12.061642
1135 1139 12.767981
1134 1140 0.070767
1140 1141 0.140657
1141 1142 0.141915
1142 1143 0.104747
1143 1144 0.729738
1144 1145 11.365578
1144 1146 10.795204
1143 1147 12.264732
1142 1148 11.868881
1141 1149 0.024237
1149 1150 0.19810499999999998
1150 1151 12.872147
1150 1152 12.181022
1149 1153 0.073056
1153 1154 0.475647
1154 1155 11.798231000000001
1154 1156 12.021421
1153 1157 13.603468
1140 1158 0.263759
1158 1159 12.959545
1158 1160 0.141263
1160 1161 0.20611100000000002
1161 1162 0.458951
1162 1163 13.945070000000001
1162 1164 13.490063999999999
1161 1165 13.386221
1160 1166 13.798567
1115 1167 12.256694999999999
746 1168 0.614411
1168 1169 1.6958069999999998
1169 1170 11.184919
1169 1171 10.507977
1168 1172 0.9839030000000001
1172 1173 11.436796000000001
1172 1174 9.447934
745 1175 0.081137
1175 1176 11.571429
1175 1177 1.462918
1177 1178 3.4453440000000004
1178 1179 0.5340100000000001
1179 1180 3.140166
1180 1181 2.89692
1180 1182 5.397423
1179 1183 6.089949
1183 1184 0.287705
1183 1185 0.22271600000000003
1178 1186 6.739491
1186 1187 0.176487
1186 1188 0.12125899999999999
1177 1189 12.319225
744 1190 0.244093
1190 1191 12.250938
1190 1192 0.339449
1192 1193 10.587055
1192 1194 11.658797999999999
725 1195 1.0034990000000001
1195 1196 2.5114549999999998
1196 1197 10.994616
1196 1198 7.550684
1195 1199 11.121042000000001
724 1200 0.06494699999999999
1200 1201 0.064252
1201 1202 0.10324699999999999
1202 1203 0.067599
1203 1204 0.082003
1204 1205 0.048403
1205 1206 0.19803500000000002
1206 1207 0.362554
1207 1208 13.079608
1207 1209 12.824263
1206 1210 12.695719
1205 1211 12.158409
1204 1212 2.130191
1212 1213 9.369605
1213 1214 0.7047880000000001
1213 1215 0.78394
1212 1216 10.34541
1203 1217 3.405874
1217 1218 3.410945
1218 1219 5.787826
1218 1220 5.016087000000001
1217 1221 8.690289
1202 1222 0.10522400000000001
1222 1223 0.063208
1223 1224 0.15886
1224 1225 0.157052
1225 1226 6.819572
1226 1227 5.199783
1226 1228 4.8384990000000005
1225 1229 7.642359
1229 1230 4.285299
1229 1231 4.051579
1224 1232 0.358582
1232 1233 0.107446
1233 1234 1.996773
1234 1235 1.0855160000000001
1235 1236 23.987239
1235 1237 0.5129739999999999
1237 1238 12.091904000000001
1237 1239 12.748588999999999
1234 1240 0.308215
1240 1241 0.21818300000000002
1241 1242 0.8350299999999999
1242 1243 22.698442999999997
1242 1244 15.795815
1241 1245 16.327879
1240 1246 18.218203
1246 1247 1.601159
1247 1248 1.515663
1248 1249 2.096177
1249 1250 0.264471
1250 1251 0.071256
1251 1252 0.059458000000000004
1252 1253 0.096761
1252 1254 0.158449
1251 1255 0.08941500000000001
1250 1256 0.07761699999999999
1249 1257 0.394823
1248 1258 3.329705
1258 1259 0.178558
1259 1260 0.1787
1259 1261 0.161581
1258 1262 0.246793
1247 1263 0.723411
1263 1264 3.432365
1264 1265 0.129554
1264 1266 0.168192
1263 1267 3.756066
1267 1268 0.44018399999999996
1267 1269 0.665728
1246 1270 7.252454
1233 1271 12.016005999999999
1232 1272 12.780646
1223 1273 0.12626
1273 1274 12.78
1273 1275 2.149817
1275 1276 9.858958
1275 1277 10.047464999999999
1222 1278 0.150617
1278 1279 10.874887
1278 1280 0.575027
1280 1281 0.870989
1281 1282 12.07784
1281 1283 1.320714
1283 1284 11.997408
1283 1285 10.20591
1280 1286 0.378479
1286 1287 11.548707
1286 1288 10.824751000000001
1201 1289 0.116792
1289 1290 1.8761839999999999
1290 1291 9.687786
1290 1292 9.878357
1289 1293 0.157525
1293 1294 2.990795
1294 1295 10.17055
1294 1296 3.972367
1296 1297 4.348339999999999
1296 1298 6.795853999999999
1293 1299 9.498571
1299 1300 3.373927
1299 1301 3.091407
1200 1302 0.36929799999999996
1302 1303 2.870995
1303 1304 9.523279
1303 1305 9.872723
1302 1306 2.743638
1306 1307 8.397381
1306 1308 8.318909
723 1309 11.124334
676 1310 0.051641
1310 1311 1.064135
1311 1312 10.495044
1311 1313 4.711251000000001
1313 1314 4.804404
1313 1315 5.106272
1310 1316 0.227204
1316 1317 0.22336
1317 1318 0.294321
1318 1319 9.405712
1318 1320 9.139587
1317 1321 10.062973999999999
1316 1322 0.805458
1322 1323 0.851034
1323 1324 1.7508449999999998
1324 1325 6.981051000000001
1324 1326 5.269055
1323 1327 8.670253
1322 1328 9.453092
675 1329 0.09911
1329 1330 10.935408
1329 1331 0.695281
1331 1332 2.546746
1332 1333 5.076764000000001
1333 1334 3.0939769999999998
1333 1335 3.3713569999999997
1332 1336 6.981935
1331 1337 1.042152
1337 1338 2.6984459999999997
1338 1339 5.838813
1338 1340 5.645662
1337 1341 8.573354
674 1342 0.176786
1342 1343 1.10834
1343 1344 10.374434
1343 1345 0.642155
1345 1346 1.962463
1346 1347 5.307793
1346 1348 8.941462999999999
1345 1349 9.011591
1342 1350 0.39999500000000004
1350 1351 0.502424
1351 1352 9.930361
1351 1353 1.368023
1353 1354 2.707681
1354 1355 1.2688899999999999
1355 1356 4.018395
1355 1357 6.913124
1354 1358 5.175177000000001
1353 1359 7.883556
1350 1360 9.740558
673 1361 3.026349
1361 1362 7.35429
1361 1363 7.192711
672 1364 1.452124
1364 1365 8.613783
1364 1366 8.825605
383 1367 0.09719699999999999
1367 1368 0.084471
1368 1369 9.61313
1368 1370 0.071579
1370 1371 0.221001
1371 1372 0.256919
1372 1373 10.308857
1372 1374 0.516324
1374 1375 9.284243
1374 1376 10.239364
1371 1377 7.665242
1377 1378 2.263423
1377 1379 1.9475510000000003
1370 1380 0.246885
1380 1381 8.799388
1380 1382 0.13298100000000002
1382 1383 9.129716
1382 1384 9.7984
1367 1385 0.646269
1385 1386 0.249404
1386 1387 1.524431
1387 1388 18.112085999999998
1387 1389 13.151207000000001
1386 1390 18.679737
1385 1391 12.798235
382 1392 0.6155189999999999
1392 1393 0.7951750000000001
1393 1394 3.164109
1394 1395 5.385503
1394 1396 4.822919
1393 1397 7.448396
1392 1398 2.655484
1398 1399 7.200843
1398 1400 1.2211049999999999
1400 1401 3.943253
1400 1402 5.201792
381 1403 0.147016
1403 1404 0.136651
1404 1405 0.067796
1405 1406 0.083276
1406 1407 8.738476
1406 1408 1.640086
1408 1409 7.368226
1408 1410 8.114547
1405 1411 0.910982
1411 1412 8.250101
1411 1413 8.21098
1404 1414 0.066317
1414 1415 0.039059
1415 1416 0.41004199999999996
1416 1417 8.770795000000001
1416 1418 0.905939
1418 1419 7.34509
1418 1420 7.797402000000001
1415 1421 9.649507
1414 1422 0.158048
1422 1423 0.21896200000000002
1423 1424 9.008788
1423 1425 0.051186999999999996
1425 1426 8.373016
1425 1427 5.259481
1427 1428 4.075359
1427 1429 3.5384230000000003
1422 1430 0.087548
1430 1431 0.091745
1431 1432 1.747207
1432 1433 0.864612
1433 1434 3.9020819999999996
1434 1435 0.7496929999999999
1435 1436 2.565124
1435 1437 1.9861299999999997
1434 1438 3.099733
1433 1439 2.2867740000000003
1439 1440 0.737044
1440 1441 2.706799
1440 1442 1.546711
1439 1443 3.091115
1432 1444 0.836085
1444 1445 0.826424
1445 1446 0.5955440000000001
1446 1447 0.265745
1447 1448 1.622562
1448 1449 1.031809
1449 1450 1.407387
1449 1451 0.9958450000000001
1451 1452 0.463385
1451 1453 0.557457
1448 1454 2.036034
1454 1455 0.9293130000000001
1454 1456 1.325047
1447 1457 4.058531
1446 1458 0.704587
1458 1459 5.187797000000001
1458 1460 4.97809
1445 1461 0.9350539999999999
1461 1462 3.609667
1461 1463 2.685527
1444 1464 5.723648
1431 1465 0.8541
1465 1466 8.860875
1465 1467 3.9209199999999997
1467 1468 5.259646
1467 1469 4.948776
1430 1470 0.176727
1470 1471 0.2929
1471 1472 8.220025
1471 1473 8.538801
1470 1474 2.174135
1474 1475 0.9138250000000001
1475 1476 4.810773
1475 1477 6.4184909999999995
1474 1478 1.478774
1478 1479 4.698828
1478 1480 4.191007
1403 1481 0.10977400000000001
1481 1482 5.138655
1482 1483 4.328691
1482 1484 4.093257
1481 1485 7.228423
1485 1486 1.527319
1485 1487 1.492672
380 1488 0.100392
1488 1489 1.757224
1489 1490 1.878026
1490 1491 4.952855
1490 1492 6.233873999999999
1489 1493 6.926738
1488 1494 0.970339
1494 1495 8.620687
1494 1496 8.265744
211 1497 0.061304000000000004
1497 1498 8.266519
1497 1499 0.112894
1499 1500 7.965524
1499 1501 0.094876
1501 1502 8.393351000000001
1501 1503 8.705756000000001
210 1504 0.106186
1504 1505 0.140849
1505 1506 7.391749
1505 1507 0.094427
1507 1508 6.96406
1507 1509 7.200125
1504 1510 7.760044000000001
103 1511 0.068868
1511 1512 0.16306400000000001
1512 1513 7.040527000000001
1512 1514 0.041565
1514 1515 0.38651800000000003
1515 1516 7.631445
1515 1517 8.446819
1514 1518 7.354869
1511 1519 0.082842
1519 1520 7.224638
1519 1521 0.11266500000000002
1521 1522 6.968534999999999
1521 1523 7.535931
88 1524 0.07027
1524 1525 0.146881
1525 1526 0.316031
1526 1527 1.6745130000000001
1527 1528 1.7667769999999998
1528 1529 4.782476
1528 1530 4.53271
1527 1531 1.8912410000000002
1531 1532 6.316045000000001
1531 1533 3.296885
1526 1534 1.3401619999999999
1534 1535 6.866236000000001
1534 1536 7.085274
1525 1537 0.034219
1537 1538 0.332351
1538 1539 0.605393
1539 1540 7.0762290000000005
1539 1541 8.236404
1538 1542 0.574956
1542 1543 6.9057759999999995
1542 1544 6.833058
1537 1545 0.204654
1545 1546 8.270256
1545 1547 0.087889
1547 1548 7.884427
1547 1549 1.2818859999999999
1549 1550 7.122101
1549 1551 6.361522999999999
1524 1552 0.8855919999999999
1552 1553 6.837459999999999
1552 1554 6.476024
81 1555 0.7891729999999999
1555 1556 6.335308
1555 1557 7.190850999999999
80 1558 0.08797100000000001
1558 1559 0.036325
1559 1560 0.102228
1560 1561 6.545372
1560 1562 0.334679
1562 1563 6.754423
1562 1564 0.072459
1564 1565 6.757739
1564 1566 8.087007999999999
1559 1567 0.063925
1567 1568 6.622103
1567 1569 0.07717299999999999
1569 1570 6.752191000000001
1569 1571 0.20229599999999998
1571 1572 6.659782
1571 1573 6.313421
1558 1574 0.177015
1574 1575 0.115875
1575 1576 7.267158
1575 1577 7.152238
1574 1578 7.115091
79 1579 0.115583
1579 1580 0.076169
1580 1581 0.13533799999999999
1581 1582 0.09211799999999999
1582 1583 0.045
1583 1584 0.181749
1584 1585 0.088871
1585 1586 1.5149350000000001
1586 1587 5.796473
1586 1588 5.177581
1588 1589 0.8539450000000001
1588 1590 0.592248
1585 1591 0.21039499999999997
1591 1592 7.4994179999999995
1591 1593 2.5601309999999997
1593 1594 5.805026
1593 1595 6.1048
1584 1596 0.025213
1596 1597 0.119889
1597 1598 0.155252
1598 1599 0.167772
1599 1600 4.518764
1600 1601 2.361228
1600 1602 2.445237
1599 1603 6.646697
1598 1604 7.4779100000000005
1597 1605 0.26287099999999997
1605 1606 0.18159999999999998
1606 1607 7.063088
1606 1608 1.265815
1608 1609 3.1991279999999995
1609 1610 1.83351
1609 1611 2.1222540000000003
1608 1612 2.144343
1612 1613 2.9076589999999998
1612 1614 0.771627
1614 1615 1.448929
1615 1616 0.469773
1615 1617 0.5085339999999999
1614 1618 1.464725
1605 1619 0.24906799999999998
1619 1620 0.259545
1620 1621 7.245960999999999
1620 1622 7.2159699999999996
1619 1623 6.71621
1596 1624 7.6776159999999996
1583 1625 0.087309
1625 1626 2.86316
1626 1627 0.6589079999999999
1627 1628 1.56454
1628 1629 2.435587
1628 1630 3.349185
1627 1631 1.0035159999999999
1631 1632 0.681038
1632 1633 1.0405090000000001
1633 1634 2.4633760000000002
1633 1635 1.790133
1632 1636 2.979057
1631 1637 4.455074
1626 1638 0.711498
1638 1639 1.869742
1639 1640 1.545171
1640 1641 0.754498
1641 1642 1.589691
1642 1643 0.587621
1642 1644 0.305616
1641 1645 0.377557
1645 1646 0.374859
1645 1647 0.305703
1640 1648 1.4619790000000001
1648 1649 0.137936
1649 1650 0.13416999999999998
1650 1651 0.304826
1650 1652 0.056722
1652 1653 0.118198
1652 1654 0.519828
1649 1655 0.13965
1655 1656 0.20461
1656 1657 0.304846
1656 1658 0.24811
1655 1659 0.49721899999999997
1648 1660 0.6556099999999999
1639 1661 2.048047
1638 1662 1.6041779999999999
1662 1663 2.988937
1662 1664 2.49809
1625 1665 1.121483
1665 1666 6.807315999999999
1665 1667 3.464909
1667 1668 3.377418
1667 1669 3.470732
1582 1670 0.07490100000000001
1670 1671 0.137166
1671 1672 0.122928
1672 1673 2.8266050000000003
1673 1674 5.322597
1673 1675 2.525128
1675 1676 1.887104
1675 1677 2.196265
1672 1678 8.285687999999999
1671 1679 3.952465
1679 1680 4.346388
1679 1681 4.883727
1670 1682 0.072518
1682 1683 1.230823
1683 1684 7.331187
1683 1685 7.300885
1682 1686 3.6341279999999996
1686 1687 0.93364
1687 1688 3.4506479999999997
1687 1689 1.377085
1689 1690 1.7620790000000002
1689 1691 2.576501
1686 1692 1.076143
1692 1693 2.7757330000000002
1692 1694 3.987346
1581 1695 0.136122
1695 1696 1.1404020000000001
1696 1697 6.011837
1696 1698 6.918831
1695 1699 2.304941
1699 1700 5.149369
1699 1701 6.1224300000000005
1580 1702 0.053430000000000005
1702 1703 0.7954789999999999
1703 1704 7.613551999999999
1703 1705 6.423028
1702 1706 0.039272
1706 1707 0.08309
1707 1708 0.21589399999999997
1708 1709 2.3245
1709 1710 4.460485
1709 1711 1.536963
1711 1712 3.177974
1711 1713 3.2873600000000005
1708 1714 1.9502769999999998
1714 1715 4.59614
1714 1716 1.9117289999999998
1716 1717 2.9306010000000002
1716 1718 2.769101
1707 1719 2.325578
1719 1720 5.103081
1719 1721 5.147877
1706 1722 0.261179
1722 1723 7.279141999999999
1722 1724 7.097719
1579 1725 0.105787
1725 1726 0.791211
1726 1727 6.670693
1726 1728 6.089834000000001
1725 1729 6.418487000000001
78 1730 0.051528000000000004
1730 1731 7.556952
1730 1732 0.062146
1732 1733 0.188746
1733 1734 6.310733
1733 1735 7.172891000000001
1732 1736 0.199387
1736 1737 0.036833
1737 1738 0.589901
1738 1739 7.221081
1738 1740 7.028174
1737 1741 6.619796999999999
1736 1742 1.111615
1742 1743 7.342935000000001
1742 1744 6.140689
77 1745 0.080975
1745 1746 0.29224300000000003
1746 1747 0.49044
1747 1748 2.75657
1748 1749 3.106769
1748 1750 3.4861700000000004
1747 1751 6.622418
1746 1752 7.219045
1745 1753 0.26071300000000003
1753 1754 6.667156
1753 1755 6.1359070000000004
76 1756 0.079314
1756 1757 0.16205499999999998
1757 1758 0.16230999999999998
1758 1759 0.127999
1759 1760 0.180215
1760 1761 5.8388160000000005
1760 1762 6.24115
1759 1763 0.08828799999999999
1763 1764 0.091629
1764 1765 0.302494
1765 1766 4.988504
1765 1767 0.147609
1767 1768 5.074119
1767 1769 3.879517
1769 1770 1.390842
1769 1771 1.501544
1764 1772 5.18985
1763 1773 5.746312
1758 1774 6.157225
1757 1775 6.130558
1756 1776 0.13108
1776 1777 6.0001690000000005
1776 1778 0.199321
1778 1779 0.26939
1779 1780 5.271661
1779 1781 5.787463000000001
1778 1782 5.621721
75 1783 0.10592399999999999
1783 1784 0.108362
1784 1785 5.819578
1784 1786 5.282081000000001
1783 1787 1.220859
1787 1788 4.956494
1787 1789 4.7415069999999995
74 1790 0.8477490000000001
1790 1791 5.178336
1790 1792 4.90248
73 1793 0.319272
1793 1794 2.222948
1794 1795 3.5821319999999996
1795 1796 0.189684
1795 1797 0.193132
1794 1798 3.967847
1793 1799 0.879455
1799 1800 0.293259
1800 1801 5.640778
1800 1802 4.780319
1799 1803 4.704614
72 1804 0.105607
1804 1805 0.7776029999999999
1805 1806 5.1159040000000005
1805 1807 1.859851
1807 1808 2.72054
1807 1809 3.064232
1804 1810 0.334685
1810 1811 0.048036999999999996
1811 1812 0.072937
1812 1813 5.269519000000001
1812 1814 0.068635
1814 1815 4.475964
1814 1816 0.224164
1816 1817 4.692253
1816 1818 4.112511
1811 1819 0.219492
1819 1820 4.499986
1819 1821 4.900269
1810 1822 0.161025
1822 1823 0.184634
1823 1824 4.462746
1823 1825 4.2994829999999995
1822 1826 0.22077899999999998
1826 1827 4.48905
1826 1828 0.13664199999999999
1828 1829 3.604627
1828 1830 0.058708
1830 1831 0.10436799999999999
1831 1832 4.035163
1831 1833 0.345951
1833 1834 4.15942
1833 1835 4.007318
1830 1836 4.319282
71 1837 0.133083
1837 1838 0.022958
1838 1839 0.126592
1839 1840 0.07854
1840 1841 0.16985699999999998
1841 1842 0.047529
1842 1843 0.11576900000000001
1843 1844 0.284115
1844 1845 0.15917399999999998
1845 1846 0.10039999999999999
1846 1847 0.029867
1847 1848 0.268219
1848 1849 1.825942
1848 1850 2.2574259999999997
1847 1851 0.21030100000000002
1851 1852 0.511301
1852 1853 1.725494
1852 1854 1.889989
1851 1855 2.189677
1846 1856 0.054616
1856 1857 0.069121
1857 1858 0.16591799999999998
1858 1859 0.076957
1859 1860 0.169875
1860 1861 0.077167
1861 1862 0.05482599999999999
1862 1863 0.031987999999999996
1863 1864 0.121939
1864 1865 2.3764
1864 1866 0.771196
1863 1867 0.080102
1867 1868 0.615274
1867 1869 0.10782299999999999
1869 1870 0.136019
1869 1871 0.459472
1862 1872 0.770862
1861 1873 0.351916
1873 1874 3.9672859999999996
1873 1875 0.211787
1875 1876 0.721077
1876 1877 4.779659
1876 1878 9.129316
1875 1879 0.25723
1879 1880 3.304083
1879 1881 5.160401
1860 1882 0.23985199999999998
1882 1883 1.3425150000000001
1882 1884 1.592407
1859 1885 0.22457100000000002
1885 1886 1.381954
1885 1887 1.7231079999999999
1858 1888 2.23323
1857 1889 0.37358
1889 1890 1.347853
1889 1891 1.544534
1856 1892 0.6852119999999999
1892 1893 0.9404910000000001
1892 1894 0.8885179999999999
1845 1895 0.191974
1895 1896 2.12511
1895 1897 0.916149
1897 1898 1.979038
1897 1899 1.8916559999999998
1844 1900 0.465677
1900 1901 2.594337
1900 1902 1.170019
1902 1903 1.18151
1902 1904 1.2004549999999998
1843 1905 0.089257
1905 1906 0.23768299999999998
1906 1907 0.193136
1907 1908 3.034349
1907 1909 0.123882
1909 1910 0.41763599999999995
1910 1911 4.166776
1910 1912 3.532076
1909 1913 0.22039
1913 1914 3.713111
1913 1915 3.5178540000000003
1906 1916 3.470199
1905 1917 0.048681
1917 1918 0.188812
1918 1919 0.586921
1919 1920 2.658419
1919 1921 0.6486839999999999
1921 1922 1.01508
1922 1923 0.701106
1922 1924 0.8301569999999999
1921 1925 2.175051
1918 1926 0.149468
1926 1927 0.259854
1927 1928 2.6869
1927 1929 3.225477
1926 1930 3.015348
1917 1931 0.190016
1931 1932 2.831665
1931 1933 3.633669
1842 1934 0.085038
1934 1935 0.11730499999999999
1935 1936 0.106412
1936 1937 0.167361
1937 1938 0.39463099999999995
1938 1939 2.7884949999999997
1938 1940 2.613462
1937 1941 0.13705799999999999
1941 1942 3.200759
1941 1943 3.7324610000000003
1936 1944 2.9483349999999997
1935 1945 3.301713
1934 1946 3.024975
1841 1947 0.066643
1947 1948 0.017874
1948 1949 3.2215439999999997
1948 1950 3.4990010000000002
1947 1951 0.081817
1951 1952 0.132527
1952 1953 3.2218160000000005
1952 1954 0.372399
1954 1955 3.4231619999999996
1954 1956 3.552593
1951 1957 0.045589
1957 1958 3.3489819999999995
1957 1959 0.585514
1959 1960 2.650846
1959 1961 2.5384349999999998
1840 1962 0.15958999999999998
1962 1963 0.183179
1963 1964 3.3123329999999997
1963 1965 3.663422
1962 1966 4.07033
1839 1967 0.196356
1967 1968 4.179537
1967 1969 0.091916
1969 1970 0.24758699999999997
1970 1971 0.53675
1971 1972 3.7496639999999997
1971 1973 3.9066520000000002
1970 1974 3.3339430000000005
1969 1975 0.117949
1975 1976 0.24949500000000002
1976 1977 4.724174
1976 1978 4.761152
1975 1979 0.383215
1979 1980 4.72874
1979 1981 0.545612
1981 1982 4.1089899999999995
1981 1983 3.377186
1838 1984 0.093041
1984 1985 4.130211
1984 1986 0.272171
1986 1987 3.9282329999999996
1986 1988 5.046671
1837 1989 0.244027
1989 1990 4.387836
1989 1991 4.799743
70 1992 0.125373
1992 1993 4.5217920000000005
1992 1994 4.793393
3 1995 0.800157
1995 1996 4.309298999999999
1995 1997 4.835745999999999
1 1998 4.529167
