1 2 2.221787
2 3 1.47958
3 4 1.9578140000000002
4 5 4.340704
5 6 4.047244
6 7 1
7 8 0.35091900000000004
8 9 59.07508
8 10 41.538398
7 11 0.689049
11 12 1
12 13 2.212142
13 14 0.6615260000000001
14 15 1.16644
15 16 0.9552339999999999
16 17 52.978886
16 18 2.490244
18 19 4.208559
19 20 2.9628229999999998
20 21 4.091459
21 22 0.5122680000000001
22 23 61.291166
22 24 68.637639
21 25 25.842862999999998
25 26 37.833037000000004
25 27 17.071072
27 28 22.942415
27 29 24.828017
20 30 50.54432
19 31 51.977602
18 32 60.640302999999996
15 33 49.979551
14 34 4.096773
34 35 39.940188
34 36 40.618331000000005
13 37 5.074649
37 38 32.022807
38 39 12.970279000000001
38 40 11.835550999999999
37 41 64.754903
12 42 42.64714
11 43 1.206016
43 44 4.197255
44 45 1
45 46 0.247212
46 47 1
47 48 0.980245
48 49 2.61233
49 50 40.274921
49 51 1.990846
51 52 0.758328
52 53 61.343974
52 54 45.560790000000004
51 55 45.015598000000004
48 56 40.772104
47 57 35.928435
46 58 0.13830900000000002
58 59 1
59 60 1.896406
60 61 1
61 62 37.86639
61 63 1.8089810000000002
63 64 0.389415
64 65 1.9865609999999998
65 66 0.685087
66 67 2.516504
67 68 1.513364
68 69 73.43581
68 70 42.318090000000005
67 71 1.442792
71 72 1.7899249999999998
72 73 51.58773599999999
72 74 68.881327
71 75 6.635415
75 76 52.805747000000004
75 77 73.78088699999999
66 78 41.660883999999996
65 79 43.28673
64 80 41.180148
63 81 0.727002
81 82 45.72291
81 83 41.126612
60 84 0.29699000000000003
84 85 1.456556
85 86 38.229808999999996
85 87 41.572055
84 88 37.787546
59 89 36.096408000000004
58 90 3.3072179999999998
90 91 0.334608
91 92 0.214358
92 93 0.791535
93 94 0.624865
94 95 1
95 96 1.6395730000000002
96 97 1
97 98 1.169442
98 99 1
99 100 2.368023
100 101 1.469234
101 102 0.530572
102 103 30.664802
102 104 27.882047
101 105 1
105 106 3.255496
106 107 0.137946
107 108 1
108 109 2.295293
109 110 1
110 111 1.7604140000000001
111 112 0.571978
112 113 1
113 114 1.5951730000000002
114 115 1
115 116 2.03045
116 117 1
117 118 1
118 119 1
119 120 1.0091269999999999
120 121 2.173097
121 122 32.099136
121 123 35.911384
120 124 28.406448
119 125 27.428703
118 126 0.494978
126 127 0.197765
127 128 0.687893
128 129 0.670507
129 130 31.170816000000002
129 131 0.8602129999999999
131 132 40.21745
131 133 33.929021999999996
128 134 32.585314
127 135 0.5826600000000001
135 136 30.831968999999997
135 137 29.791154
126 138 1
138 139 0.21747300000000003
139 140 1.099349
140 141 0.533443
141 142 0.817351
142 143 1
143 144 1.570055
144 145 1.030601
145 146 33.794143999999996
145 147 1.509931
147 148 1.6921430000000002
148 149 47.415271
148 150 81.89854
147 151 33.612153
144 152 32.756531
143 153 30.815727
142 154 0.720567
154 155 37.863519000000004
154 156 43.649841
141 157 32.006073
140 158 34.756593
139 159 0.11184299999999998
159 160 29.228938999999997
159 161 27.5806
138 162 29.023044999999996
117 163 1.473744
163 164 0.287786
164 165 0.029865000000000003
165 166 0.092395
166 167 0.080966
167 168 30.416809999999998
167 169 0.337724
169 170 0.489372
170 171 0.10917800000000001
171 172 1
172 173 1
173 174 0.9107240000000001
174 175 0.115704
175 176 0.605145
176 177 1
177 178 0.424084
178 179 0.280544
179 180 0.039779
180 181 1
181 182 0.439304
182 183 0.494302
183 184 1.048557
184 185 28.805413
184 186 28.578973
183 187 26.926257
182 188 27.849691999999997
181 189 0.5488029999999999
189 190 0.55557
190 191 1
191 192 0.147974
192 193 0.31098800000000004
193 194 1
194 195 0.467812
195 196 0.21776700000000002
196 197 0.245897
197 198 0.09517300000000001
198 199 1
199 200 1.555812
200 201 0.064316
201 202 1
202 203 0.679577
203 204 0.094777
204 205 0.18817
205 206 0.028924000000000002
206 207 0.021132
207 208 0.149928
208 209 1
209 210 0.152386
210 211 0.314219
211 212 0.215906
212 213 0.272309
213 214 0.49644099999999997
214 215 1
215 216 1.181107
216 217 0.07937899999999999
217 218 0.041328
218 219 0.080275
219 220 0.15479300000000001
220 221 1
221 222 0.459531
222 223 0.16637100000000002
223 224 0.059028
224 225 0.021735
225 226 0.035648
226 227 0.120433
227 228 0.141131
228 229 0.07538
229 230 0.041561
230 231 0.069828
231 232 0.039729
232 233 0.142129
233 234 0.015550000000000001
234 235 22.248064
234 236 0.199234
236 237 0.035056
237 238 1
238 239 0.5995280000000001
239 240 0.135038
240 241 1
241 242 0.9782829999999999
242 243 1
243 244 0.48695400000000005
244 245 0.14208700000000002
245 246 0.6918030000000001
246 247 24.91885
246 248 20.598461
245 249 0.066929
249 250 0.440441
250 251 0.031344000000000004
251 252 1
252 253 0.49952900000000006
253 254 0.129653
254 255 0.092146
255 256 0.01669
256 257 0.08380599999999999
257 258 0.026170000000000002
258 259 0.09604700000000001
259 260 0.158417
260 261 0.7507790000000001
261 262 1
262 263 0.5144489999999999
263 264 0.337122
264 265 1
265 266 0.6103029999999999
266 267 1
267 268 0.42733399999999994
268 269 0.075763
269 270 0.257918
270 271 0.23571299999999998
271 272 1
272 273 0.18879
273 274 0.064539
274 275 0.199924
275 276 1
276 277 0.032128000000000004
277 278 0.077679
278 279 0.010531
279 280 0.664167
280 281 1
281 282 0.7842210000000001
282 283 0.259867
283 284 20.304974
283 285 20.906619000000003
282 286 0.395005
286 287 19.071015
286 288 1
288 289 0.018642
289 290 0.08352499999999999
290 291 21.367174
290 292 20.54421
289 293 0.163678
293 294 0.19434
294 295 0.102201
295 296 1
296 297 0.41746300000000003
297 298 18.61539
297 299 1
299 300 0.35798
300 301 0.330005
301 302 19.677122999999998
301 303 18.358211999999998
300 304 19.07704
299 305 0.161051
305 306 0.016177
306 307 0.175698
307 308 0.034169000000000005
308 309 0.142429
309 310 0.083461
310 311 0.027193999999999996
311 312 1
312 313 0.15996300000000002
313 314 1
314 315 0.049148
315 316 3.598071
316 317 15.143075
316 318 16.748281000000002
315 319 17.725400999999998
314 320 0.361626
320 321 0.168377
321 322 1
322 323 0.12348400000000001
323 324 0.190506
324 325 0.03063
325 326 1
326 327 0.41440799999999994
327 328 0.294903
328 329 0.029919
329 330 1
330 331 0.069461
331 332 0.100189
332 333 0.274938
333 334 1
334 335 0.285542
335 336 0.266148
336 337 0.44365899999999997
337 338 18.968457
337 339 17.31538
336 340 0.184915
340 341 17.331193
340 342 0.36063
342 343 0.018409000000000002
343 344 1
344 345 0.527667
345 346 0.033602
346 347 3.7549319999999997
347 348 16.356422000000002
347 349 14.133197000000001
346 350 0.674225
350 351 17.291752
350 352 17.179301
345 353 0.497166
353 354 0.013045999999999999
354 355 1
355 356 0.398289
356 357 0.490733
357 358 16.683132
357 359 19.8172
356 360 0.667267
360 361 17.927652
360 362 19.996893
355 363 0.39600700000000005
363 364 1
364 365 0.232936
365 366 1
366 367 0.357661
367 368 1
368 369 0.133457
369 370 1
370 371 0.27753700000000003
371 372 0.023306
372 373 1
373 374 0.367572
374 375 1
375 376 0.15473699999999999
376 377 0.089256
377 378 0.034688
378 379 0.041164
379 380 0.012052
380 381 0.012627999999999999
381 382 1
382 383 0.129566
383 384 0.07485
384 385 0.241189
385 386 1
386 387 0.059906
387 388 0.062748
388 389 0.013751000000000001
389 390 0.067087
390 391 0.015338
391 392 1
392 393 0.060903
393 394 0.022985000000000002
394 395 0.049411
395 396 0.07979499999999999
396 397 0.016491
397 398 1
398 399 0.072979
399 400 0.161083
400 401 0.060179
401 402 0.015765
402 403 0.029847000000000002
403 404 0.02431
404 405 0.09215799999999999
405 406 0.09775299999999999
406 407 0.015323999999999999
407 408 0.38320899999999997
408 409 16.168888
408 410 14.122917
407 411 1
411 412 14.541777
411 413 0.089201
413 414 0.133435
414 415 0.018404
415 416 0.054852000000000005
416 417 0.016552
417 418 0.065029
418 419 0.015557999999999999
419 420 14.081181
419 421 0.095211
421 422 0.025552000000000002
422 423 0.072972
423 424 14.249221
423 425 14.771319
422 426 0.334938
426 427 13.977159
426 428 13.986968
421 429 0.039351000000000004
429 430 1
430 431 0.012189
431 432 14.003903000000001
431 433 0.119272
433 434 0.046975
434 435 13.919063000000001
434 436 13.665202
433 437 0.062956
437 438 1
438 439 0.081718
439 440 0.455806
440 441 13.746908999999999
440 442 13.084380000000001
439 443 1
443 444 14.672962
443 445 0.029364
445 446 13.650139
445 447 0.033449
447 448 0.008618
448 449 0.058612
449 450 1
450 451 13.933817000000001
450 452 0.069897
452 453 0.053561
453 454 1
454 455 0.05275199999999999
455 456 0.033937
456 457 0.023127
457 458 13.757515000000001
457 459 0.036717
459 460 0.262023
460 461 13.113763
460 462 12.788748
459 463 0.012485999999999999
463 464 0.001156
464 465 0.272988
465 466 12.50953
465 467 13.485244
464 468 13.283317
463 469 1
469 470 0.078443
470 471 13.155779
470 472 0.196154
472 473 1
473 474 0.021068
474 475 0.046398
475 476 0.030886999999999998
476 477 0.006293
477 478 0.034194
478 479 0.134642
479 480 1
480 481 1
481 482 0.128619
482 483 1
483 484 0.146739
484 485 0.08978799999999999
485 486 0.015446000000000001
486 487 0.030985000000000002
487 488 1
488 489 0.031279
489 490 0.01015
490 491 0.298991
491 492 0.116902
492 493 1
493 494 1
494 495 0.14333600000000002
495 496 0.09765
496 497 0.154235
497 498 0.019895
498 499 0.194524
499 500 11.382197
499 501 0.21574900000000002
501 502 11.468022999999999
501 503 11.376208
498 504 0.042307
504 505 0.320024
505 506 11.527097999999999
505 507 11.934535
504 508 12.439133
497 509 1
509 510 0.188859
510 511 1
511 512 0.14998399999999998
512 513 0.027993
513 514 0.059834000000000005
514 515 0.294376
515 516 11.141998000000001
515 517 11.790054
514 518 0.049045000000000005
518 519 0.056531
519 520 1
520 521 0.052395000000000004
521 522 0.16426100000000002
522 523 1
523 524 0.01816
524 525 0.159273
525 526 1
526 527 0.07900599999999999
527 528 0.142362
528 529 1
529 530 0.029186
530 531 0.065533
531 532 1
532 533 0.094999
533 534 0.186231
534 535 0.172134
535 536 10.69785
535 537 11.275045
534 538 1
538 539 12.351054
538 540 0.140318
540 541 1
541 542 0.008366
542 543 0.023168
543 544 0.070667
544 545 0.069337
545 546 0.058120000000000005
546 547 10.98199
546 548 0.089443
548 549 0.14616200000000001
549 550 10.627952
549 551 11.431519
548 552 0.089548
552 553 0.045926
553 554 1
554 555 0.38666
555 556 1
556 557 0.23664300000000002
557 558 1
558 559 0.293147
559 560 0.023811000000000002
560 561 1
561 562 0.187514
562 563 0.30057
563 564 1
564 565 0.039025000000000004
565 566 0.010793
566 567 0.060815
567 568 0.010566
568 569 0.21454099999999998
569 570 1
570 571 0.59845
571 572 1
572 573 0.075174
573 574 0.226558
574 575 0.011781
575 576 1
576 577 0.04127
577 578 0.116887
578 579 1
579 580 0.056414
580 581 0.019264
581 582 0.017039
582 583 0.142174
583 584 0.22874599999999998
584 585 1
585 586 10.221503
585 587 0.19686700000000001
587 588 0.238033
588 589 9.519349
588 590 9.17061
587 591 0.19100899999999998
591 592 0.060249000000000004
592 593 0.354668
593 594 9.035532
593 595 0.10539099999999998
595 596 8.977335
595 597 8.980042000000001
592 598 9.872032
591 599 1
599 600 0.679252
600 601 1
601 602 0.158604
602 603 9.937277
602 604 1.406779
604 605 8.891782
604 606 9.471461
601 607 1
607 608 0.15342699999999998
608 609 0.485572
609 610 1
610 611 0.026829000000000002
611 612 0.037225
612 613 0.014150999999999999
613 614 0.36886599999999997
614 615 1
615 616 0.48910000000000003
616 617 9.044607000000001
616 618 0.061189
618 619 0.185408
619 620 1
620 621 0.021958000000000002
621 622 0.021974
622 623 0.5066809999999999
623 624 0.073769
624 625 1
625 626 0.065523
626 627 0.131444
627 628 0.05176100000000001
628 629 1
629 630 0.305754
630 631 0.062424
631 632 1
632 633 0.022629
633 634 0.034846999999999996
634 635 0.059135999999999994
635 636 10.18518
635 637 0.43921200000000005
637 638 0.369184
638 639 1
639 640 0.283621
640 641 1
641 642 0.330192
642 643 1
643 644 1
644 645 0.36768999999999996
645 646 1
646 647 0.102324
647 648 7.800337
647 649 0.37074
649 650 0.193024
650 651 7.502802
650 652 7.305476
649 653 1
653 654 0.185229
654 655 0.016142
655 656 0.044953
656 657 0.040451
657 658 0.22244
658 659 1
659 660 7.869367
659 661 0.063013
661 662 7.720301
661 663 0.46920699999999993
663 664 1
664 665 0.165723
665 666 0.187051
666 667 7.126613
666 668 0.233727
668 669 6.572978
668 670 6.574152
665 671 0.053611
671 672 0.301649
672 673 6.5395140000000005
672 674 6.5332550000000005
671 675 7.665402
664 676 7.766374
663 677 1
677 678 0.04215
678 679 0.081631
679 680 0.08866800000000001
680 681 1
681 682 1
682 683 0.104126
683 684 0.147391
684 685 0.444737
685 686 0.004012
686 687 0.040354
687 688 0.163259
688 689 0.035847
689 690 0.087925
690 691 0.034978
691 692 0.22869
692 693 5.733835
692 694 5.799685
691 695 6.265768
690 696 6.092268
689 697 6.263000000000001
688 698 1
698 699 0.10433899999999999
699 700 0.014718000000000002
700 701 6.912388999999999
700 702 0.113193
702 703 0.292706
703 704 5.592349
703 705 5.796766
702 706 6.020857
699 707 0.202524
707 708 5.908368
707 709 0.18602200000000002
709 710 5.780501
709 711 5.8978
698 712 0.170031
712 713 6.157242
712 714 6.103974999999999
687 715 1
715 716 0.14193299999999998
716 717 0.125358
717 718 6.303693000000001
717 719 6.472608
716 720 0.317334
720 721 6.083866
720 722 6.104152
715 723 6.69211
686 724 1
724 725 0.301056
725 726 6.335683
725 727 6.440617
724 728 1
728 729 6.76013
728 730 0.16364599999999999
730 731 0.542571
731 732 0.200697
732 733 5.700357
732 734 5.760913
731 735 0.383281
735 736 0.087599
736 737 5.45909
736 738 5.356138
735 739 5.42727
730 740 6.540501
685 741 1
741 742 1
742 743 8.200380000000001
742 744 2.023318
744 745 0.6747730000000001
745 746 5.349047
745 747 0.488291
747 748 5.115889
747 749 5.414613
744 750 6.386678
741 751 1
751 752 0.063995
752 753 0.16383999999999999
753 754 0.057392
754 755 0.19765999999999997
755 756 0.072094
756 757 0.09424700000000001
757 758 0.133327
758 759 0.138549
759 760 1
760 761 0.0166
761 762 0.232308
762 763 0.141888
763 764 2.28966
764 765 3.367688
764 766 3.457893
763 767 6.266547999999999
762 768 0.20434
768 769 1
769 770 0.023869
770 771 0.26895399999999997
771 772 0.302529
772 773 6.232869
772 774 6.101642
771 775 1
775 776 0.187249
776 777 1
777 778 1
778 779 0.401918
779 780 0.18910000000000002
780 781 0.062871
781 782 0.153437
782 783 0.11008899999999999
783 784 0.014955
784 785 1
785 786 0.25813400000000003
786 787 1
787 788 5.142193
787 789 0.262245
789 790 4.89981
789 791 4.715393
786 792 0.216892
792 793 0.021803
793 794 0.22286699999999998
794 795 1
795 796 0.13450199999999998
796 797 0.102908
797 798 0.060543
798 799 0.341805
799 800 0.070208
800 801 0.14005700000000001
801 802 4.1752970000000005
801 803 4.197394
800 804 4.388978000000001
799 805 0.09307900000000001
805 806 4.357965
805 807 0.372103
807 808 3.840637
807 809 3.7865599999999997
798 810 4.6186039999999995
797 811 4.771506
796 812 4.922514
795 813 4.903442
794 814 1
814 815 0.820103
815 816 1
816 817 0.275762
817 818 0.279213
818 819 0.039845
819 820 1
820 821 0.338422
821 822 0.09930399999999999
822 823 4.11813
822 824 4.186361000000001
821 825 0.088398
825 826 4.088273
825 827 4.148104
820 828 5.275409
819 829 1
829 830 0.10405099999999999
830 831 0.338708
831 832 1
832 833 0.168848
833 834 0.43151700000000004
834 835 0.28871399999999997
835 836 0.131119
836 837 3.770851
836 838 3.923692
835 839 0.046069
839 840 0.354193
840 841 0.12851500000000002
841 842 1
842 843 1
843 844 0.46989400000000003
844 845 0.33072599999999996
845 846 0.075919
846 847 0.099121
847 848 3.048325
847 849 0.320853
849 850 0.36346500000000004
850 851 1
851 852 0.328168
852 853 0.065562
853 854 0.109211
854 855 0.469451
855 856 0.086994
856 857 0.280199
857 858 2.038026
857 859 0.5486000000000001
859 860 0.011182
860 861 1.6154680000000001
860 862 0.286775
862 863 1.29959
862 864 0.164495
864 865 1.1879199999999999
864 866 1.190415
859 867 1
867 868 0.414348
868 869 3.322447
868 870 1.150401
870 871 0.38713200000000003
870 872 0.160441
872 873 0.102049
873 874 0.45975699999999997
873 875 0.133992
875 876 0.320314
875 877 4.107352000000001
872 878 0.38219600000000004
867 879 5.923255999999999
856 880 2.244582
855 881 2.3360220000000003
854 882 2.731223
853 883 3.158101
852 884 2.971806
851 885 4.191403
850 886 0.067594
886 887 0.097604
887 888 2.688339
887 889 0.46640300000000007
889 890 0.355602
890 891 2.858486
890 892 1.6960320000000002
889 893 2.0858000000000003
886 894 2.463955
849 895 0.013134
895 896 0.024208
896 897 0.151257
897 898 0.14280600000000002
898 899 0.140593
899 900 0.149046
900 901 2.310261
900 902 2.244256
899 903 2.414773
898 904 2.459515
897 905 2.8047720000000003
896 906 2.9323200000000003
895 907 2.817956
846 908 5.5371749999999995
845 909 3.312928
844 910 5.9087130000000005
843 911 4.301963000000001
842 912 0.31777
912 913 3.498635
912 914 3.526224
841 915 0.028378000000000004
915 916 0.266843
916 917 3.295301
916 918 3.39784
915 919 0.33417
919 920 3.4055630000000003
919 921 3.420017
840 922 1
922 923 0.319554
923 924 3.70322
923 925 0.157183
925 926 0.359913
926 927 3.138395
926 928 3.225086
925 929 3.6832740000000004
922 930 3.996058
839 931 0.13033999999999998
931 932 3.8693980000000003
931 933 3.8925769999999997
834 934 4.645828
833 935 5.429619
832 936 7.497113
831 937 0.198044
937 938 4.25579
937 939 4.1169009999999995
830 940 1
940 941 0.574532
941 942 4.09772
941 943 4.206771
940 944 5.028429
829 945 4.582744
818 946 0.145115
946 947 4.430102000000001
946 948 0.094554
948 949 0.321566
949 950 4.001764
949 951 3.9630140000000003
948 952 4.376717
817 953 4.816565
816 954 5.1755
815 955 0.21400400000000003
955 956 4.6211210000000005
955 957 4.438343
814 958 0.366156
958 959 7.175113
958 960 6.947725
793 961 0.136492
961 962 0.132158
962 963 0.12820399999999998
963 964 4.451471
963 965 4.469941
962 966 4.470598
961 967 4.794934
792 968 0.181146
968 969 0.033352
969 970 4.921704
969 971 4.623721
968 972 0.194951
972 973 5.270048
972 974 4.555025
785 975 5.618734
784 976 0.266887
976 977 5.178161
976 978 5.069082
783 979 0.028811
979 980 5.302669
979 981 5.512559
782 982 0.331486
982 983 5.95265
982 984 6.381861
781 985 5.841454
780 986 5.793906
779 987 6.8802959999999995
778 988 8.904273
777 989 2.13671
989 990 3.790863
989 991 4.241686
776 992 0.146303
992 993 0.19778099999999998
993 994 5.152878
993 995 5.235812
992 996 5.423146999999999
775 997 5.825744
770 998 6.108509
769 999 6.1496
768 1000 0.09810699999999999
1000 1001 0.504556
1001 1002 5.328775
1001 1003 5.272771
1000 1004 6.018889000000001
761 1005 6.064581
760 1006 6.415898
759 1007 0.218936
1007 1008 0.051483
1008 1009 5.805562
1008 1010 6.163436
1007 1011 6.079364
758 1012 6.172061
757 1013 6.758908
756 1014 6.635791
755 1015 6.735333000000001
754 1016 6.659101000000001
753 1017 4.045726999999999
1017 1018 3.003761
1017 1019 3.3597200000000003
752 1020 0.179408
1020 1021 6.967856
1020 1022 6.702566
751 1023 0.050155000000000005
1023 1024 6.632583
1023 1025 6.962785
684 1026 6.930651999999999
683 1027 7.255699
682 1028 7.171864
681 1029 0.11762800000000001
1029 1030 7.167605000000001
1029 1031 7.030987
680 1032 0.128172
1032 1033 0.056449
1033 1034 7.201849
1033 1035 6.8453349999999995
1032 1036 0.169761
1036 1037 6.881232
1036 1038 6.714136
679 1039 0.26473
1039 1040 6.71002
1039 1041 6.5861279999999995
678 1042 0.22106299999999998
1042 1043 6.862321000000001
1042 1044 6.958506000000001
677 1045 7.180871
658 1046 1
1046 1047 0.36022099999999996
1047 1048 0.152894
1048 1049 7.168073
1048 1050 6.879111
1047 1051 6.946805
1046 1052 7.758587
657 1053 7.739026
656 1054 7.820533
655 1055 8.546814
654 1056 8.075040999999999
653 1057 7.854607
646 1058 8.749848
645 1059 0.745218
1059 1060 7.464901
1059 1061 7.03772
644 1062 8.593553
643 1063 1.6275060000000001
1063 1064 6.861886
1063 1065 7.109745
642 1066 0.12864599999999998
1066 1067 7.660544
1066 1068 0.08953900000000001
1068 1069 7.415782
1068 1070 7.3924970000000005
641 1071 0.17480099999999998
1071 1072 7.822902
1071 1073 8.146320999999999
640 1074 0.13343300000000002
1074 1075 0.31726
1075 1076 7.640769
1075 1077 7.5518909999999995
1074 1078 8.095068
639 1079 8.313466
638 1080 0.035955999999999995
1080 1081 0.027965999999999998
1081 1082 7.955292999999999
1081 1083 7.779859999999999
1080 1084 0.199133
1084 1085 0.10245
1085 1086 7.917897
1085 1087 7.661735999999999
1084 1088 7.648878000000001
637 1089 0.39882
1089 1090 8.004055000000001
1089 1091 7.731098
634 1092 8.912656
633 1093 8.992930000000001
632 1094 8.723051
631 1095 0.121768
1095 1096 8.370712
1095 1097 8.069511
630 1098 1
1098 1099 8.714642999999999
1098 1100 0.220352
1100 1101 8.003035
1100 1102 8.516061
629 1103 8.600665000000001
628 1104 1.915238
1104 1105 6.998441
1104 1106 7.504180000000001
627 1107 0.056519
1107 1108 0.31793699999999997
1108 1109 8.221775000000001
1108 1110 8.772822
1107 1111 8.704969
626 1112 8.877061
625 1113 9.254449
624 1114 0.421279
1114 1115 8.691613
1114 1116 8.542199
623 1117 0.12235499999999999
1117 1118 8.836361
1117 1119 8.317603
622 1120 9.163077
621 1121 9.326236999999999
620 1122 9.078272
619 1123 0.11005399999999999
1123 1124 9.136496
1123 1125 8.901831
618 1126 0.247208
1126 1127 8.831486
1126 1128 8.964326
615 1129 9.685359
614 1130 0.08651400000000001
1130 1131 8.921395
1130 1132 0.07047400000000001
1132 1133 0.32519
1133 1134 8.410069
1133 1135 8.584529
1132 1136 9.014352
613 1137 9.197113
612 1138 9.57939
611 1139 9.775541
610 1140 9.503979999999999
609 1141 0.086612
1141 1142 9.134713
1141 1143 0.21043699999999999
1143 1144 9.106551999999999
1143 1145 9.747445
608 1146 10.487499
607 1147 10.504441
600 1148 0.078111
1148 1149 0.195436
1149 1150 0.34749
1150 1151 8.805541
1150 1152 8.990271
1149 1153 9.280979
1148 1154 0.145335
1154 1155 9.094840999999999
1154 1156 0.11309899999999999
1156 1157 0.28761400000000004
1157 1158 9.012156000000001
1157 1159 9.107232
1156 1160 8.934538
599 1161 10.503549
584 1162 1
1162 1163 0.095014
1163 1164 0.44807800000000003
1164 1165 9.172418
1164 1166 9.353957
1163 1167 10.053363
1162 1168 9.848995
583 1169 1
1169 1170 0.28783400000000003
1170 1171 9.554907
1170 1172 9.628533000000001
1169 1173 10.261455
582 1174 10.226503000000001
581 1175 10.752929
580 1176 10.63747
579 1177 10.468874
578 1178 0.11205200000000001
1178 1179 10.208331
1178 1180 10.058568
577 1181 10.576921
576 1182 10.716247
575 1183 0.286138
1183 1184 10.024543
1183 1185 10.074386
574 1186 1
1186 1187 0.598476
1187 1188 9.952243
1187 1189 10.062877
1186 1190 11.847186
573 1191 10.328903
572 1192 10.612978
571 1193 0.04920700000000001
1193 1194 10.296468
1193 1195 0.6244719999999999
1195 1196 9.448547999999999
1195 1197 9.159563
570 1198 10.803904000000001
569 1199 0.311721
1199 1200 10.402275
1199 1201 10.033066999999999
568 1202 10.717606
567 1203 11.102231
566 1204 10.574695
565 1205 10.749981
564 1206 11.004261999999999
563 1207 0.016206
1207 1208 0.215538
1208 1209 10.459365
1208 1210 10.144893000000001
1207 1211 10.68156
562 1212 11.345452
561 1213 10.847932
560 1214 0.208116
1214 1215 11.285204
1214 1216 10.60124
559 1217 0.086983
1217 1218 10.613495
1217 1219 10.500376
558 1220 11.193134
557 1221 0.105339
1221 1222 10.805344999999999
1221 1223 11.688858
556 1224 11.106435000000001
555 1225 0.134126
1225 1226 10.590168
1225 1227 10.694536000000001
554 1228 11.888517
553 1229 0.165325
1229 1230 11.208733
1229 1231 10.764161999999999
552 1232 0.695317
1232 1233 10.864859000000001
1232 1234 10.762964
545 1235 11.195517
544 1236 11.233915
543 1237 11.385949
542 1238 12.397386000000001
541 1239 11.335193
540 1240 0.411251
1240 1241 11.342845
1240 1242 11.413691
533 1243 11.554983
532 1244 11.496976
531 1245 4.55292
1245 1246 7.537077
1245 1247 8.120263
530 1248 0.174738
1248 1249 11.074668
1248 1250 11.158323000000001
529 1251 0.18965900000000002
1251 1252 11.833317000000001
1251 1253 11.362954
528 1254 0.106679
1254 1255 0.5597150000000001
1255 1256 10.388316
1255 1257 10.810910999999999
1254 1258 11.378533000000001
527 1259 11.482529
526 1260 11.882086
525 1261 0.280453
1261 1262 11.221950999999999
1261 1263 11.011041
524 1264 12.448756
523 1265 12.030275
522 1266 0.089197
1266 1267 11.235423
1266 1268 11.433543
521 1269 12.040683000000001
520 1270 11.847602
519 1271 0.33851
1271 1272 11.353178999999999
1271 1273 11.491052
518 1274 0.502957
1274 1275 11.56697
1274 1276 11.365081
513 1277 0.474868
1277 1278 11.05705
1277 1279 12.493292
512 1280 0.379366
1280 1281 11.246226
1280 1282 11.950046
511 1283 12.174567999999999
510 1284 0.344877
1284 1285 11.864545999999999
1284 1286 11.155453
509 1287 12.82752
496 1288 0.157008
1288 1289 11.580604
1288 1290 12.594298
495 1291 10.477612
1291 1292 1.823524
1291 1293 1.9744890000000002
494 1294 12.520572999999999
493 1295 0.155422
1295 1296 11.865437
1295 1297 11.684904999999999
492 1298 0.086929
1298 1299 0.411466
1299 1300 11.813600000000001
1299 1301 11.825579
1298 1302 0.193454
1302 1303 11.524905
1302 1304 12.114274
491 1305 0.41032
1305 1306 12.087539
1305 1307 11.729697999999999
490 1308 12.673375
489 1309 12.880412999999999
488 1310 12.716432
487 1311 0.380548
1311 1312 12.195628
1311 1313 11.979274
486 1314 0.146542
1314 1315 12.553360999999999
1314 1316 12.981448
485 1317 0.031596
1317 1318 10.625634
1318 1319 1.9971940000000001
1318 1320 1.8634419999999998
1317 1321 12.114286
484 1322 0.123315
1322 1323 12.831348
1322 1324 12.155929
483 1325 12.811164999999999
482 1326 0.23640599999999998
1326 1327 12.218474
1326 1328 12.496829
481 1329 13.092578
480 1330 0.082132
1330 1331 13.073717000000002
1330 1332 13.664076
479 1333 0.044256
1333 1334 0.46272800000000003
1334 1335 11.917492000000001
1334 1336 13.160706999999999
1333 1337 12.769984000000001
478 1338 12.922864
477 1339 13.689084000000001
476 1340 13.04178
475 1341 13.162923000000001
474 1342 13.653855
473 1343 13.423069000000002
472 1344 0.052286
1344 1345 0.304725
1345 1346 0.281298
1346 1347 13.491902999999999
1346 1348 13.24589
1345 1349 13.134346999999998
1344 1350 13.643937000000001
469 1351 13.450997000000001
456 1352 0.32237099999999996
1352 1353 12.810663
1352 1354 12.632556000000001
455 1355 13.269139999999998
454 1356 0.8956310000000001
1356 1357 11.158056
1356 1358 14.652327000000001
453 1359 0.267511
1359 1360 13.584527
1359 1361 0.6246889999999999
1361 1362 12.775972
1361 1363 13.126539000000001
452 1364 0.654363
1364 1365 14.054578000000001
1364 1366 13.246273
449 1367 0.34515
1367 1368 13.07052
1367 1369 14.230331
448 1370 0.147644
1370 1371 13.179222
1370 1372 13.465213
447 1373 13.452079999999999
438 1374 14.484161
437 1375 0.137174
1375 1376 13.782679
1375 1377 14.181448999999999
430 1378 15.116964
429 1379 0.344539
1379 1380 13.630424999999999
1379 1381 0.49356
1381 1382 13.642418000000001
1381 1383 13.564242000000002
418 1384 15.235077
417 1385 15.827199
416 1386 13.842894999999999
415 1387 0.12679200000000002
1387 1388 13.897293
1387 1389 14.162155000000002
414 1390 0.737418
1390 1391 14.022318
1390 1392 12.996378
413 1393 0.504043
1393 1394 13.75342
1393 1395 14.306026999999998
406 1396 0.27735899999999997
1396 1397 15.162600000000001
1396 1398 13.954846000000002
405 1399 14.423094
404 1400 0.295458
1400 1401 0.001653
1401 1402 0.606107
1402 1403 14.928051
1402 1404 13.514105
1401 1405 15.665148
1400 1406 0.35459100000000005
1406 1407 15.433134
1406 1408 14.957502
403 1409 15.272115
402 1410 5.984701
1410 1411 9.779369
1410 1412 9.321539
401 1413 15.182565
400 1414 3.300605
1414 1415 13.628231
1414 1416 11.723533
399 1417 0.270289
1417 1418 15.595775
1417 1419 14.992975999999999
398 1420 0.17888500000000002
1420 1421 0.211129
1421 1422 14.893971
1421 1423 15.299152999999999
1420 1424 0.341609
1424 1425 0.17002
1425 1426 14.56586
1425 1427 16.721071000000002
1424 1428 15.530542
397 1429 0.10376700000000001
1429 1430 15.848272
1429 1431 17.682513
396 1432 0.188425
1432 1433 16.200734999999998
1432 1434 14.388015000000001
395 1435 15.154618000000001
394 1436 14.971411000000002
393 1437 15.146972
392 1438 0.331423
1438 1439 15.769587
1438 1440 15.417146
391 1441 15.667582
390 1442 15.848588
389 1443 15.040041
388 1444 15.153581999999998
387 1445 0.086839
1445 1446 15.161712
1445 1447 15.031412999999999
386 1448 4.297389
1448 1449 12.788810999999999
1448 1450 11.655703
385 1451 15.123197
384 1452 0.368849
1452 1453 16.428789
1452 1454 14.757943000000001
383 1455 0.43895
1455 1456 15.540894999999999
1455 1457 15.246573999999999
382 1458 0.147403
1458 1459 0.46522
1459 1460 16.683099000000002
1459 1461 16.95151
1458 1462 0.361363
1462 1463 15.979457
1462 1464 16.21621
381 1465 16.494558
380 1466 15.516916
379 1467 15.719109000000001
378 1468 15.418665
377 1469 16.110558
376 1470 16.632607999999998
375 1471 0.240537
1471 1472 16.330317
1471 1473 15.763756
374 1474 16.476347
373 1475 0.14402399999999999
1475 1476 0.19125399999999998
1476 1477 16.382489
1476 1478 17.044636
1475 1479 16.421705
372 1480 16.737509
371 1481 16.678672
370 1482 0.067194
1482 1483 0.594449
1483 1484 15.702873
1483 1485 17.724252
1482 1486 16.917784
369 1487 0.125654
1487 1488 16.613717
1487 1489 16.813408
368 1490 0.218312
1490 1491 0.976379
1491 1492 15.907447999999999
1491 1493 16.085189
1490 1494 16.096262
367 1495 0.925428
1495 1496 17.150575
1495 1497 16.380211
366 1498 0.09386499999999999
1498 1499 0.46741200000000005
1499 1500 17.536372
1499 1501 17.145436
1498 1502 0.350304
1502 1503 0.137986
1503 1504 16.454798
1503 1505 17.492251
1502 1506 16.993968000000002
365 1507 0.351257
1507 1508 15.518016000000001
1507 1509 17.496075
364 1510 1
1510 1511 0.382042
1511 1512 18.214231
1511 1513 17.317262
1510 1514 16.114486
363 1515 17.548921
354 1516 0.458376
1516 1517 17.011334
1516 1518 16.831405999999998
353 1519 16.979445000000002
344 1520 0.166833
1520 1521 0.209705
1521 1522 19.277943999999998
1521 1523 0.378853
1523 1524 0.354725
1524 1525 18.089941
1524 1526 18.518898
1523 1527 19.265489
1520 1528 0.141019
1528 1529 17.487804
1528 1530 17.29963
343 1531 17.137121999999998
342 1532 17.525074
335 1533 1.093691
1533 1534 18.095826000000002
1533 1535 17.435668
334 1536 0.263575
1536 1537 1.189527
1537 1538 19.528126
1537 1539 22.383257
1536 1540 17.939198
333 1541 18.362934
332 1542 17.460822
331 1543 17.829276999999998
330 1544 0.307007
1544 1545 17.797176
1544 1546 17.734318
329 1547 18.690731999999997
328 1548 18.767350999999998
327 1549 1
1549 1550 0.42546900000000004
1550 1551 0.442437
1551 1552 18.394207
1551 1553 17.997791
1550 1554 20.571086
1549 1555 17.527952
326 1556 0.411523
1556 1557 0.195593
1557 1558 19.886793
1557 1559 17.927139
1556 1560 0.542442
1560 1561 18.799806
1560 1562 20.466106
325 1563 18.169127
324 1564 17.989628999999997
323 1565 0.666056
1565 1566 17.180218
1565 1567 18.137848
322 1568 0.07710399999999999
1568 1569 19.522426
1568 1570 19.969595
321 1571 17.794039
320 1572 18.805737999999998
313 1573 19.486574
312 1574 0.184194
1574 1575 19.724273
1574 1576 0.939599
1576 1577 19.153918
1576 1578 19.999215
311 1579 18.66455
310 1580 19.099268
309 1581 20.627093
308 1582 18.824531
307 1583 0.321278
1583 1584 19.122567
1583 1585 18.140964
306 1586 0.22586199999999998
1586 1587 19.553773
1586 1588 18.703679
305 1589 0.143542
1589 1590 19.257222
1589 1591 19.000228999999997
296 1592 0.207069
1592 1593 19.999216
1592 1594 18.48107
295 1595 19.63423
294 1596 19.776432999999997
293 1597 2.904489
1597 1598 16.453791000000002
1597 1599 16.560299
288 1600 0.40009900000000004
1600 1601 19.424386
1600 1602 20.979479
281 1603 1
1603 1604 0.289492
1604 1605 0.33945
1605 1606 20.251322
1605 1607 23.320269
1604 1608 1.011968
1608 1609 0.503692
1609 1610 1.020368
1610 1611 5.3693
1611 1612 92.912965
1611 1613 20.957605
1610 1614 24.325588
1609 1615 21.139135
1608 1616 21.480759
1603 1617 19.890925
280 1618 20.828851
279 1619 0.182413
1619 1620 19.491571
1619 1621 21.142127
278 1622 0.025311000000000004
1622 1623 20.722755
1622 1624 19.910943
277 1625 0.360994
1625 1626 20.084197
1625 1627 21.944495
276 1628 0.28518699999999997
1628 1629 19.624481
1628 1630 21.009217
275 1631 20.027420000000003
274 1632 20.206929000000002
273 1633 20.157251000000002
272 1634 0.37077
1634 1635 19.470146999999997
1634 1636 20.135204
271 1637 20.252836
270 1638 0.152322
1638 1639 22.731157
1638 1640 20.720558
269 1641 0.451459
1641 1642 21.009326
1641 1643 19.739571
268 1644 20.916536
267 1645 0.553926
1645 1646 20.873912999999998
1645 1647 20.453831
266 1648 21.028036999999998
265 1649 0.39863499999999996
1649 1650 20.787569
1649 1651 22.664144999999998
264 1652 21.017079
263 1653 0.576112
1653 1654 21.031008
1653 1655 20.296736000000003
262 1656 0.391109
1656 1657 0.48216200000000004
1657 1658 22.353701
1657 1659 21.578729
1656 1660 0.251676
1660 1661 0.141016
1661 1662 24.461802
1661 1663 21.923489
1660 1664 0.409856
1664 1665 0.854719
1665 1666 23.488022
1665 1667 12.713505999999999
1667 1668 10.044097
1667 1669 12.975902
1664 1670 22.355345
261 1671 1.097829
1671 1672 21.04856
1671 1673 19.240672
260 1674 0.31150100000000003
1674 1675 22.585306
1674 1676 19.914571
259 1677 0.165299
1677 1678 21.826671
1677 1679 21.028658
258 1680 0.215883
1680 1681 21.59708
1680 1682 21.377127
257 1683 0.436209
1683 1684 21.475404
1683 1685 22.819688
256 1686 0.078627
1686 1687 23.583323
1686 1688 21.687887
255 1689 0.462981
1689 1690 20.296017
1689 1691 22.44063
254 1692 1.2918580000000002
1692 1693 21.129043
1692 1694 21.489121
253 1695 0.365292
1695 1696 20.361059
1695 1697 23.934033
252 1698 0.470178
1698 1699 22.178837
1698 1700 21.512832
251 1701 21.500445000000003
250 1702 21.359337
249 1703 22.989758
244 1704 21.922579
243 1705 0.326375
1705 1706 22.784476
1705 1707 21.027473
242 1708 21.960406
241 1709 1.056266
1709 1710 24.736171000000002
1709 1711 22.653895
240 1712 23.01584
239 1713 22.951628
238 1714 0.627346
1714 1715 25.232729999999997
1714 1716 23.432921
237 1717 22.609444
236 1718 22.403337
233 1719 22.027041999999998
232 1720 23.03283
231 1721 22.469381
230 1722 23.000014
229 1723 22.847213999999997
228 1724 23.477554
227 1725 23.67448
226 1726 23.878003
225 1727 23.08767
224 1728 23.051506999999997
223 1729 23.341954
222 1730 22.811887
221 1731 0.112878
1731 1732 24.641759
1731 1733 24.540346
220 1734 24.490557
219 1735 25.106275
218 1736 24.6232
217 1737 24.268804
216 1738 24.396947
215 1739 0.339413
1739 1740 0.038965
1740 1741 1.3491579999999999
1741 1742 0.424191
1742 1743 26.072518
1742 1744 32.182104
1741 1745 0.7115739999999999
1745 1746 26.849623
1745 1747 30.390656
1740 1748 27.431305000000002
1739 1749 11.434992
1749 1750 20.927229999999998
1749 1751 18.791637
214 1752 24.81314
213 1753 23.949601
212 1754 0.576855
1754 1755 24.651740999999998
1754 1756 22.864895
211 1757 0.421526
1757 1758 27.521465
1757 1759 24.297824000000002
210 1760 0.190496
1760 1761 24.087135
1760 1762 25.876431
209 1763 0.779389
1763 1764 24.924426999999998
1763 1765 28.248821000000003
208 1766 24.875162
207 1767 25.119018999999998
206 1768 24.233609
205 1769 24.242841000000002
204 1770 27.733969000000002
203 1771 25.241848
202 1772 0.15370099999999998
1772 1773 24.258142
1772 1774 25.31367
201 1775 25.690136000000003
200 1776 24.257209
199 1777 0.6879879999999999
1777 1778 25.697794000000002
1777 1779 31.111745000000003
198 1780 25.966745000000003
197 1781 25.527759
196 1782 25.293386
195 1783 25.503460999999998
194 1784 0.010752999999999999
1784 1785 0.451133
1785 1786 26.146330000000003
1785 1787 26.211654
1784 1788 26.611732
193 1789 26.202023
192 1790 0.279335
1790 1791 26.596884
1790 1792 24.288824
191 1793 0.21196299999999998
1793 1794 26.627267999999997
1793 1795 26.273255000000002
190 1796 25.876292
189 1797 0.429368
1797 1798 29.307651
1797 1799 27.358833
180 1800 0.21437
1800 1801 28.163215
1800 1802 25.283736
179 1803 0.09656899999999999
1803 1804 26.246974
1803 1805 26.517552
178 1806 0.517514
1806 1807 26.698314
1806 1808 27.437201
177 1809 1.035623
1809 1810 29.036978
1809 1811 29.363623
176 1812 26.987881
175 1813 0.47957700000000003
1813 1814 27.411113999999998
1813 1815 27.698864
174 1816 0.49158300000000005
1816 1817 0.36768999999999996
1817 1818 27.72187
1817 1819 26.413645000000002
1816 1820 27.04696
173 1821 0.19046200000000002
1821 1822 30.199545999999998
1821 1823 0.571234
1823 1824 0.9825560000000001
1824 1825 28.460073
1824 1826 31.564288
1823 1827 28.216373
172 1828 0.377884
1828 1829 26.391208
1828 1830 28.578805000000003
171 1831 28.791593999999996
170 1832 27.251228
169 1833 29.494681
166 1834 28.905167999999996
165 1835 28.65954
164 1836 28.321465
163 1837 30.224193999999997
116 1838 27.760575
115 1839 1.644826
1839 1840 30.440842
1839 1841 35.941403
114 1842 28.891119
113 1843 1.1698659999999999
1843 1844 30.660666
1843 1845 30.717256
112 1846 31.990726000000002
111 1847 32.641687000000005
110 1848 1
1848 1849 2.552548
1849 1850 31.596971
1849 1851 1.221116
1851 1852 34.062964
1851 1853 39.555074000000005
1848 1854 37.985866
109 1855 32.813677000000006
108 1856 0.976249
1856 1857 34.816664
1856 1858 2.161292
1858 1859 39.867523
1858 1860 37.885934999999996
107 1861 31.332993
106 1862 35.239653
105 1863 1
1863 1864 3.059289
1864 1865 1
1865 1866 3.049852
1866 1867 1
1867 1868 34.528334
1867 1869 0.6168980000000001
1869 1870 2.270066
1870 1871 1.133298
1871 1872 2.295077
1872 1873 59.62128799999999
1872 1874 34.852178
1871 1875 1.5943829999999999
1875 1876 53.603009
1875 1877 43.325913
1870 1878 37.276224
1869 1879 37.455476
1866 1880 5.148008
1880 1881 1
1881 1882 1.9353280000000002
1882 1883 1.4911539999999999
1883 1884 4.557758
1884 1885 48.87502
1884 1886 62.101677
1883 1887 43.575156
1882 1888 1
1888 1889 0.630129
1889 1890 39.390336999999995
1889 1891 0.972692
1891 1892 0.916476
1892 1893 1.049537
1893 1894 0.7243860000000001
1894 1895 4.9611790000000004
1895 1896 69.855723
1895 1897 68.711051
1894 1898 44.397554
1893 1899 48.469452000000004
1892 1900 43.434779
1891 1901 2.759185
1901 1902 40.470022
1901 1903 69.21705299999999
1888 1904 0.45269000000000004
1904 1905 47.416881
1904 1906 41.074637
1881 1907 36.492661
1880 1908 4.712963
1908 1909 56.817478
1908 1910 1.8809490000000002
1910 1911 44.148889000000004
1910 1912 0.51854
1912 1913 65.47506800000001
1912 1914 59.329259
1865 1915 34.00971
1864 1916 0.24014100000000002
1916 1917 0.110702
1917 1918 33.389536
1917 1919 37.633821
1916 1920 1.542228
1920 1921 2.693933
1921 1922 38.518968
1921 1923 40.719561999999996
1920 1924 44.667519
1863 1925 34.023685
100 1926 33.358628
99 1927 1
1927 1928 2.3388679999999997
1928 1929 37.040367
1928 1930 0.946895
1930 1931 35.385677
1930 1932 44.983081000000006
1927 1933 33.897012
98 1934 0.493778
1934 1935 38.692684
1934 1936 31.146234
97 1937 0.11760200000000001
1937 1938 37.294388
1937 1939 36.499437
96 1940 34.696262
95 1941 0.095317
1941 1942 2.341679
1942 1943 33.700889000000004
1942 1944 36.474759
1941 1945 38.022093
94 1946 33.507575
93 1947 33.109559
92 1948 36.582741
91 1949 38.137284
90 1950 36.351546
45 1951 6.853009
1951 1952 1
1952 1953 2.669672
1953 1954 2.607167
1954 1955 3.5512170000000003
1955 1956 53.734874
1955 1957 64.767871
1954 1958 45.336379
1953 1959 43.339581
1952 1960 44.232258
1951 1961 0.619037
1961 1962 0.153775
1962 1963 59.425551
1962 1964 62.757363
1961 1965 3.936228
1965 1966 2.333829
1966 1967 2.386932
1967 1968 73.083568
1967 1969 61.565171
1966 1970 48.474697
1965 1971 55.51342700000001
44 1972 0.141536
1972 1973 37.359968
1972 1974 38.571471
43 1975 1
1975 1976 0.318014
1976 1977 0.541729
1977 1978 1.388953
1978 1979 38.659909
1978 1980 48.393294
1977 1981 18.354488
1981 1982 30.175863000000003
1981 1983 32.270801999999996
1976 1984 45.776347
1975 1985 41.063826
6 1986 47.120213
5 1987 46.771468
4 1988 1
1988 1989 0.997982
1989 1990 47.439152
1989 1991 1.830668
1991 1992 51.69159
1991 1993 70.779564
1988 1994 53.272078
3 1995 73.00986999999999
2 1996 52.493734999999994
1 1997 55.329508000000004
1 1998 65.707888
