1 2 0.49823100000000003
2 3 0.058540999999999996
3 4 0.238121
4 5 0.229737
5 6 0.22526
6 7 4.205997999999999
6 8 0.066279
8 9 0.291619
9 10 0.21233900000000003
10 11 1.195824
11 12 1.15442
11 13 1.28111
10 14 0.7979679999999999
14 15 1.118968
14 16 1.459829
9 17 2.527632
8 18 0.15934199999999998
18 19 0.091202
19 20 0.585232
20 21 0.522977
21 22 2.3222739999999997
21 23 2.596542
20 24 2.246842
19 25 0.067675
25 26 3.0438650000000003
25 27 0.107997
27 28 3.830344
27 29 0.21693400000000002
29 30 0.251011
30 31 3.2827200000000003
30 32 4.0238700000000005
29 33 2.9724850000000003
18 34 0.066281
34 35 0.177078
35 36 3.731502
35 37 0.18207099999999998
37 38 0.134357
38 39 0.128658
39 40 0.146175
40 41 0.181566
41 42 0.108252
42 43 5.07037
42 44 0.708045
44 45 4.603390999999999
44 46 4.374641
41 47 0.036507
47 48 5.167653
47 49 0.31229
49 50 4.573719
49 51 0.130197
51 52 5.284912
51 53 5.269051999999999
40 54 0.109082
54 55 0.30924
55 56 0.156054
56 57 0.292739
57 58 5.625864
57 59 0.044752
59 60 0.164876
60 61 0.064679
61 62 0.27846
62 63 0.26506799999999997
63 64 6.318591
63 65 5.6202820000000004
62 66 7.3996889999999995
61 67 0.177083
67 68 0.135548
68 69 0.07711699999999999
69 70 0.267718
70 71 0.21529299999999998
71 72 5.391699
71 73 5.73533
70 74 0.21450599999999997
74 75 5.795848
74 76 5.092403999999999
69 77 0.162081
77 78 6.174759
77 79 0.224477
79 80 7.53713
79 81 6.3119629999999995
68 82 0.148976
82 83 6.629823
82 84 0.17533500000000002
84 85 0.412781
85 86 6.60414
85 87 0.15326199999999998
87 88 7.7652719999999995
87 89 5.940554
84 90 6.607277
67 91 0.136808
91 92 6.5317620000000005
91 93 0.488295
93 94 6.441779
93 95 6.117916
60 96 0.079054
96 97 5.883754
96 98 0.25712
98 99 0.038295
99 100 0.071642
100 101 0.262954
101 102 5.542371
101 103 5.918947
100 104 0.166845
104 105 0.08113200000000001
105 106 6.454683999999999
105 107 6.439299
104 108 6.700148
99 109 0.19847499999999998
109 110 2.766753
110 111 3.981466
110 112 4.3279890000000005
109 113 0.110515
113 114 7.250011000000001
113 115 6.40806
98 116 0.091515
116 117 0.093463
117 118 0.151925
118 119 0.134266
119 120 7.399057000000001
119 121 0.228299
121 122 0.07942
122 123 0.08774399999999999
123 124 0.133711
124 125 0.103921
125 126 0.087312
126 127 0.06806
127 128 0.077279
128 129 0.050447000000000006
129 130 0.069506
130 131 0.082997
131 132 0.08877499999999999
132 133 0.160461
133 134 0.17992
134 135 8.340498
134 136 7.562081
133 137 0.38120699999999996
137 138 7.115704000000001
137 139 7.736254
132 140 0.11413300000000001
140 141 0.226034
141 142 0.20219299999999998
142 143 7.438852999999999
142 144 8.129438
141 145 7.868485
140 146 0.376879
146 147 9.308998
146 148 7.835224
131 149 0.202235
149 150 8.371997
149 151 8.342426
130 152 9.000992
129 153 0.22075799999999998
153 154 8.218288999999999
153 155 0.138922
155 156 8.337876
155 157 8.185524
128 158 0.140407
158 159 0.140415
159 160 0.130313
160 161 0.826207
161 162 7.837752000000001
161 163 9.92729
160 164 8.53387
159 165 0.039309000000000004
165 166 0.124324
166 167 0.27665799999999996
167 168 0.638512
168 169 0.9746950000000001
169 170 8.387214
169 171 8.183942
168 172 9.650902
167 173 0.144309
173 174 0.099559
174 175 0.09728300000000001
175 176 0.307384
176 177 0.10101800000000001
177 178 0.305625
178 179 10.940357
178 180 10.263081
177 181 11.012426999999999
176 182 11.014073
175 183 0.130269
183 184 0.037131000000000004
184 185 0.09207
185 186 0.21925
186 187 0.028038
187 188 0.176599
188 189 9.065327
188 190 0.118651
190 191 0.20637099999999997
191 192 0.281974
192 193 9.504239
192 194 9.645714
191 195 0.007543
195 196 8.431754
195 197 0.21199
197 198 8.273844
197 199 3.091963
199 200 7.088011
199 201 5.08964
190 202 1.565059
202 203 8.200823
202 204 4.406626999999999
204 205 4.3313999999999995
204 206 3.978055
187 207 4.1740010000000005
207 208 5.521123
207 209 5.701417999999999
186 210 0.133106
210 211 0.400806
211 212 0.18590600000000002
212 213 10.309361
212 214 0.752004
214 215 3.3726279999999997
215 216 5.092581
215 217 4.506273
214 218 7.217153
218 219 2.999701
218 220 3.1130020000000003
211 221 9.460702999999999
210 222 0.031453
222 223 0.25486200000000003
223 224 9.723279
223 225 0.46542900000000004
225 226 0.47191500000000003
226 227 0.38454900000000003
227 228 9.088291
227 229 10.109417
226 230 0.595931
230 231 1.051191
231 232 9.569213
231 233 3.706814
233 234 4.469543
233 235 1.6909159999999999
235 236 4.3727849999999995
235 237 4.844024999999999
230 238 9.771397
225 239 6.38846
239 240 2.602782
239 241 3.175633
222 242 0.23533099999999998
242 243 2.946273
243 244 6.179556
243 245 4.1833860000000005
245 246 2.291547
245 247 2.913801
242 248 11.058025
185 249 0.367925
249 250 3.6435809999999997
250 251 6.927395
250 252 6.6351640000000005
249 253 9.704077999999999
184 254 0.21633
254 255 9.236622
254 256 9.579042
183 257 0.09457
257 258 10.919822
257 259 10.379127
174 260 0.061357999999999996
260 261 0.9242190000000001
261 262 9.911167
261 263 3.627515
263 264 5.170452
263 265 7.675775
260 266 4.496029
266 267 6.298463
266 268 5.926943
173 269 0.5326080000000001
269 270 2.082928
270 271 7.632882
270 272 8.365208
269 273 1.00924
273 274 8.895419
273 275 9.490446
166 276 0.191336
276 277 0.14130099999999998
277 278 0.107627
278 279 0.11316
279 280 0.054619
280 281 9.728848
280 282 0.084906
282 283 11.357519
282 284 0.461965
284 285 10.756031
284 286 10.304141
279 287 0.088648
287 288 0.204652
288 289 10.146146
288 290 10.627493000000001
287 291 10.564212000000001
278 292 0.121963
292 293 9.976588999999999
292 294 0.069148
294 295 0.042988
295 296 0.072698
296 297 0.141554
297 298 0.232103
298 299 0.43468100000000004
299 300 1.533391
300 301 0.49724399999999996
301 302 1.204178
302 303 6.774925
302 304 0.37049
304 305 3.784535
305 306 1.0376750000000001
305 307 1.063567
304 308 1.384997
308 309 7.263831
308 310 7.062816
301 311 7.385841
300 312 1.69727
312 313 6.594754999999999
313 314 1.66586
313 315 1.581513
312 316 9.928645
299 317 9.7037
298 318 2.493141
318 319 3.652618
319 320 4.904545
319 321 4.025732
318 322 7.880333
297 323 0.104375
323 324 0.129294
324 325 0.23072299999999998
325 326 0.24337899999999998
326 327 9.464252
326 328 0.098785
328 329 9.343892
328 330 0.231084
330 331 8.68762
330 332 8.599867999999999
325 333 9.445017
324 334 0.307132
334 335 0.295376
335 336 9.091576
335 337 9.342044
334 338 1.021631
338 339 12.620866
338 340 1.7818919999999998
340 341 0.49352500000000005
341 342 0.697576
342 343 5.775360999999999
343 344 0.093912
344 345 0.406133
344 346 0.5489769999999999
343 347 0.550787
342 348 5.590446
341 349 0.254549
349 350 6.550474
349 351 7.632906999999999
340 352 8.826257
323 353 11.145922
296 354 0.016023
354 355 0.175019
355 356 0.312915
356 357 0.154784
357 358 0.562719
358 359 0.369212
359 360 0.386623
360 361 9.419384
360 362 9.444035000000001
359 363 0.187142
363 364 1.102805
364 365 8.282964
364 366 9.864123
363 367 0.420623
367 368 1.322316
368 369 0.553569
369 370 0.029498000000000003
370 371 0.44879100000000005
371 372 0.8104129999999999
372 373 1.2817230000000002
373 374 12.291763999999999
373 375 13.448446
372 376 1.259765
376 377 1.3939160000000002
377 378 6.424809
377 379 0.9832620000000001
379 380 2.036847
380 381 2.64923
380 382 2.890407
379 383 1.6045090000000002
383 384 6.255090000000001
383 385 4.537651
376 386 8.061672
371 387 0.944415
387 388 1.0625930000000001
388 389 8.499844
388 390 6.208848
387 391 1.3609980000000002
391 392 2.587299
392 393 5.409472
392 394 5.001225
391 395 7.656254
370 396 0.276349
396 397 0.23553900000000003
397 398 0.107818
398 399 0.341614
399 400 0.8516819999999999
400 401 0.8554910000000001
401 402 8.632232
401 403 1.109888
403 404 6.609568
403 405 7.3350349999999995
400 406 8.253869
399 407 0.699998
407 408 3.999764
408 409 1.407605
409 410 2.542401
410 411 3.001389
410 412 3.3023360000000004
409 413 5.193989
408 414 4.299176
407 415 0.662365
415 416 7.875201
415 417 9.603309
398 418 0.611071
418 419 0.600946
419 420 2.0117510000000003
420 421 1.921589
421 422 5.245962
421 423 2.824716
420 424 5.28949
419 425 0.8147770000000001
425 426 8.758521
425 427 3.41913
427 428 3.352744
427 429 3.5718020000000004
418 430 0.7332230000000001
430 431 5.456655
431 432 7.652001
431 433 7.343223
430 434 0.942581
434 435 1.9205670000000001
435 436 6.763073
435 437 3.838646
434 438 7.415632
397 439 3.6588969999999996
439 440 1.441336
440 441 0.978126
441 442 1.197532
441 443 4.962926
440 444 4.274978
439 445 4.671367
396 446 1.8463960000000001
446 447 1.450747
447 448 6.240646
447 449 5.698227
446 450 2.3577529999999998
450 451 5.969382
450 452 5.253159
369 453 0.8782119999999999
453 454 3.7643290000000005
454 455 6.391376
454 456 1.9897120000000001
456 457 2.134301
456 458 5.315555000000001
453 459 0.9298860000000001
459 460 0.6261789999999999
460 461 1.340811
461 462 7.586675
461 463 5.474451999999999
463 464 1.010759
463 465 1.663548
460 466 1.470793
466 467 7.557785
466 468 4.381088
468 469 2.16941
468 470 2.462873
459 471 5.5163709999999995
471 472 4.515897
471 473 2.40865
473 474 2.906134
473 475 2.442482
368 476 1.073218
476 477 1.401562
477 478 8.690125
477 479 8.454096999999999
476 480 13.187741
367 481 1.803681
481 482 10.067577
481 483 3.089061
483 484 5.776172
483 485 4.873303
358 486 10.970697999999999
357 487 0.10128699999999999
487 488 0.023487
488 489 0.059164999999999995
489 490 0.36013999999999996
490 491 12.951708
490 492 1.207796
492 493 0.9208869999999999
493 494 10.535284
493 495 8.948957
492 496 10.253898
489 497 0.25769600000000004
497 498 11.092267
497 499 13.358545
488 500 0.019184
500 501 0.448057
501 502 10.581296
501 503 10.001321
500 504 0.304092
504 505 10.910018
504 506 10.388931
487 507 0.54193
507 508 1.717807
508 509 9.123308
508 510 0.762079
510 511 7.857177
510 512 12.009107
507 513 2.0608459999999997
513 514 7.621156
513 515 7.994890000000001
356 516 0.09146
516 517 0.11663599999999999
517 518 0.060525
518 519 0.24863799999999997
519 520 2.047738
520 521 10.073506
520 522 2.927927
522 523 6.57568
522 524 1.5188760000000001
524 525 4.162289
524 526 4.338188
519 527 0.172892
527 528 11.276139
527 529 11.837519
518 530 11.934982
517 531 0.20586100000000002
531 532 11.576053
531 533 11.728627
516 534 0.128795
534 535 0.13383
535 536 0.07638099999999999
536 537 0.14218
537 538 0.190107
538 539 0.05585
539 540 0.181468
540 541 0.175019
541 542 0.075863
542 543 0.20957599999999998
543 544 0.5973649999999999
544 545 14.954555
544 546 15.08365
543 547 13.490505
542 548 0.079941
548 549 0.194129
549 550 15.313483999999999
549 551 0.290623
551 552 0.695267
552 553 13.790182000000001
552 554 17.203132
551 555 15.732623
548 556 0.086434
556 557 13.3101
556 558 0.276337
558 559 14.027171999999998
558 560 14.100813
541 561 0.24126299999999998
561 562 13.034618
561 563 14.615812
540 564 0.214029
564 565 0.223844
565 566 14.07998
565 567 1.329748
567 568 0.7801859999999999
568 569 0.963342
569 570 0.971583
570 571 10.254284
570 572 9.612001000000001
569 573 0.9386369999999999
573 574 10.91911
573 575 2.106201
575 576 6.955654
575 577 2.11789
577 578 11.281196
577 579 6.961401
568 580 13.745349000000001
567 581 3.349918
581 582 10.061164999999999
581 583 9.757364
564 584 0.08526099999999999
584 585 0.289429
585 586 14.042805
585 587 17.475819
584 588 14.538651
539 589 0.362609
589 590 13.080222
589 591 0.434582
591 592 13.789151
591 593 14.243323
538 594 0.187445
594 595 0.155521
595 596 1.0058610000000001
596 597 2.386924
597 598 11.262303
597 599 9.750113
596 600 12.703812000000001
595 601 0.06007
601 602 0.129107
602 603 0.1083
603 604 0.26933399999999996
604 605 0.252624
605 606 0.08971
606 607 0.40578200000000003
607 608 0.289638
608 609 15.496045
608 610 17.120956
607 611 0.14935400000000001
611 612 0.151613
612 613 0.223879
613 614 0.170897
614 615 0.442093
615 616 0.232183
616 617 0.145327
617 618 0.366506
618 619 0.409178
619 620 18.253114
619 621 0.681939
621 622 18.28143
621 623 17.964989
618 624 0.160903
624 625 17.542326
624 626 0.9390489999999999
626 627 15.908997
626 628 17.042292
617 629 1.689965
629 630 3.7072830000000003
630 631 13.970983
630 632 1.8360850000000002
632 633 11.339533
632 634 10.914525999999999
629 635 2.369603
635 636 19.424398
635 637 13.192603
616 638 0.062539
638 639 0.479528
639 640 19.008097
639 641 19.673851
638 642 0.280408
642 643 0.375409
643 644 0.38823
644 645 22.409308
644 646 3.169727
646 647 2.258385
647 648 3.176193
648 649 1.410882
649 650 11.029422
649 651 8.216042
648 652 10.551869
647 653 16.582641000000002
646 654 20.449352
643 655 20.521214
642 656 0.146539
656 657 0.39417
657 658 0.18726199999999998
658 659 0.446286
659 660 0.55826
660 661 0.716031
661 662 23.289103
661 663 24.466389
660 664 1.038984
664 665 25.440189000000004
664 666 4.4666879999999995
666 667 22.080157
666 668 9.62949
668 669 8.777035
668 670 9.799851
659 671 0.429682
671 672 1.445718
672 673 20.536848
672 674 24.162292
671 675 1.252467
675 676 23.761718000000002
675 677 25.617461000000002
658 678 0.532701
678 679 11.244331
679 680 4.723022
680 681 1.407095
681 682 5.836532
681 683 5.505397
683 684 3.042694
683 685 4.216141
680 686 6.997871
679 687 6.9246550000000004
687 688 0.5993240000000001
688 689 3.096195
689 690 1.093958
689 691 1.102794
688 692 2.225558
692 693 2.2455719999999997
693 694 0.430871
694 695 0.103624
694 696 0.23066499999999998
693 697 0.571994
692 698 3.56866
698 699 0.688181
698 700 0.601217
687 701 4.649303
678 702 3.83717
702 703 18.991464
702 704 19.451707
657 705 0.221621
705 706 11.41633
706 707 9.04476
706 708 9.770903
705 709 0.43300200000000005
709 710 1.8271510000000002
710 711 23.879214
710 712 22.491369
709 713 3.2707479999999998
713 714 17.413667999999998
713 715 18.976017
656 716 0.22616099999999997
716 717 2.212198
717 718 18.141589
717 719 2.273884
719 720 16.625453
719 721 15.896037
716 722 21.247687000000003
615 723 1.364125
723 724 0.870163
724 725 16.750143
724 726 18.159122
723 727 0.165534
727 728 16.813091999999997
727 729 6.766182
729 730 12.745239
729 731 6.786757000000001
731 732 6.699626
731 733 8.582132000000001
614 734 0.163561
734 735 0.371775
735 736 0.781742
736 737 17.835817000000002
736 738 0.693313
738 739 1.144728
739 740 4.275589
740 741 15.523365
741 742 1.3502969999999999
741 743 1.467277
740 744 18.717323
739 745 21.26166
738 746 23.586647
735 747 2.745822
747 748 17.643411
747 749 5.8045350000000004
749 750 10.846052
749 751 12.840672
734 752 1.963021
752 753 5.105284999999999
753 754 11.570374999999999
753 755 12.689414
752 756 6.224705
756 757 10.500729999999999
756 758 1.462021
758 759 8.700808
758 760 10.735677
613 761 0.11197399999999999
761 762 0.345684
762 763 0.347134
763 764 0.24712599999999998
764 765 0.06866799999999999
765 766 0.112594
766 767 0.22480299999999998
767 768 14.28979
767 769 14.697794
766 770 0.085039
770 771 15.243077999999999
770 772 0.040307
772 773 0.186219
773 774 0.13155
774 775 0.10872799999999999
775 776 0.21977300000000002
776 777 0.505386
777 778 3.480583
778 779 17.28087
778 780 15.718175
777 781 0.27717800000000004
781 782 17.864229
781 783 0.223163
783 784 0.207324
784 785 18.986726
784 786 17.355203
783 787 2.037184
787 788 15.585761000000002
787 789 17.556551000000002
776 790 0.21072600000000002
790 791 0.174563
791 792 0.305276
792 793 0.23312
793 794 0.208077
794 795 0.282735
795 796 0.169747
796 797 0.547909
797 798 18.06672
797 799 22.000137
796 800 0.560914
800 801 0.191785
801 802 0.42945
802 803 0.12551299999999999
803 804 17.862897999999998
803 805 18.81332
802 806 18.761784000000002
801 807 17.980292000000002
800 808 20.056544000000002
795 809 18.831716
794 810 0.4599
810 811 0.404065
811 812 18.723042
811 813 26.310387000000002
810 814 0.479412
814 815 24.800428999999998
814 816 18.466046
793 817 0.681835
817 818 17.801541
817 819 24.891868
792 820 0.384857
820 821 0.464837
821 822 21.172606
821 823 18.942007
820 824 17.753883000000002
791 825 0.137226
825 826 0.348227
826 827 17.00464
826 828 0.36641999999999997
828 829 0.237958
829 830 16.497220000000002
829 831 23.569638
828 832 18.291172
825 833 0.202454
833 834 0.18822699999999998
834 835 17.883471
834 836 17.551104000000002
833 837 1.136988
837 838 16.06931
837 839 17.168513
790 840 0.38278
840 841 0.9143490000000001
841 842 16.220077999999997
841 843 1.124119
843 844 17.872495
843 845 1.590853
845 846 1.563825
846 847 12.148889
846 848 1.7121419999999998
848 849 11.796734
848 850 5.777286999999999
850 851 11.632032
850 852 10.860805
845 853 14.004465999999999
840 854 0.219097
854 855 15.611187000000001
854 856 14.856817
775 857 0.774279
857 858 18.278614
857 859 15.914318
774 860 0.05924
860 861 16.4192
860 862 0.695174
862 863 0.44032200000000005
863 864 2.28093
864 865 14.782836999999999
864 866 14.921079
863 867 4.882394000000001
867 868 11.387262
867 869 11.248841
862 870 15.724912
773 871 0.147667
871 872 0.214905
872 873 0.14661
873 874 15.69553
873 875 15.441051
872 876 14.156160000000002
871 877 0.907349
877 878 6.095141
878 879 11.064110000000001
878 880 7.751554
877 881 13.723388
772 882 0.074546
882 883 0.354867
883 884 0.350546
884 885 15.182915
884 886 15.810399
883 887 0.497114
887 888 1.060267
888 889 15.128785
888 890 13.524510000000001
887 891 7.97746
891 892 8.612832
891 893 8.006079000000001
882 894 0.258096
894 895 0.179017
895 896 0.17044
896 897 0.385068
897 898 0.24091300000000002
898 899 14.812304000000001
898 900 13.984257999999999
897 901 14.443901
896 902 0.28630700000000003
902 903 1.482161
903 904 0.5064489999999999
904 905 16.333243
904 906 0.7871009999999999
906 907 13.876187000000002
906 908 1.6682249999999998
908 909 15.084544999999999
908 910 13.759772
903 911 1.045604
911 912 13.120572999999998
911 913 15.962522000000002
902 914 0.161299
914 915 0.6645329999999999
915 916 1.130493
916 917 3.7434469999999997
917 918 15.251629999999999
917 919 10.822869
916 920 14.164863
915 921 15.273518
914 922 15.130595999999999
895 923 0.361959
923 924 1.8011929999999998
924 925 18.507215
924 926 17.643692
923 927 14.937106
894 928 0.428747
928 929 17.141565
928 930 16.621568
765 931 0.24119200000000002
931 932 14.108161999999998
931 933 6.999764999999999
933 934 8.044754
933 935 8.430891
764 936 0.790907
936 937 16.484892000000002
936 938 16.466397
763 939 9.33509
939 940 5.120735
939 941 5.003429000000001
762 942 0.24288
942 943 0.265428
943 944 0.858823
944 945 18.421687000000002
945 946 0.618676
945 947 0.6229669999999999
944 948 29.906871000000002
943 949 4.412189
949 950 11.761244999999999
949 951 12.832834000000002
942 952 10.852648
952 953 4.596502999999999
953 954 1.592775
953 955 1.559087
952 956 5.527660999999999
761 957 2.583118
957 958 3.345408
958 959 11.240440999999999
958 960 8.912377000000001
957 961 7.507028
961 962 14.60133
961 963 10.088258999999999
612 964 0.147546
964 965 1.315149
965 966 4.403420000000001
966 967 1.519227
967 968 3.420945
968 969 8.464716
968 970 8.583995
967 971 9.353649
966 972 1.7997800000000002
972 973 1.479479
973 974 0.860851
974 975 8.314088
974 976 6.681137
973 977 7.317277
977 978 1.469184
977 979 1.252879
972 980 3.594543
980 981 5.247008
980 982 6.357576
965 983 1.3858139999999999
983 984 15.367425
983 985 3.794466
985 986 9.585043
986 987 0.533669
986 988 0.564708
985 989 13.695760000000002
964 990 3.5161770000000003
990 991 13.292221000000001
990 992 13.450854000000001
611 993 0.094484
993 994 3.6820070000000005
994 995 12.708359
994 996 3.170342
996 997 8.624801999999999
996 998 10.95495
993 999 0.448843
999 1000 18.235165000000002
999 1001 18.059009
606 1002 0.6149169999999999
1002 1003 17.823128999999998
1002 1004 1.398457
1004 1005 14.301898
1004 1006 16.309372
605 1007 1.137549
1007 1008 1.248583
1008 1009 12.901250000000001
1008 1010 15.178980000000001
1007 1011 14.630118
604 1012 14.963315
603 1013 1.959828
1013 1014 13.941273
1013 1015 5.877256
1015 1016 7.302668
1015 1017 8.217866
602 1018 0.07519999999999999
1018 1019 0.311571
1019 1020 1.845071
1020 1021 12.962907000000001
1020 1022 13.875680000000001
1019 1023 14.77384
1018 1024 0.25851
1024 1025 0.712515
1025 1026 12.93871
1025 1027 0.5805710000000001
1027 1028 0.264676
1028 1029 12.543420999999999
1028 1030 0.46995
1030 1031 10.646525
1030 1032 11.798556
1027 1033 0.371069
1033 1034 12.107951
1033 1035 1.1441979999999998
1035 1036 11.496268
1035 1037 12.190456
1024 1038 13.175379000000001
601 1039 3.67889
1039 1040 10.46196
1039 1041 9.786369
594 1042 0.570342
1042 1043 12.394475
1042 1044 0.47563
1044 1045 15.00541
1044 1046 11.976443
537 1047 12.802306
536 1048 0.083055
1048 1049 0.5291060000000001
1049 1050 12.747812999999999
1049 1051 12.22831
1048 1052 0.184242
1052 1053 12.601176
1052 1054 4.877333999999999
1054 1055 2.249434
1055 1056 6.432095
1055 1057 4.503912000000001
1054 1058 8.61494
535 1059 0.06438
1059 1060 0.123535
1060 1061 0.589188
1061 1062 13.796365999999999
1061 1063 8.672593
1063 1064 4.946568
1063 1065 4.795553
1060 1066 0.983759
1066 1067 12.081435
1066 1068 0.621526
1068 1069 10.818494
1068 1070 12.199653000000001
1059 1071 0.174937
1071 1072 12.853319999999998
1071 1073 0.130204
1073 1074 13.810211
1073 1075 0.37317
1075 1076 12.714813999999999
1075 1077 0.608968
1077 1078 14.39147
1077 1079 12.542627000000001
534 1080 0.0788
1080 1081 0.154589
1081 1082 0.140877
1082 1083 3.739792
1083 1084 9.52187
1083 1085 9.102771
1082 1086 1.298413
1086 1087 12.528526000000001
1086 1088 12.30433
1081 1089 0.142672
1089 1090 0.255988
1090 1091 11.481561
1090 1092 11.775363
1089 1093 12.327584
1080 1094 0.857231
1094 1095 1.407736
1095 1096 10.292266
1095 1097 11.67526
1094 1098 0.430851
1098 1099 10.589318
1098 1100 11.330453
355 1101 0.137648
1101 1102 0.028452
1102 1103 0.085127
1103 1104 0.093818
1104 1105 0.14518
1105 1106 0.25063799999999997
1106 1107 11.2763
1106 1108 11.455314
1105 1109 0.035895
1109 1110 0.12478
1110 1111 0.187803
1111 1112 10.799354999999998
1111 1113 11.311438
1110 1114 12.753936
1109 1115 0.10802800000000001
1115 1116 11.423442999999999
1115 1117 11.308171
1104 1118 0.133145
1118 1119 0.8019989999999999
1119 1120 10.430029000000001
1119 1121 11.489742
1118 1122 12.45015
1103 1123 0.188307
1123 1124 0.115741
1124 1125 0.155142
1125 1126 0.16547800000000001
1126 1127 0.052523
1127 1128 0.49361
1128 1129 13.052757000000001
1129 1130 2.185248
1129 1131 2.017235
1128 1132 12.377042000000001
1127 1133 0.880853
1133 1134 10.875561000000001
1133 1135 0.955862
1135 1136 9.116140999999999
1135 1137 3.085388
1137 1138 12.562464
1137 1139 8.545463999999999
1126 1140 11.351339000000001
1125 1141 0.048448000000000005
1141 1142 0.117728
1142 1143 0.244678
1143 1144 0.10085999999999999
1144 1145 0.107303
1145 1146 4.799131999999999
1146 1147 7.705420999999999
1146 1148 7.194293
1145 1149 12.822645
1144 1150 0.084465
1150 1151 0.046488999999999996
1151 1152 0.334137
1152 1153 13.169183
1152 1154 13.717159
1151 1155 1.373122
1155 1156 3.170194
1156 1157 10.962999
1156 1158 8.42573
1155 1159 10.702777
1150 1160 0.11692499999999999
1160 1161 0.470765
1161 1162 14.510724
1161 1163 13.951549
1163 1164 0.095127
1163 1165 0.095895
1160 1166 0.070962
1166 1167 0.331413
1167 1168 1.387032
1168 1169 12.048248000000001
1168 1170 11.781743
1167 1171 1.597686
1171 1172 14.107891
1171 1173 12.014363
1166 1174 2.5010850000000002
1174 1175 4.186781
1175 1176 8.667313
1175 1177 7.378532
1174 1178 12.026209
1143 1179 0.272696
1179 1180 2.281865
1180 1181 11.319367
1180 1182 3.699735
1182 1183 8.23215
1182 1184 7.622673000000001
1179 1185 2.517562
1185 1186 4.0229
1186 1187 5.87482
1186 1188 5.490987
1185 1189 1.9584750000000002
1189 1190 9.407055999999999
1189 1191 7.116344
1142 1192 0.20896399999999998
1192 1193 0.101704
1193 1194 0.238191
1194 1195 0.154731
1195 1196 14.909391
1195 1197 3.5719840000000005
1197 1198 10.61776
1197 1199 9.630568
1194 1200 0.346702
1200 1201 14.021367000000001
1200 1202 12.673953
1193 1203 0.180789
1203 1204 0.479137
1204 1205 0.338086
1205 1206 16.147097
1205 1207 15.037239999999999
1204 1208 0.19916299999999998
1208 1209 20.927995
1208 1210 15.509445999999999
1203 1211 0.096914
1211 1212 0.083155
1212 1213 2.880602
1213 1214 10.431467
1213 1215 10.67646
1212 1216 2.336686
1216 1217 9.635602
1216 1218 9.371084
1211 1219 0.448125
1219 1220 13.901456000000001
1219 1221 14.178773999999999
1192 1222 0.148919
1222 1223 2.39753
1223 1224 3.555537
1224 1225 7.657737000000001
1224 1226 8.244842
1223 1227 4.0017700000000005
1227 1228 6.864808999999999
1228 1229 0.295522
1228 1230 0.277544
1227 1231 7.772249
1231 1232 0.18961
1231 1233 0.144678
1222 1234 1.424401
1234 1235 1.873811
1235 1236 9.397456
1235 1237 8.988408
1234 1238 3.606132
1238 1239 7.373694
1238 1240 7.573775
1141 1241 0.532118
1241 1242 3.5191220000000003
1242 1243 9.589727
1242 1244 7.029185
1241 1245 11.547736
1124 1246 1.4380769999999998
1246 1247 10.599147
1246 1248 1.912792
1248 1249 8.494446
1248 1250 9.366107999999999
1123 1251 0.376977
1251 1252 11.57404
1251 1253 11.826151
1102 1254 0.213918
1254 1255 0.407241
1255 1256 11.832310999999999
1255 1257 13.191567000000001
1254 1258 0.5239910000000001
1258 1259 11.603761
1258 1260 12.847051
1101 1261 0.201454
1261 1262 0.15943100000000002
1262 1263 0.487178
1263 1264 10.368008
1263 1265 11.360741
1262 1266 11.809861000000001
1261 1267 0.061905
1267 1268 1.532664
1268 1269 1.185286
1269 1270 1.1271959999999999
1270 1271 3.098219
1271 1272 5.835714
1271 1273 4.957027
1270 1274 2.781676
1274 1275 6.913695000000001
1275 1276 3.255988
1275 1277 2.856715
1274 1278 9.179906
1269 1279 0.6647540000000001
1279 1280 0.602445
1280 1281 1.5734890000000001
1281 1282 1.868668
1282 1283 6.824432
1282 1284 5.066686
1281 1285 6.846709
1280 1286 9.171497
1279 1287 9.008348
1268 1288 12.913964
1267 1289 11.771716999999999
354 1290 10.836801
295 1291 3.7514369999999997
1291 1292 6.823388
1291 1293 6.691416
294 1294 10.354968000000001
277 1295 0.097271
1295 1296 0.217057
1296 1297 9.355084
1296 1298 9.938134999999999
1295 1299 0.141109
1299 1300 9.885176
1299 1301 0.334499
1301 1302 9.850337000000001
1301 1303 9.920436
276 1304 0.059097000000000004
1304 1305 1.7159119999999999
1305 1306 8.004809
1305 1307 0.925468
1307 1308 8.188359
1307 1309 7.093398
1304 1310 0.089842
1310 1311 0.07471
1311 1312 9.899449
1311 1313 9.537036
1310 1314 10.598643000000001
165 1315 0.147887
1315 1316 8.835884
1315 1317 8.881404
158 1318 0.178399
1318 1319 0.139868
1319 1320 8.98217
1319 1321 0.16300699999999999
1321 1322 8.659946999999999
1321 1323 8.388764
1318 1324 0.188451
1324 1325 8.817772
1324 1326 0.243832
1326 1327 7.862011000000001
1326 1328 1.593576
1328 1329 7.084631
1328 1330 6.716706
127 1331 1.154481
1331 1332 7.425064000000001
1331 1333 8.143226
126 1334 0.12982200000000002
1334 1335 0.119119
1335 1336 0.104618
1336 1337 1.11635
1337 1338 1.121046
1338 1339 6.4190499999999995
1338 1340 9.053729
1337 1341 1.708467
1341 1342 6.755331000000001
1341 1343 6.854984
1336 1344 0.151518
1344 1345 0.27812000000000003
1345 1346 2.111222
1346 1347 2.160034
1347 1348 1.173254
1348 1349 1.2154369999999999
1349 1350 2.245719
1350 1351 5.943735
1350 1352 3.4163409999999996
1349 1353 5.6339369999999995
1348 1354 5.5180880000000005
1347 1355 7.249621
1346 1356 0.8042600000000001
1356 1357 2.141365
1357 1358 1.463618
1358 1359 0.30381800000000003
1359 1360 0.79337
1360 1361 0.780942
1361 1362 0.5811580000000001
1362 1363 0.537148
1362 1364 0.132176
1364 1365 0.353694
1365 1366 0.469638
1366 1367 0.195438
1367 1368 0.12037700000000001
1368 1369 0.18391200000000002
1369 1370 0.081045
1369 1371 0.014465999999999998
1368 1372 0.150377
1372 1373 0.104667
1373 1374 0.047754
1373 1375 1e-06
1375 1376 1
1375 1377 1
1377 1378 1
1377 1379 1
1379 1380 1
1379 1381 1
1381 1382 1
1381 1383 1
1372 1384 0.086355
1384 1385 1
1384 1386 1
1386 1387 1
1386 1388 1
1367 1389 0.560138
1389 1390 0.059029000000000005
1390 1391 0.013427999999999999
1390 1392 0.034327
1389 1393 0.131993
1366 1394 0.649237
1394 1395 0.049268
1395 1396 4.7e-05
1396 1397 1
1396 1398 1
1398 1399 1
1398 1400 1
1395 1401 0.047708
1394 1402 0.093999
1402 1403 1
1402 1404 1
1365 1405 0.670525
1405 1406 1.041436
1406 1407 0.024132999999999998
1406 1408 0.023623
1405 1409 0.319595
1409 1410 0.744313
1409 1411 1.0703960000000001
1364 1412 0.761844
1361 1413 0.141516
1413 1414 0.22485
1413 1415 0.586994
1360 1416 0.551175
1359 1417 0.368525
1417 1418 0.88883
1417 1419 0.9258789999999999
1419 1420 0.402512
1419 1421 0.361575
1358 1422 0.9653409999999999
1422 1423 1.8250700000000002
1422 1424 0.061272
1424 1425 1.47411
1424 1426 1.534486
1357 1427 1.464881
1427 1428 2.058316
1427 1429 3.194788
1356 1430 1.08947
1430 1431 5.243964
1431 1432 0.488007
1432 1433 0.157764
1433 1434 0.293261
1433 1435 0.42307100000000003
1432 1436 0.558568
1431 1437 0.520828
1437 1438 0.626177
1437 1439 0.854243
1430 1440 2.999828
1440 1441 6.079539
1441 1442 0.022392000000000002
1441 1443 0.025364
1440 1444 3.2447209999999997
1444 1445 3.820423
1445 1446 0.129253
1445 1447 0.109524
1444 1448 4.703932
1345 1449 8.136842
1344 1450 1.020519
1450 1451 7.803769000000001
1450 1452 8.719631
1335 1453 0.194046
1453 1454 0.37358600000000003
1454 1455 0.389106
1455 1456 0.402886
1456 1457 0.246902
1457 1458 4.006839
1458 1459 6.606090000000001
1458 1460 1.416832
1460 1461 3.8783890000000003
1460 1462 5.577199
1457 1463 0.7687109999999999
1463 1464 6.296801
1463 1465 2.0604109999999998
1465 1466 3.34793
1465 1467 5.057036
1456 1468 1.3499219999999998
1468 1469 5.741923
1468 1470 1.469156
1470 1471 3.759545
1470 1472 5.648287
1455 1473 0.591025
1473 1474 6.789148000000001
1473 1475 6.534635
1454 1476 8.010637
1453 1477 0.31391600000000003
1477 1478 0.33497499999999997
1478 1479 0.750479
1479 1480 8.94489
1479 1481 1.8956069999999998
1481 1482 5.665398
1481 1483 7.037563
1478 1484 0.47922499999999996
1484 1485 10.489957
1484 1486 0.36024
1486 1487 0.5146719999999999
1487 1488 11.43395
1487 1489 0.6481899999999999
1489 1490 15.849425
1489 1491 10.893650000000001
1486 1492 0.910531
1492 1493 13.879833999999999
1492 1494 1.401924
1494 1495 2.396504
1495 1496 9.20318
1495 1497 10.185549
1494 1498 13.649341000000002
1477 1499 0.171525
1499 1500 0.492114
1500 1501 7.782094000000001
1500 1502 1.554105
1502 1503 1.9290100000000001
1503 1504 7.582677
1503 1505 4.069662999999999
1505 1506 0.8318819999999999
1505 1507 1.2693599999999998
1502 1508 6.8818779999999995
1499 1509 0.374072
1509 1510 0.076996
1510 1511 0.0436
1511 1512 0.277613
1512 1513 2.7615250000000002
1513 1514 6.99631
1513 1515 6.375228
1512 1516 3.452658
1516 1517 6.702126999999999
1516 1518 3.2071379999999996
1518 1519 3.4663939999999998
1518 1520 3.314885
1511 1521 0.32362100000000005
1521 1522 1.430508
1522 1523 9.703875
1522 1524 10.783231
1521 1525 0.43643299999999996
1525 1526 1.863675
1526 1527 1.6196450000000002
1527 1528 6.98096
1527 1529 7.345686999999999
1526 1530 10.056572
1525 1531 1.8866230000000002
1531 1532 1.250705
1532 1533 6.463839
1532 1534 3.755837
1534 1535 3.3878569999999995
1534 1536 3.345667
1531 1537 0.877399
1537 1538 2.780995
1538 1539 5.658765000000001
1538 1540 6.041331
1537 1541 8.823589
1510 1542 1.887979
1542 1543 7.737343000000001
1542 1544 7.544414000000001
1509 1545 9.600019999999999
1334 1546 0.058794
1546 1547 0.202466
1547 1548 0.432703
1548 1549 3.3386480000000005
1549 1550 0.31908800000000004
1550 1551 0.382418
1551 1552 0.912036
1552 1553 3.524901
1552 1554 4.163734
1551 1555 4.436579
1550 1556 5.587018
1549 1557 1.71649
1557 1558 0.485586
1558 1559 0.419942
1559 1560 3.6956290000000003
1559 1561 2.894629
1558 1562 2.922942
1557 1563 1.3171840000000001
1563 1564 2.318485
1563 1565 2.361553
1548 1566 0.30270800000000003
1566 1567 7.413169999999999
1566 1568 8.441653
1547 1569 0.08757
1569 1570 0.168152
1570 1571 2.427224
1571 1572 6.156765
1571 1573 5.782108
1570 1574 1.7394429999999999
1574 1575 5.73471
1574 1576 6.681717
1569 1577 0.121366
1577 1578 8.063938
1577 1579 1.248383
1579 1580 7.193268999999999
1579 1581 7.181134
1546 1582 0.19328900000000002
1582 1583 0.533786
1583 1584 1.5028329999999999
1584 1585 6.857785
1584 1586 6.943553
1583 1587 2.711589
1587 1588 6.606875
1587 1589 2.13238
1589 1590 3.0808999999999997
1589 1591 2.936292
1582 1592 0.316858
1592 1593 8.751916999999999
1592 1594 8.535571000000001
125 1595 0.092404
1595 1596 0.08265399999999999
1596 1597 0.075626
1597 1598 8.400605
1597 1599 0.10696099999999999
1599 1600 0.096475
1600 1601 0.364079
1601 1602 7.927632
1601 1603 7.640658
1600 1604 0.146308
1604 1605 0.028558
1605 1606 0.24368800000000002
1606 1607 8.039539
1606 1608 7.910794999999999
1605 1609 7.922501
1604 1610 7.683954
1599 1611 0.09977
1611 1612 8.142128999999999
1611 1613 0.215082
1613 1614 8.437973999999999
1613 1615 8.610736
1596 1616 0.24541799999999997
1616 1617 7.918891
1616 1618 0.104032
1618 1619 7.964743
1618 1620 8.033347000000001
1595 1621 0.149702
1621 1622 0.147366
1622 1623 0.31011099999999997
1623 1624 0.293142
1624 1625 7.508983
1624 1626 7.486241000000001
1623 1627 8.255091
1622 1628 7.8322
1621 1629 0.205509
1629 1630 0.211021
1630 1631 7.830101000000001
1630 1632 6.925124
1632 1633 1.359442
1633 1634 0.40369200000000005
1634 1635 0.19286699999999998
1635 1636 0.562073
1636 1637 0.247438
1637 1638 2.196236
1638 1639 0.19711199999999998
1638 1640 0.375954
1637 1641 0.23034000000000002
1641 1642 0.19167299999999998
1642 1643 0.26088700000000004
1642 1644 0.09131
1644 1645 0.21386399999999997
1645 1646 0.334555
1646 1647 0.289829
1646 1648 0.092214
1645 1649 0.262389
1644 1650 0.526346
1641 1651 0.8649169999999999
1636 1652 0.924064
1635 1653 0.288572
1653 1654 2.0409859999999997
1653 1655 0.466177
1655 1656 1.125145
1655 1657 0.928342
1634 1658 0.599623
1658 1659 0.350917
1659 1660 0.594871
1660 1661 0.117161
1661 1662 0.46492
1661 1663 0.9199900000000001
1660 1664 0.432027
1659 1665 0.694527
1658 1666 1.6130280000000001
1633 1667 0.690161
1667 1668 0.6365390000000001
1668 1669 1.37624
1668 1670 1.154801
1667 1671 1.954197
1671 1672 0.39143700000000003
1671 1673 0.372651
1632 1674 1.143799
1674 1675 0.40840800000000005
1675 1676 0.34647300000000003
1676 1677 0.732734
1677 1678 0.618899
1678 1679 0.818796
1678 1680 1.091424
1677 1681 0.15862
1681 1682 0.076386
1682 1683 0.030402000000000002
1683 1684 0.038336
1684 1685 0.239128
1684 1686 0.047405
1686 1687 0.283936
1686 1688 0.432396
1683 1689 0.027327
1689 1690 0.12040200000000001
1690 1691 0.169184
1690 1692 0.356126
1689 1693 0.524297
1682 1694 0.10689499999999999
1694 1695 0.269631
1694 1696 0.303434
1681 1697 1.6263960000000002
1676 1698 0.145683
1698 1699 0.60551
1699 1700 0.165731
1700 1701 0.041332
1701 1702 0.088173
1702 1703 0.070732
1703 1704 0.200899
1703 1705 0.2289
1702 1706 0.33519
1701 1707 0.21029899999999999
1707 1708 0.097336
1708 1709 0.046571999999999995
1708 1710 0.096694
1707 1711 0.284708
1700 1712 0.07292699999999999
1712 1713 0.07603
1713 1714 0.138017
1714 1715 0.161846
1714 1716 1.46184
1713 1717 0.088821
1717 1718 0.582641
1717 1719 0.324713
1712 1720 0.09820300000000001
1720 1721 0.206581
1721 1722 0.064495
1722 1723 0.42207800000000006
1722 1724 0.091294
1724 1725 0.12853299999999998
1725 1726 0.269317
1725 1727 0.303749
1724 1728 0.205755
1728 1729 0.249927
1728 1730 0.800694
1721 1731 0.5145409999999999
1720 1732 0.41722499999999996
1699 1733 0.145239
1733 1734 0.192432
1734 1735 0.21980699999999997
1734 1736 0.353259
1733 1737 0.082162
1737 1738 0.169428
1737 1739 0.069349
1739 1740 0.026524
1739 1741 0.26000900000000005
1698 1742 1.006168
1675 1743 0.5768770000000001
1743 1744 0.318785
1744 1745 0.920931
1745 1746 0.567134
1745 1747 0.8655299999999999
1744 1748 0.21624700000000002
1748 1749 0.20655600000000002
1749 1750 0.33862800000000004
1749 1751 0.329949
1751 1752 0.16295700000000002
1751 1753 0.028065000000000003
1753 1754 0.024097
1753 1755 0.071414
1755 1756 0.053584
1755 1757 0.28070399999999995
1748 1758 0.24115199999999998
1758 1759 0.147402
1759 1760 0.132374
1759 1761 0.345181
1758 1762 0.127193
1762 1763 0.702039
1762 1764 0.444093
1743 1765 1.060528
1765 1766 0.37454099999999996
1765 1767 0.103014
1767 1768 0.21977199999999997
1767 1769 0.25778300000000004
1674 1770 2.555516
1629 1771 6.951530999999999
1771 1772 0.7441490000000001
1771 1773 0.831782
124 1774 8.225075
123 1775 0.09556500000000001
1775 1776 0.10578499999999999
1776 1777 8.444398999999999
1776 1778 0.223223
1778 1779 7.391604999999999
1778 1780 8.033419
1775 1781 7.093355
122 1782 7.894349
121 1783 6.8947140000000005
118 1784 0.267997
1784 1785 0.08176499999999999
1785 1786 9.098574
1785 1787 0.35701299999999997
1787 1788 7.345844
1787 1789 6.407736999999999
1784 1790 7.463603000000001
117 1791 0.187568
1791 1792 0.185334
1792 1793 7.637285
1792 1794 6.259563
1791 1795 6.572068000000001
116 1796 0.182232
1796 1797 6.601634000000001
1796 1798 0.472148
1798 1799 0.389598
1799 1800 6.084477
1799 1801 5.9499070000000005
1798 1802 0.625206
1802 1803 5.870749
1802 1804 5.304036
59 1805 5.843303
56 1806 0.145125
1806 1807 0.162129
1807 1808 0.11787099999999999
1808 1809 0.751402
1809 1810 0.55723
1810 1811 0.47938499999999995
1811 1812 0.68405
1812 1813 0.544843
1813 1814 0.778589
1814 1815 1.595018
1815 1816 0.039548
1815 1817 0.008208
1814 1818 2.464198
1813 1819 0.46715799999999996
1819 1820 3.99686
1819 1821 0.178387
1821 1822 0.6642600000000001
1822 1823 0.808218
1823 1824 0.25223
1824 1825 2.199451
1824 1826 2.3373209999999998
1823 1827 0.553644
1827 1828 1.057639
1828 1829 1.081426
1829 1830 1.773261
1829 1831 1.9994230000000002
1828 1832 1.8316590000000001
1827 1833 2.846372
1822 1834 2.170531
1821 1835 0.658716
1835 1836 2.455212
1835 1837 2.463604
1812 1838 1.2990599999999999
1838 1839 1.7109429999999999
1839 1840 0.121413
1839 1841 0.069609
1838 1842 1.273775
1842 1843 0.025626000000000003
1842 1844 0.022129
1811 1845 0.465434
1845 1846 0.5067269999999999
1846 1847 0.403816
1847 1848 0.735804
1848 1849 1.515881
1848 1850 1.01516
1847 1851 2.201159
1846 1852 2.658505
1852 1853 1.410866
1852 1854 1.979773
1854 1855 1
1854 1856 1
1845 1857 3.161492
1810 1858 0.44636800000000004
1858 1859 0.604191
1859 1860 2.745357
1860 1861 1.6361150000000002
1860 1862 1.706769
1859 1863 3.916534
1858 1864 1.015019
1864 1865 3.7978280000000004
1864 1866 1.6462979999999998
1866 1867 3.5960449999999997
1866 1868 2.755436
1868 1869 1.8304859999999998
1868 1870 3.4703739999999996
1809 1871 5.583829
1808 1872 2.175379
1872 1873 0.631241
1873 1874 4.331298
1873 1875 0.769772
1875 1876 2.366075
1876 1877 0.356083
1877 1878 0.23323799999999997
1878 1879 0.749216
1878 1880 0.5401819999999999
1877 1881 0.45921599999999996
1876 1882 1.0765820000000001
1875 1883 0.188471
1883 1884 1.812383
1884 1885 0.387312
1885 1886 0.167023
1886 1887 0.385394
1886 1888 0.617472
1885 1889 0.28665399999999996
1889 1890 0.185631
1889 1891 0.196413
1884 1892 0.890147
1883 1893 2.897503
1872 1894 2.551215
1894 1895 2.1574679999999997
1894 1896 1.6629720000000001
1807 1897 0.08468
1897 1898 0.214029
1898 1899 6.6721390000000005
1898 1900 6.030822000000001
1897 1901 0.144138
1901 1902 6.250554
1901 1903 1.241088
1903 1904 1.186105
1904 1905 0.91448
1905 1906 4.928897
1905 1907 4.932613
1907 1908 0.182923
1907 1909 0.24687599999999998
1904 1910 3.1984619999999997
1910 1911 1.31524
1910 1912 1.311312
1903 1913 6.296583999999999
1806 1914 5.164172000000001
55 1915 0.890319
1915 1916 4.583049
1915 1917 4.4427389999999995
54 1918 0.41244200000000003
1918 1919 5.623571
1918 1920 5.216925
39 1921 0.1586
1921 1922 0.222469
1922 1923 3.723932
1922 1924 0.38304
1924 1925 3.565389
1924 1926 4.218756
1921 1927 4.3262410000000004
38 1928 3.9898160000000003
37 1929 0.415485
1929 1930 3.207633
1929 1931 3.573647
34 1932 0.132524
1932 1933 3.13818
1932 1934 2.926768
5 1935 1.4489049999999999
1935 1936 2.755146
1935 1937 3.166535
4 1938 0.072631
1938 1939 3.8164459999999996
1938 1940 3.585655
3 1941 0.172396
1941 1942 0.104737
1942 1943 0.169368
1943 1944 0.12520599999999998
1944 1945 0.08321300000000001
1945 1946 0.169855
1946 1947 0.087413
1947 1948 0.12344700000000002
1948 1949 2.4858919999999998
1948 1950 1.0957700000000001
1947 1951 5.344557
1946 1952 0.47371399999999997
1945 1953 0.898674
1944 1954 0.088688
1954 1955 0.06615399999999999
1955 1956 0.17429399999999998
1956 1957 0.167798
1957 1958 2.488588
1957 1959 0.8662349999999999
1959 1960 0.328544
1960 1961 0.443949
1960 1962 0.797693
1959 1963 0.9608540000000001
1956 1964 0.187383
1964 1965 1.858376
1964 1966 0.19511
1966 1967 1.3786390000000002
1966 1968 2.3940449999999998
1955 1969 0.062991
1969 1970 0.163973
1970 1971 2.487986
1970 1972 1.618986
1969 1973 1.555224
1954 1974 0.204895
1974 1975 0.21337499999999998
1975 1976 2.074902
1975 1977 1.8410490000000002
1974 1978 0.079128
1978 1979 1.9363849999999998
1978 1980 0.075315
1980 1981 0.650172
1981 1982 5.380458
1981 1983 4.982484
1980 1984 0.292999
1984 1985 2.105975
1984 1986 1.571198
1943 1987 1.444383
1942 1988 2.859375
1941 1989 0.133295
1989 1990 3.455431
1990 1991 1
1990 1992 1
1989 1993 1.988695
2 1994 2.605876
1 1995 0.15721000000000002
1995 1996 5.3397559999999995
1995 1997 4.115831
1 1998 3.042408
