21657 7
13473 12
43462 13
40169 15
34230 16
28078 17
19759 22
10077 23
37946 24
32125 26
8056 28
8837 31
32323 32
9413 33
3155 36
14597 43
22520 45
24448 46
34760 48
954 50
7458 52
8161 53
19459 58
9455 64
11378 65
12542 66
8643 72
39412 73
24651 75
28745 76
15733 78
24469 80
43498 81
24786 83
36552 86
4102 88
31532 89
14278 90
5551 92
14006 94
22233 95
11726 97
15634 102
12848 103
29148 106
8599 107
26844 108
25826 111
42478 112
30603 114
212 115
21342 120
12905 135
10280 136
33794 138
7673 139
9875 143
31768 144
17098 145
27145 147
3749 148
9377 150
12457 151
31476 152
14282 154
26339 156
24668 157
34624 162
20542 163
39400 164
7999 170
12400 171
2807 172
23268 179
33802 180
15361 181
7349 182
3470 189
36551 193
33481 194
4964 196
25516 198
26508 200
37564 201
7935 203
25450 205
20668 206
44154 208
16160 209
19622 213
34358 216
32548 217
25434 219
33277 220
18288 221
18067 224
8090 228
3383 229
40576 232
30541 234
4065 236
30894 237
14009 238
36432 240
34887 241
4949 244
4056 246
35258 247
21047 248
26685 251
7537 252
36677 253
23483 255
39462 256
43708 258
43030 259
36582 262
8748 264
38194 265
10332 267
36051 268
21592 271
39203 272
37502 274
16792 275
38482 281
37319 283
44247 285
12300 286
9722 289
34108 290
2134 291
13608 293
16810 303
44071 306
2330 307
42691 309
26261 310
20217 311
21346 314
33382 315
25692 316
20557 317
50 320
21279 321
15069 322
31177 327
18755 329
1145 331
16200 332
12434 333
23084 336
25955 337
3344 339
5430 345
39738 346
20612 347
26812 348
35940 350
20076 351
39414 352
21642 353
5094 361
25585 362
13319 365
23422 366
10665 374
25262 375
7264 378
22497 381
3769 382
39216 384
16519 385
31631 386
22732 389
40157 390
29732 393
8437 394
32404 395
1506 402
26409 404
22701 405
8792 406
36784 411
1578 412
27864 413
1218 414
28308 416
14486 417
1668 422
30282 423
4700 424
9342 426
27623 428
18455 429
14684 432
5816 433
19975 436
8362 437
34733 438
15458 442
7025 443
27998 444
27526 445
18980 448
30741 449
10746 451
40720 452
40218 455
7634 457
1787 458
2486 462
2271 464
30659 465
187 467
29261 469
7791 470
17967 472
31379 474
37125 475
21099 478
20999 479
35009 480
33048 482
14124 484
44014 485
11003 486
4131 491
1166 494
31525 495
14973 496
12108 498
32239 499
6863 502
39176 503
32609 505
23846 506
27686 509
35326 511
570 512
14615 514
39303 515
33561 521
32678 523
20355 525
7247 526
19535 528
32429 529
18628 530
1604 532
18550 533
24478 545
34131 546
42888 547
1566 550
26251 553
40781 554
35688 555
3403 557
19651 559
2711 560
32762 562
15400 563
29340 566
38215 571
9844 572
42015 574
10577 576
22131 578
41057 579
10166 580
20809 582
10727 583
40783 586
9196 587
43501 588
3952 590
41456 592
5599 593
22464 598
17391 599
13919 600
5435 609
16549 610
42070 620
22166 622
41025 623
35767 625
1235 627
42731 628
20506 631
12714 633
34971 634
42743 636
11534 637
15334 640
17453 641
4172 645
5036 650
25357 651
5063 652
43442 653
38146 654
24333 655
42858 662
43327 663
2337 665
829 667
6860 669
7542 670
30765 673
2107 674
18656 676
23036 677
11829 682
13054 684
30157 685
23319 686
31907 690
7623 691
16203 695
22995 696
9940 697
8153 699
37787 700
29236 701
8787 703
18994 704
32022 707
29301 708
14320 711
28273 712
38409 714
22461 715
39628 718
40841 720
28605 721
26376 722
40883 725
9069 726
30742 728
15009 730
37666 732
14487 733
30589 737
35855 742
13637 743
35243 744
32490 745
4819 746
34922 748
24418 750
6740 751
14961 754
30671 755
37821 757
41043 759
41684 760
19183 768
29472 769
3881 771
8311 779
30456 780
10029 782
11557 785
262 786
18622 788
17933 789
271 798
19362 799
19637 804
7038 805
30078 806
18490 807
5309 808
5446 809
15028 812
379 813
18686 815
6061 816
21987 818
35685 819
29983 822
40530 823
35228 824
8663 827
654 830
41809 831
24934 832
34143 835
28769 836
37375 838
20810 839
15342 842
10048 844
26671 847
32453 849
17152 851
16980 852
31856 853
16031 855
14557 856
37775 858
20173 859
794 861
38932 865
11551 866
7670 868
7167 869
16566 870
24577 874
28732 875
41363 876
11379 879
6085 880
14112 881
34988 885
35984 886
3633 889
6125 890
37668 892
36447 893
9000 899
18428 900
40749 901
11813 905
22421 907
2594 909
38029 910
42959 912
7277 913
33805 918
8194 919
8858 920
28226 921
6553 922
36969 925
28568 926
17196 927
10129 929
35637 930
7654 932
40832 934
30952 935
29034 937
23573 938
41086 940
21200 941
33018 946
2379 947
23779 948
41956 950
42526 951
34469 954
10521 955
41201 956
33076 959
37794 960
12291 962
24780 963
22997 969
3468 970
34817 971
3014 975
40634 976
11707 978
24679 979
26734 981
42367 982
28182 984
20456 987
27761 988
4682 989
15802 991
7229 992
43031 995
3850 997
40487 998
37031 1000
322 1001
22011 1003
23955 1005
42875 1006
30067 1009
42812 1010
42605 1011
25494 1012
36569 1014
12444 1016
16966 1017
17440 1021
43805 1022
40588 1023
3745 1026
34743 1029
13945 1031
23547 1032
31999 1034
34652 1036
33328 1037
14521 1038
22049 1040
27756 1041
35964 1043
38735 1045
5372 1046
31146 1047
10030 1050
23367 1051
20919 1053
13103 1056
4620 1057
9638 1058
41366 1062
21007 1064
26253 1065
41910 1067
24628 1069
24362 1070
29470 1072
36916 1074
42621 1076
2194 1078
8261 1079
7796 1084
34279 1085
39741 1087
8156 1088
31009 1091
27302 1092
18143 1093
38755 1096
43428 1097
23394 1099
38137 1100
8569 1107
34042 1108
38470 1112
27114 1113
43221 1114
5049 1116
43066 1117
5805 1120
23725 1121
22331 1122
7981 1130
11833 1131
21976 1132
15410 1134
194 1136
29676 1138
35629 1139
11708 1140
9034 1147
17005 1148
4991 1149
38933 1153
2793 1154
34640 1157
43835 1158
33712 1159
2794 1162
17831 1164
38627 1165
33323 1169
12763 1170
36900 1172
23219 1173
2574 1176
13435 1177
22883 1178
31615 1181
10581 1183
11078 1184
15963 1187
20030 1188
31750 1190
7647 1191
3015 1196
24260 1198
1973 1199
20660 1201
34661 1202
44427 1206
11451 1207
5348 1209
26964 1210
32430 1214
13653 1215
33994 1217
15383 1218
27021 1220
12922 1221
23061 1225
31346 1226
23517 1229
12429 1230
25607 1232
31712 1233
84 1236
33034 1237
8030 1239
13114 1240
26976 1243
10655 1244
29738 1245
411 1247
29017 1249
14275 1250
14091 1252
39356 1253
35305 1256
40047 1257
33747 1259
15562 1260
5161 1264
8096 1265
1694 1266
23715 1272
38566 1273
6184 1276
29824 1277
4947 1278
30871 1283
37822 1284
33510 1285
32789 1286
41642 1287
26050 1288
30717 1289
41185 1290
26715 1292
30782 1293
41863 1294
42688 1297
19927 1298
33661 1300
20303 1302
11529 1303
7210 1306
10250 1308
10779 1309
22549 1312
39984 1313
11024 1314
24 1316
5444 1317
30915 1320
11609 1322
34599 1323
38233 1325
33161 1327
41117 1329
2177 1330
12583 1332
28559 1333
23714 1339
30055 1340
41044 1342
40695 1343
23995 1351
17957 1352
12700 1353
33673 1354
4467 1355
659 1363
16095 1370
4013 1371
18132 1374
3299 1376
6576 1378
17482 1380
39701 1382
29119 1383
31133 1385
38963 1387
11413 1388
14371 1391
23042 1392
5745 1393
42357 1397
35999 1399
4484 1400
6492 1401
37016 1403
7083 1404
5886 1407
19228 1408
22846 1410
10955 1411
17655 1412
39535 1414
17917 1415
10846 1416
23829 1418
16532 1420
40457 1421
23235 1423
36250 1425
37614 1426
14844 1428
8124 1429
23607 1434
15075 1435
43114 1436
9945 1438
34210 1439
13904 1442
32962 1443
21410 1446
38148 1447
3230 1448
36171 1449
43659 1451
3395 1452
16623 1459
37415 1461
22546 1462
11662 1464
15656 1466
18575 1467
20628 1469
5996 1471
6895 1472
43248 1474
41282 1475
44333 1476
2924 1480
14800 1482
18242 1483
30177 1485
23820 1488
32090 1490
40113 1491
22996 1493
17200 1496
39276 1497
36520 1498
27613 1501
11591 1504
39974 1506
3372 1507
38227 1508
34479 1514
33299 1515
31677 1517
41302 1519
27912 1520
33983 1523
28684 1524
14953 1528
35832 1529
17612 1530
43121 1533
23008 1535
11710 1536
16897 1539
21453 1540
32350 1541
10470 1543
36654 1544
31557 1545
23005 1553
27081 1554
16950 1555
25383 1556
22518 1560
4293 1561
4820 1562
2788 1564
43737 1565
32577 1567
34189 1568
7224 1572
36825 1573
21621 1575
21541 1576
24718 1578
23296 1580
9366 1581
42895 1585
5211 1586
42584 1588
4833 1590
29186 1591
11664 1593
2657 1594
41665 1598
25273 1602
2396 1603
41215 1607
30028 1608
32173 1609
4872 1610
7187 1612
36853 1614
13371 1615
8280 1617
34993 1619
33850 1620
19658 1625
20033 1626
30663 1627
26366 1628
11215 1631
40658 1639
15528 1640
24822 1643
43595 1647
9809 1648
23168 1649
1665 1650
23160 1651
4923 1652
39908 1654
9926 1656
7283 1657
28460 1662
18486 1663
28512 1664
3016 1665
23746 1666
33262 1669
26295 1670
17293 1672
29593 1673
15022 1679
18277 1680
40081 1685
27250 1687
30652 1688
1765 1691
43717 1692
34079 1693
683 1695
2400 1696
17620 1697
22749 1704
23713 1705
39250 1706
43326 1709
5013 1710
32473 1711
35034 1715
25976 1716
42484 1718
24897 1719
26184 1723
29754 1726
17909 1727
24829 1729
12651 1730
28116 1731
24942 1732
35249 1735
30323 1736
17809 1738
16323 1740
41430 1741
18004 1742
22999 1746
10568 1747
1400 1750
27141 1752
12346 1754
11017 1756
3512 1757
21617 1760
27949 1761
36132 1763
38780 1764
33259 1766
27525 1768
18744 1769
9767 1770
17819 1772
5070 1773
39981 1774
38711 1777
18238 1779
32186 1780
15841 1781
6155 1782
1165 1783
12985 1786
34191 1788
43111 1789
37209 1790
28917 1793
36245 1794
34511 1795
35192 1797
13578 1800
9389 1801
25847 1803
16489 1804
40564 1805
17712 1816
23311 1817
38358 1818
33787 1820
6202 1825
38533 1826
5443 1830
13818 1831
23003 1832
20241 1833
16275 1834
43790 1836
10009 1837
23345 1840
8018 1841
40295 1843
15531 1844
30112 1849
22084 1850
34302 1851
13394 1853
13623 1855
25870 1856
11112 1857
19863 1861
21304 1862
11266 1863
11272 1865
25896 1867
19776 1869
38960 1870
12190 1871
1842 1874
8602 1879
22761 1880
28556 1881
43115 1882
35951 1887
35770 1888
30853 1890
5047 1891
30838 1892
25706 1893
43019 1895
41542 1896
8184 1899
21176 1900
38928 1902
21438 1906
43455 1908
3730 1909
34512 1911
10279 1912
27509 1913
8001 1914
10826 1916
22251 1917
37643 1919
16981 1920
27461 1923
24420 1925
15946 1926
32750 1927
26962 1928
7405 1930
11735 1931
12122 1933
9406 1934
34608 1936
6784 1937
37610 1939
12553 1940
16641 1949
3281 1950
36846 1951
7838 1952
30333 1953
21379 1958
33955 1961
41090 1962
12203 1963
16381 1965
42529 1967
39969 1968
19717 1971
24664 1972
1721 1973
15280 1976
9770 1977
39719 1979
33155 1982
22756 1983
2495 1985
29614 1986
5138 1987
42184 1988
44021 1991
42232 1992
43293 1993
18572 1994
8166 1996
21321 1997
12726 1998
