1 2 0.526544
2 3 999.660216
2 4 0.35134
4 5 709.026176
5 6 290.572544
5 7 291.07262299999996
4 8 0.127753
8 9 0.080194
9 10 0.003625
10 11 0.006899000000000001
11 12 0.0017710000000000002
12 13 0.003154
13 14 0.0015440000000000002
14 15 0.000258
15 16 999.9997510000001
15 17 0.000249
17 18 6.1e-05
18 19 1
19 20 1e-06
20 21 1000.0
20 22 1000.0
19 23 1
23 24 1e-06
24 25 1000.0
24 26 1
26 27 1
27 28 1
28 29 1000.0
28 30 1000.0
27 31 1
31 32 1
32 33 1000.0
32 34 1000.0
31 35 1000.0
26 36 1000.0
23 37 883.0940509999999
37 38 116.90594899999999
37 39 116.90594800000001
18 40 1e-06
40 41 1000.0
40 42 1
42 43 1
43 44 1000.0
43 45 1
45 46 1000.0
45 47 1000.0
42 48 1000.0
17 49 999.9999389999999
14 50 999.999742
13 51 0.00186
51 52 0.019273000000000002
52 53 999.982121
52 54 0.025375
54 55 0.07381700000000001
55 56 0.144291
56 57 0.212423
57 58 0.362624
58 59 2.194388
59 60 3.452206
60 61 996.547816
60 62 4.701683999999999
62 63 995.298273
62 64 5.0544579999999995
64 65 37.914274
65 66 69.00254799999999
66 67 351.988188
67 68 540.30207
68 69 8.153036
68 70 86.86833
67 71 1
66 72 930.9974520000001
65 73 962.085754
64 74 994.9455009999999
59 75 997.805638
58 76 999.637214
57 77 999.7896029999999
56 78 999.851648
55 79 999.9278419999999
54 80 544.338937
80 81 415.971489
81 82 1
81 83 23.96836
83 84 40.685649
84 85 1
84 86 106.62335700000001
86 87 54.636101000000004
86 88 120.356043
88 89 245.34112000000002
89 90 69.810153
90 91 24.10448
91 92 1.4354419999999999
91 93 0.396044
90 94 1.8535409999999999
89 95 15.589971
95 96 54.602472999999996
95 97 20.136123
88 98 43.234528
83 99 1
80 100 455.685715
51 101 0.033031
101 102 0.05919700000000001
102 103 0.095856
103 104 0.137792
104 105 0.74503
105 106 1.337537
106 107 2.572379
107 108 6.522728
108 109 30.755685
109 110 181.69704900000002
110 111 280.095791
111 112 658.186121
111 113 434.933984
110 114 438.055215
114 115 276.407576
114 116 140.191577
116 117 15.289205
116 118 61.18736
109 119 936.0865779999999
108 120 138.731413
120 121 876.667222
120 122 832.8242660000001
107 123 997.427723
106 124 76.282049
124 125 926.255876
124 126 918.5049879999999
105 127 276.486025
127 128 724.410093
127 129 721.1265530000001
104 130 999.862055
103 131 999.904306
102 132 999.9405019999999
101 133 999.968079
12 134 0.002491
134 135 0.013035999999999999
135 136 0.042105000000000004
136 137 0.068256
137 138 0.196513
138 139 0.258129
139 140 0.537338
140 141 0.7860630000000001
141 142 999.21401
141 143 1.678355
143 144 1.90234
144 145 2.3422080000000003
145 146 13.361373000000002
146 147 22.859484
147 148 52.30984600000001
148 149 947.6903719999999
148 150 160.437049
150 151 1
150 152 839.562952
147 153 977.140071
146 154 986.6386229999999
145 155 997.657773
144 156 998.097744
143 157 520.816422
157 158 477.44103000000007
157 159 477.56906299999997
140 160 912.7748690000001
160 161 86.016854
160 162 87.358763
139 163 999.7760059999999
138 164 849.024295
164 165 150.93463300000002
164 166 150.52568399999998
137 167 813.8514499999999
167 168 186.106123
167 169 186.037444
136 170 0.141365
170 171 0.46733399999999997
171 172 1.060066
172 173 1.519715
173 174 3.2609190000000003
174 175 7.831109
175 176 12.767667
176 177 24.800388
177 178 51.297758
178 179 116.233608
179 180 1
179 181 883.766419
178 182 948.7020259999999
177 183 975.1996240000001
176 184 987.232256
175 185 992.171617
174 186 996.733575
173 187 998.4804499999999
172 188 461.984746
188 189 534.78407
188 190 539.12583
171 191 795.760381
191 192 145.26941200000002
192 193 10.287313
192 194 106.059652
191 195 103.403267
195 196 187.23568
195 197 14.244117000000001
170 198 190.333077
198 199 392.939855
199 200 380.807318
199 201 452.41228099999995
198 202 92.118112
202 203 709.616262
202 204 354.10425299999997
204 205 590.449657
204 206 151.34320400000001
135 207 72.088049
207 208 927.924722
207 209 927.875422
134 210 0.007679999999999999
210 211 0.024248
211 212 0.079051
212 213 0.137429
213 214 0.41718
214 215 999.583975
214 216 0.449825
216 217 999.54961
216 218 0.559078
218 219 1.904668
219 220 998.0953380000001
219 221 2.630284
221 222 5.642118
222 223 8.967592
223 224 11.817644
224 225 89.431652
225 226 201.507959
226 227 1
226 228 456.39666200000005
228 229 170.469402
228 230 281.995532
225 231 586.817316
231 232 302.064823
231 233 345.43726399999997
224 234 988.182325
223 235 991.032422
222 236 994.357884
221 237 997.369651
218 238 999.441266
213 239 402.45698799999997
239 240 597.768546
239 241 597.038114
212 242 2.5985
242 243 997.211929
242 244 36.315594000000004
244 245 39.025175000000004
245 246 154.339349
246 247 256.981022
247 248 438.090581
248 249 1
248 250 119.767658
247 251 281.567105
246 252 803.5439419999999
245 253 58.940895000000005
253 254 793.717976
254 255 1
254 256 223.99118800000002
253 257 219.624088
257 258 597.953705
257 259 490.786399
259 260 66.112436
259 261 629.542882
244 262 963.817244
211 263 29.487271999999997
263 264 61.615343
264 265 938.3875919999999
264 266 558.35459
266 267 259.427659
266 268 252.692996
268 269 122.966576
269 270 103.763246
270 271 134.282228
271 272 238.59218699999997
271 273 84.55519299999999
273 274 42.147454
273 275 405.168528
270 276 48.623919
269 277 1
268 278 1.917812
263 279 779.8441849999999
279 280 70.812715
280 281 75.59363099999999
281 282 2.199029
281 283 1.159784
280 284 55.256123
284 285 21.136028
284 286 75.04869199999999
279 287 220.104853
210 288 326.732866
288 289 673.280167
288 290 512.39288
290 291 1
290 292 487.60712
11 293 0.004633
293 294 0.007418
294 295 0.008873
295 296 0.032046
296 297 0.118477
297 298 1.01719
298 299 999.0580140000001
298 300 7.045904999999999
300 301 992.949399
300 302 183.31377600000002
302 303 220.25465400000002
303 304 573.293884
303 305 348.470098
305 306 294.598087
306 307 85.433305
306 308 89.96225
305 309 81.190513
302 310 145.93097500000002
310 311 684.235578
310 312 96.755298
312 313 724.947301
312 314 395.917983
297 315 0.8545179999999999
315 316 4.62479
316 317 21.639084
317 318 59.18925900000001
318 319 850.5514079999999
319 320 100.06718500000001
320 321 12.652366
320 322 1
319 323 76.212726
318 324 73.557335
324 325 662.303302
324 326 926.442492
317 327 788.82425
327 328 160.496086
327 329 218.575717
316 330 995.380823
315 331 753.492097
331 332 246.77555199999998
331 333 133.650105
333 334 168.34254900000002
333 335 53.479447
296 336 0.695175
336 337 1.893522
337 338 5.207821
338 339 6.296533999999999
339 340 41.392767
340 341 958.613957
340 342 151.21227399999998
342 343 362.495032
343 344 17.159336
343 345 610.623105
342 346 516.582618
346 347 405.345265
346 348 191.89979
339 349 927.7346729999999
349 350 84.512954
349 351 12.745038000000001
351 352 52.54420400000001
351 353 16.768606
338 354 994.789041
337 355 998.1056860000001
336 356 999.339518
295 357 1.04222
357 358 2.799736
358 359 70.161411
359 360 114.55558400000001
360 361 206.982796
361 362 97.32013900000001
362 363 191.75894499999998
363 364 538.25499
364 365 1
364 366 5.347081
366 367 109.540379
366 368 125.249278
363 369 206.410399
369 370 52.882703
369 371 57.938863
362 372 462.394251
361 373 722.1010220000001
360 374 438.98338900000005
374 375 188.242103
374 376 411.76787399999995
359 377 922.0280640000001
358 378 5.041397
378 379 87.15767
379 380 745.6931810000001
380 381 179.718931
381 382 85.002825
382 383 1.417496
382 384 1.760696
384 385 0.071022
384 386 0.718314
381 387 85.948575
380 388 68.23221000000001
379 389 889.289913
378 390 697.960374
390 391 161.118634
391 392 173.546199
391 393 116.12075200000001
390 394 132.71062899999998
394 395 36.951816
395 396 13.987332
396 397 69.321546
397 398 26.125846000000003
398 399 5.671348
399 400 11.275148
399 401 50.307221
398 402 29.070375
397 403 31.635617999999997
403 404 47.713149
403 405 70.891588
405 406 41.814395
405 407 7.9708760000000005
396 408 24.513878
408 409 6.089897
409 410 21.441108
410 411 54.802704000000006
410 412 67.15360799999999
409 413 81.710469
408 414 44.524634
395 415 122.395456
415 416 7.200634
415 417 24.321893
394 418 42.454794
418 419 52.033229000000006
418 420 146.260176
357 421 998.9746379999999
294 422 0.025480000000000003
422 423 999.982983
422 424 0.216696
424 425 0.49882
425 426 0.663608
426 427 0.7836080000000001
427 428 1.919831
428 429 3.666191
429 430 7.610259
430 431 29.659191
431 432 169.904488
432 433 277.010098
433 434 300.97029399999997
433 435 70.166646
432 436 374.765857
436 437 97.053933
436 438 808.992588
431 439 970.3407350000001
430 440 992.3896879999999
429 441 647.261396
441 442 318.955041
442 443 102.36696599999999
442 444 1
441 445 329.735293
428 446 998.0816300000001
427 447 682.721001
447 448 277.666022
448 449 37.413358
448 450 43.289245
447 451 314.967374
426 452 999.337725
425 453 93.90074899999999
453 454 906.4438429999999
453 455 904.7517949999999
424 456 789.7188080000001
456 457 209.782597
456 458 210.347249
293 459 0.003732
459 460 0.004412
460 461 0.011058
461 462 0.027521
462 463 0.128552
463 464 0.159301
464 465 1.024297
465 466 3.4912140000000003
466 467 3.559481
467 468 10.201928
468 469 10.598692
469 470 31.795392
470 471 968.2065610000001
470 472 77.371093
472 473 130.887719
473 474 1
473 475 868.5824650000001
472 476 922.628873
469 477 827.6671009999999
477 478 158.829214
477 479 164.635819
468 480 989.7954349999999
467 481 996.437006
466 482 996.5086429999999
465 483 998.9912350000001
464 484 1.6026470000000002
484 485 60.692314999999994
485 486 938.4969269999999
485 487 515.495562
487 488 355.537079
487 489 484.914155
484 490 4.713505
490 491 112.851121
491 492 876.7512079999999
491 493 888.9494770000001
490 494 23.085765
494 495 976.90634
494 496 764.502489
496 497 231.909053
496 498 62.062443
498 499 38.90567
498 500 159.636935
463 501 999.895312
462 502 0.146893
502 503 290.33513800000003
503 504 305.21896499999997
504 505 463.267558
505 506 502.11807000000005
505 507 1
504 508 192.663874
503 509 709.726322
502 510 0.881921
510 511 1.529604
511 512 2.48565
512 513 3.4558
513 514 14.178256000000001
514 515 885.3686250000001
515 516 60.813925000000005
515 517 140.080151
514 518 17.940777
518 519 109.610948
519 520 594.15797
519 521 890.389625
518 522 982.060873
513 523 996.5485080000001
512 524 997.533087
511 525 998.408387
510 526 999.1335250000001
461 527 0.015588000000000001
527 528 0.035387
528 529 0.260034
529 530 0.586882
530 531 109.668887
531 532 887.983266
531 533 125.123018
533 534 654.582763
533 535 876.101286
530 536 2.602401
536 537 6.313428999999999
537 538 21.940528
538 539 970.954419
538 540 960.095252
537 541 35.106132
541 542 676.926003
542 543 200.29242799999997
543 544 1
543 545 46.910387
545 546 6.101458
546 547 2.398472
546 548 7.984022
545 549 86.11688600000001
542 550 302.012782
550 551 46.276203
550 552 1
541 553 968.227251
536 554 10.236393000000001
554 555 989.988854
554 556 102.429893
556 557 897.570221
556 558 184.91356199999998
558 559 815.084457
558 560 532.212568
529 561 2.4136580000000003
561 562 997.710146
561 563 2.930021
563 564 530.276368
564 565 460.664824
564 566 472.85343500000005
563 567 9.692658
567 568 43.013020000000004
568 569 59.98572599999999
569 570 134.23253799999998
570 571 865.7714970000001
570 572 349.084586
569 573 940.003955
568 574 956.986968
567 575 990.325796
528 576 0.08656900000000001
576 577 0.237002
577 578 30.723361
578 579 969.341857
578 580 97.026831
580 581 763.894963
581 582 8.870688
581 583 267.05751300000003
580 584 840.543731
577 585 1.7380860000000002
585 586 986.896059
586 587 12.370439
586 588 9.073680000000001
585 589 2.23527
589 590 4.2202
590 591 995.7798049999999
590 592 15.770480000000001
592 593 57.554684
593 594 942.445464
593 595 253.60330699999997
595 596 734.4010800000001
595 597 449.815173
592 598 810.711213
598 599 205.58696799999998
598 600 141.44905400000002
589 601 998.167209
576 602 0.318255
602 603 0.27187100000000003
603 604 59.549259
604 605 899.2586060000001
605 606 1
605 607 100.741785
604 608 941.1550209999999
603 609 5.72362
609 610 6.112492
610 611 196.276208
611 612 455.989473
612 613 139.066433
612 614 513.527051
611 615 812.7701910000001
610 616 9.2445
616 617 922.1136160000001
617 618 102.134288
617 619 35.232546
616 620 61.508030000000005
620 621 168.703087
621 622 766.360708
621 623 719.9566110000001
620 624 178.791098
624 625 559.19176
624 626 782.67542
609 627 184.163917
627 628 802.707069
627 629 817.518761
602 630 999.749737
527 631 0.189091
631 632 0.705706
632 633 105.546093
633 634 892.726016
633 635 894.770099
632 636 1.635954
636 637 3.683487
637 638 4.964446000000001
638 639 9.849467
639 640 44.909971
640 641 65.185226
641 642 143.99628
642 643 856.003409
642 644 1
641 645 934.817468
640 646 955.0846630000001
639 647 990.150525
638 648 995.035493
637 649 996.326183
636 650 797.056542
650 651 163.700289
651 652 112.518795
651 653 1
650 654 198.307905
631 655 999.846326
460 656 0.006685999999999999
656 657 0.011186999999999999
657 658 0.061996
658 659 0.117591
659 660 0.368469
660 661 1.59892
661 662 1.939473
662 663 998.066142
662 664 3.569848
664 665 12.827209
665 666 40.46405
666 667 62.858164
667 668 73.27695
668 669 926.722971
668 670 224.66765999999998
667 671 937.141861
666 672 959.536258
665 673 987.1720720000001
664 674 996.4310790000001
661 675 835.189773
675 676 160.878327
675 677 90.03946
677 678 56.582443999999995
677 679 94.367708
660 680 142.861262
680 681 848.158485
681 682 7.985124000000001
681 683 8.751589
680 684 857.245168
659 685 0.264908
685 686 0.218125
686 687 9.662932
687 688 87.071145
688 689 556.709797
689 690 422.79466
689 691 246.85635100000002
688 692 913.1874120000001
687 693 53.080539
693 694 136.352121
694 695 438.785505
695 696 123.00127
695 697 371.216774
697 698 76.049099
697 699 50.715024
694 700 863.132087
693 701 335.30091
701 702 565.409582
701 703 659.134175
686 704 1.19933
704 705 6.295998999999999
705 706 156.297453
706 707 657.4798499999999
707 708 1
707 709 336.116493
709 710 1.8164770000000001
709 711 1.692472
706 712 844.372216
705 713 29.741551
713 714 972.591577
713 715 173.024718
715 716 825.665872
715 717 733.650898
704 718 3.702826
718 719 14.549493
719 720 534.6409150000001
720 721 472.05132499999996
720 722 429.48848399999997
719 723 31.542872
723 724 968.476141
723 725 513.555342
725 726 311.270786
725 727 486.442822
718 728 997.3156080000001
685 729 4.671708
729 730 38.276317
730 731 238.502448
731 732 485.737984
732 733 113.330107
732 734 273.48912900000005
731 735 426.15362799999997
735 736 357.350652
735 737 323.05689
730 738 275.86562799999996
738 739 667.3995309999999
738 740 686.294816
729 741 22.673614999999998
741 742 57.897059
742 743 888.457242
742 744 130.549574
744 745 732.206774
744 746 864.6873129999999
746 747 115.903306
747 748 44.131302
748 749 32.191643
748 750 12.490848999999999
750 751 25.201248
750 752 48.180267
747 753 0.67733
746 754 1
741 755 49.848382
755 756 210.93800800000002
756 757 806.946823
756 758 649.724695
755 759 896.080889
658 760 0.236841
760 761 5.03034
761 762 12.326799
762 763 37.220872
763 764 113.266266
764 765 736.1182689999999
764 766 892.208217
763 767 96.992037
767 768 920.680776
767 769 788.897952
762 770 736.549601
770 771 269.062345
770 772 233.92632999999998
761 773 137.272989
773 774 862.098154
773 775 851.848989
760 776 0.489401
776 777 0.616811
777 778 2.089427
778 779 33.198368
779 780 419.447288
780 781 585.529587
780 782 514.953166
779 783 959.7340579999999
778 784 13.769708999999999
784 785 24.74045
785 786 975.25961
785 787 48.041602
787 788 951.9581479999999
787 789 136.140287
789 790 433.570558
789 791 863.100988
784 792 986.2305900000001
777 793 983.4660299999999
793 794 17.677811
793 795 14.188851999999999
776 796 68.92155100000001
796 797 243.720594
797 798 685.218386
798 799 1
798 800 367.75977
797 801 648.235144
796 802 232.001954
802 803 352.026609
803 804 1
803 805 526.487897
805 806 12.14007
805 807 122.77654600000001
802 808 768.76917
657 809 0.010208
809 810 0.014729
810 811 0.044726999999999996
811 812 0.35988000000000003
812 813 1.349561
813 814 4.588736
814 815 11.320006000000001
815 816 23.47289
816 817 976.5409500000001
816 818 90.358321
818 819 207.88994399999999
819 820 792.10992
819 821 272.26820699999996
818 822 909.641661
815 823 882.692435
823 824 63.774462
824 825 6.292689
825 826 13.370289
826 827 4.739586
826 828 1.180493
828 829 1.2898
829 830 3.649629
829 831 1.548207
831 832 1.730852
831 833 2.086022
828 834 0.726673
834 835 1.913082
834 836 0.697363
836 837 3.877924
836 838 0.5164110000000001
825 839 7.6270370000000005
839 840 1.489965
839 841 1.508316
841 842 1.513927
841 843 2.257676
843 844 1.752571
843 845 4.860372
824 846 27.470740999999997
823 847 40.4418
847 848 53.150901
848 849 34.081817
849 850 12.793937
850 851 13.484099999999998
850 852 20.660804
852 853 16.524235
852 854 29.360760000000003
849 855 65.63225
848 856 12.465576
847 857 27.429985000000002
857 858 21.909419
858 859 12.884988
858 860 42.141929
857 861 24.267011999999998
814 862 544.181221
862 863 202.530749
863 864 187.445021
863 865 295.00622500000003
862 866 180.878444
866 867 139.686713
867 868 6.342726999999999
867 869 9.367569000000001
866 870 183.578804
870 871 210.83809699999998
871 872 52.46814
871 873 1
870 874 198.710201
874 875 1
874 876 54.331711000000006
813 877 118.805162
877 878 481.131558
878 879 434.544394
879 880 37.489342
879 881 126.39630799999999
878 882 278.938796
877 883 470.028171
883 884 112.90766299999999
884 885 332.280621
884 886 336.448168
883 887 323.172933
887 888 17.779138
888 889 1
888 890 1.383565
890 891 5.264709
891 892 10.020448
892 893 11.269534
893 894 1.8720090000000003
893 895 56.375547999999995
895 896 5.997878
895 897 5.9839709999999995
897 898 0.334509
898 899 1
898 900 4.852715
900 901 0.7278589999999999
900 902 0.33011999999999997
897 903 0.581451
903 904 4.644393
903 905 1
892 906 3.6370439999999995
891 907 1.305103
907 908 0.632358
907 909 0.431252
890 910 0.40602800000000006
887 911 25.374393
911 912 34.103297999999995
912 913 1
912 914 34.375608
914 915 34.945884
914 916 228.28941
911 917 1
812 918 308.038178
918 919 692.1279079999999
918 920 438.04674199999994
920 921 1
920 922 531.537358
811 923 0.8546170000000001
923 924 2.431741
924 925 997.559476
924 926 7.769012
926 927 992.235423
926 928 14.369353000000002
928 929 985.629714
928 930 19.03002
930 931 60.544023
931 932 708.958552
931 933 939.4559790000001
930 934 980.970454
923 935 999.208269
810 936 0.076373
936 937 1.072667
937 938 8.240673
938 939 14.929564000000001
939 940 23.315576
940 941 26.956415
941 942 56.06627400000001
942 943 501.96439000000004
942 944 943.933625
941 945 973.045949
940 946 935.501908
946 947 101.342376
946 948 1
939 949 985.0693299999999
938 950 991.7628260000001
937 951 21.610546
951 952 978.5577209999999
951 953 285.806511
953 954 714.187179
953 955 350.918333
955 956 177.559884
955 957 184.76608000000002
957 958 165.715996
958 959 1
958 960 119.65493199999999
960 961 29.188584000000002
960 962 25.831031
962 963 40.460307
963 964 74.109937
964 965 54.511476
965 966 1
965 967 164.51199400000002
967 968 370.81834599999996
967 969 89.662932
964 970 1
963 971 1
962 972 63.493499
957 973 289.42069
936 974 0.704644
974 975 1.7267029999999999
975 976 2.069331
976 977 9.437987
977 978 9.935774
978 979 13.95442
979 980 111.520824
980 981 299.14772100000005
981 982 1
981 983 700.8526340000001
980 984 413.33677
984 985 466.990964
985 986 21.744646
985 987 11.247408
984 988 466.796304
979 989 702.909591
989 990 205.199037
989 991 361.07371
978 992 400.874812
992 993 432.56627
993 994 247.316777
993 995 1
992 996 626.148652
977 997 960.3406659999999
997 998 48.463826999999995
997 999 12.025077000000001
976 1000 997.884334
975 1001 747.53241
1001 1002 253.35905699999998
1001 1003 245.126367
1003 1004 5.58995
1003 1005 0.9224019999999999
974 1006 724.806789
1006 1007 126.81533499999999
1007 1008 180.974653
1007 1009 88.397796
1009 1010 7.774183
1009 1011 23.366244
1011 1012 19.866539
1011 1013 23.165788000000003
1006 1014 204.08941000000002
1014 1015 103.771477
1015 1016 66.27157
1015 1017 63.054221
1014 1018 1
809 1019 0.08918799999999999
1019 1020 1.210172
1020 1021 30.581556999999997
1021 1022 966.7510130000001
1021 1023 79.010413
1023 1024 30.78494
1024 1025 550.1656330000001
1025 1026 305.869478
1025 1027 67.980802
1027 1028 338.967797
1027 1029 68.508685
1029 1030 1
1029 1031 200.99191799999997
1031 1032 265.141932
1031 1033 120.708383
1024 1034 330.487729
1034 1035 600.524322
1034 1036 531.944033
1023 1037 404.38261100000005
1037 1038 313.07142300000004
1037 1039 595.584619
1020 1040 2.63901
1040 1041 8.209799
1041 1042 14.221364
1042 1043 982.9226209999999
1042 1044 750.410923
1044 1045 64.29288199999999
1045 1046 91.794735
1046 1047 44.329013
1047 1048 84.93651100000001
1047 1049 21.305962
1046 1050 56.417382
1050 1051 1
1050 1052 11.555806
1052 1053 63.00369
1052 1054 1
1045 1055 32.706472
1055 1056 23.056642999999998
1056 1057 20.648731
1057 1058 5.511723
1058 1059 30.819086000000002
1059 1060 5.204452
1060 1061 14.639478
1061 1062 11.827045
1062 1063 23.827326
1062 1064 24.604322
1064 1065 9.626832
1065 1066 1
1065 1067 1
1064 1068 31.75652
1061 1069 23.115491
1069 1070 23.509629
1070 1071 48.723361999999995
1070 1072 41.916613000000005
1069 1073 11.720819
1073 1074 20.633399999999998
1073 1075 7.948021
1060 1076 5.6877629999999995
1059 1077 14.664248999999998
1058 1078 36.077780999999995
1057 1079 3.4948159999999997
1079 1080 14.470838
1080 1081 0.21537499999999998
1080 1082 0.18493800000000002
1079 1083 3.0462949999999998
1083 1084 25.055885
1083 1085 23.909504000000002
1085 1086 0.413998
1085 1087 1
1056 1088 25.690357000000002
1088 1089 9.868614
1088 1090 5.8507169999999995
1055 1091 15.081076
1091 1092 54.94517799999999
1091 1093 13.611396000000001
1093 1094 1
1093 1095 0.43483000000000005
1095 1096 1
1095 1097 32.924572000000005
1044 1098 126.04556200000002
1098 1099 35.388892999999996
1099 1100 30.568551
1099 1101 15.33273
1098 1102 84.413528
1041 1103 942.7757760000001
1103 1104 42.564349
1103 1105 30.987672
1105 1106 47.125651000000005
1105 1107 1.7721049999999998
1040 1108 711.389315
1108 1109 281.738957
1108 1110 290.237787
1019 1111 999.9434779999999
656 1112 0.025779999999999997
1112 1113 0.095262
1113 1114 0.486312
1114 1115 0.6405379999999999
1115 1116 1.6118460000000001
1116 1117 7.745067
1117 1118 11.206193
1118 1119 27.371804
1119 1120 972.628195
1119 1121 306.198667
1121 1122 632.562954
1121 1123 505.28639899999996
1118 1124 988.795747
1117 1125 768.4601650000001
1125 1126 237.05335399999998
1125 1127 210.528555
1116 1128 699.2394929999999
1128 1129 302.726628
1128 1130 295.628111
1115 1131 10.972427
1131 1132 41.366599
1132 1133 54.598178
1133 1134 328.25906200000003
1134 1135 70.705096
1135 1136 72.668407
1135 1137 395.594768
1137 1138 496.488964
1137 1139 1
1134 1140 686.118518
1133 1141 906.1013949999999
1132 1142 310.487303
1142 1143 156.092958
1143 1144 619.775325
1143 1145 444.557194
1142 1146 431.233953
1146 1147 114.311114
1146 1148 171.046176
1148 1149 32.663602000000004
1148 1150 60.5762
1150 1151 1
1150 1152 139.027646
1131 1153 165.65722499999998
1153 1154 834.3305770000001
1153 1155 808.7876590000001
1114 1156 999.3421010000001
1113 1157 0.201108
1157 1158 0.572008
1158 1159 1.502933
1159 1160 2.267074
1160 1161 4.031294
1161 1162 5.550579
1162 1163 10.328155
1163 1164 23.616398999999998
1164 1165 976.3817409999999
1164 1166 30.11509
1166 1167 352.264002
1167 1168 1
1167 1169 647.725509
1166 1170 969.885844
1163 1171 634.4534
1171 1172 313.132578
1172 1173 38.348493
1172 1174 86.84857000000001
1171 1175 334.761555
1162 1176 994.3916879999999
1161 1177 994.199394
1177 1178 1.769298
1177 1179 1.769298
1160 1180 997.736205
1159 1181 998.490716
1158 1182 999.49011
1157 1183 0.616984
1183 1184 2.151946
1184 1185 4.302923
1185 1186 8.252018999999999
1186 1187 10.207582
1187 1188 15.758771
1188 1189 26.029366
1189 1190 973.970613
1189 1191 44.063022000000004
1191 1192 247.425161
1191 1193 955.934618
1188 1194 984.241134
1187 1195 989.792967
1186 1196 991.815946
1185 1197 995.603644
1184 1198 23.384240000000002
1198 1199 788.911113
1199 1200 213.83660700000001
1199 1201 163.43668399999999
1198 1202 971.965114
1183 1203 883.966487
1203 1204 42.867729
1204 1205 72.68170900000001
1204 1206 69.932156
1203 1207 115.63365800000001
1112 1208 0.050004
1208 1209 0.21801199999999998
1209 1210 3.6634680000000004
1210 1211 454.31101500000005
1211 1212 537.932707
1211 1213 546.098281
1210 1214 8.37813
1214 1215 965.39459
1215 1216 13.303015000000002
1215 1217 39.078092
1214 1218 28.053776000000003
1218 1219 666.790016
1219 1220 259.712094
1219 1221 350.66075
1218 1222 77.94660300000001
1222 1223 489.389738
1223 1224 385.464794
1223 1225 228.16834899999998
1222 1226 922.050334
1209 1227 25.908266
1227 1228 974.221326
1227 1229 87.533406
1229 1230 238.874621
1230 1231 235.886811
1231 1232 148.921232
1231 1233 253.01818200000002
1233 1234 50.754975
1233 1235 124.309464
1230 1236 537.2733420000001
1236 1237 1
1236 1238 532.8933850000001
1238 1239 35.139595
1238 1240 17.250478
1229 1241 912.434358
1208 1242 0.187229
1242 1243 1.6856929999999999
1243 1244 998.351903
1243 1245 41.223521000000005
1245 1246 158.577291
1246 1247 755.94586
1246 1248 843.47657
1245 1249 316.20527200000004
1249 1250 586.240623
1250 1251 1
1250 1252 26.953237
1252 1253 1
1252 1254 400.040475
1249 1255 596.9892910000001
1242 1256 0.366675
1256 1257 1.3600640000000002
1257 1258 3.43959
1258 1259 3.396489
1259 1260 7.634624
1260 1261 19.456916
1261 1262 202.26968599999998
1262 1263 797.730279
1262 1264 602.3312080000001
1261 1265 64.91793700000001
1265 1266 857.0484479999999
1265 1267 974.2039209999999
1260 1268 992.36375
1259 1269 996.6063760000001
1258 1270 997.146953
1257 1271 110.99524300000002
1271 1272 885.682596
1271 1273 833.9060370000001
1273 1274 125.806913
1274 1275 14.469743
1274 1276 25.551462
1273 1277 1
1256 1278 2.296675
1278 1279 997.7131449999999
1278 1280 4.145761
1280 1281 48.205182
1281 1282 63.789028
1282 1283 936.212705
1282 1284 77.17836700000001
1284 1285 504.276672
1284 1286 922.817668
1281 1287 951.797355
1280 1288 144.167145
1288 1289 843.463122
1288 1290 859.885918
459 1291 0.005445
1291 1292 0.012762
1292 1293 0.035492
1293 1294 0.050578000000000005
1294 1295 0.155454
1295 1296 0.175597
1296 1297 0.211549
1297 1298 0.5288619999999999
1298 1299 0.723458
1299 1300 999.2789009999999
1299 1301 0.9971890000000001
1301 1302 2.268862
1302 1303 2.269097
1303 1304 997.730906
1303 1305 2.269094
1305 1306 2.269044
1306 1307 2.269041
1307 1308 2.26904
1308 1309 1
1308 1310 997.73096
1307 1311 997.73096
1306 1312 997.7309590000001
1305 1313 997.730956
1302 1314 997.7309030000001
1301 1315 999.002832
1298 1316 223.229311
1316 1317 531.310374
1317 1318 468.684827
1317 1319 21.809539
1316 1320 775.916555
1297 1321 999.7885009999999
1296 1322 828.036741
1322 1323 171.73406
1322 1324 171.840831
1295 1325 849.090492
1325 1326 150.75385699999998
1325 1327 150.754017
1294 1328 999.950258
1293 1329 11.235971
1329 1330 263.297135
1330 1331 294.379531
1331 1332 156.538907
1331 1333 327.079605
1333 1334 175.167207
1333 1335 315.390837
1335 1336 254.404811
1335 1337 188.68239200000002
1330 1338 736.677757
1329 1339 68.063559
1339 1340 909.396625
1339 1341 931.9651309999999
1292 1342 0.165334
1342 1343 999.8470729999999
1342 1344 1.318224
1344 1345 3.5421050000000003
1345 1346 32.574315
1346 1347 701.985273
1347 1348 221.867523
1347 1349 300.263188
1346 1350 54.893432
1350 1351 944.089091
1350 1352 875.485245
1345 1353 10.284063999999999
1353 1354 21.508687000000002
1354 1355 209.01189300000001
1355 1356 80.063127
1356 1357 597.753871
1356 1358 434.679698
1358 1359 138.40446500000002
1358 1360 327.58122799999995
1355 1361 768.755558
1354 1362 980.211495
1353 1363 54.031556
1363 1364 383.746374
1364 1365 137.79227300000002
1365 1366 102.125748
1366 1367 112.048643
1367 1368 55.364807000000006
1367 1369 127.34170600000002
1369 1370 45.626032
1370 1371 3.220957
1370 1372 37.59574
1369 1373 142.536806
1366 1374 166.12906999999998
1374 1375 11.285271
1374 1376 1.7351849999999998
1365 1377 124.088584
1377 1378 141.779976
1377 1379 234.53583500000002
1379 1380 57.727604
1379 1381 215.260818
1364 1382 366.21455
1382 1383 210.13762699999998
1383 1384 1
1383 1385 388.583666
1382 1386 118.73669899999999
1363 1387 116.818249
1387 1388 89.84964
1388 1389 65.915477
1389 1390 449.711076
1390 1391 125.099691
1390 1392 267.158668
1389 1393 117.10197899999999
1393 1394 92.70981900000001
1394 1395 74.212147
1395 1396 146.259012
1396 1397 63.103262
1396 1398 23.042503
1395 1399 382.794541
1394 1400 18.238328
1400 1401 79.423068
1400 1402 50.339738
1402 1403 45.88349
1403 1404 10.729242
1404 1405 133.052428
1405 1406 39.613667
1406 1407 22.348983
1406 1408 6.570774
1405 1409 52.630988
1404 1410 31.275433000000003
1410 1411 61.722007999999995
1410 1412 14.441934
1412 1413 32.749724
1413 1414 62.475958
1413 1415 49.990474
1415 1416 1
1415 1417 48.252734000000004
1412 1418 67.861424
1403 1419 154.514316
1419 1420 10.263229
1420 1421 32.618051
1421 1422 108.763407
1422 1423 26.355964999999998
1422 1424 25.281971
1421 1425 27.350924
1425 1426 31.760771
1425 1427 44.374876
1420 1428 1.083548
1428 1429 93.611635
1428 1430 57.309458
1419 1431 16.202477000000002
1431 1432 69.597561
1431 1433 93.118932
1433 1434 22.791359
1434 1435 1
1434 1436 120.758457
1436 1437 41.180138
1437 1438 126.067386
1438 1439 147.662991
1438 1440 46.815235
1440 1441 44.067653
1441 1442 14.272303
1441 1443 16.586866
1440 1444 37.896794
1437 1445 1
1436 1446 1
1433 1447 1
1402 1448 112.446275
1393 1449 515.890802
1449 1450 1
1449 1451 494.80531599999995
1388 1452 61.810029
1452 1453 69.692606
1453 1454 370.130318
1454 1455 1
1454 1456 122.88819799999999
1456 1457 1
1456 1458 153.323082
1453 1459 143.341428
1459 1460 429.22895
1460 1461 1
1460 1462 572.4366650000001
1462 1463 48.643516999999996
1462 1464 168.848578
1459 1465 444.122663
1465 1466 163.69677000000001
1465 1467 98.871149
1467 1468 1
1467 1469 83.142509
1452 1470 84.33848400000001
1470 1471 246.61639599999998
1471 1472 169.33635199999998
1471 1473 84.714223
1470 1474 330.271244
1474 1475 158.557407
1474 1476 86.419811
1387 1477 230.39172
1477 1478 523.8438269999999
1478 1479 1
1478 1480 466.18934
1477 1481 140.521061
1481 1482 115.881623
1482 1483 181.38514999999998
1482 1484 275.965849
1484 1485 1
1484 1486 373.34733400000005
1481 1487 218.81773299999998
1487 1488 1
1487 1489 82.139903
1489 1490 482.914082
1489 1491 1
1344 1492 998.652923
1291 1493 0.05764299999999999
1493 1494 0.023333
1494 1495 0.153085
1495 1496 0.436804
1496 1497 999.5947160000001
1496 1498 1.1177599999999999
1498 1499 942.7012709999999
1499 1500 54.022918
1499 1501 58.337607999999996
1498 1502 3.70722
1502 1503 11.172028000000001
1503 1504 11.735913
1504 1505 988.310167
1504 1506 14.171942000000001
1506 1507 38.340907
1507 1508 961.658997
1507 1509 635.947735
1506 1510 985.82805
1503 1511 988.735962
1502 1512 81.43181
1512 1513 423.129306
1513 1514 583.774106
1513 1515 192.912635
1515 1516 1
1515 1517 265.732761
1517 1518 444.412639
1517 1519 1
1512 1520 907.957614
1495 1521 23.196668000000003
1521 1522 70.50965000000001
1522 1523 929.428607
1522 1524 882.375493
1521 1525 976.905163
1494 1526 0.137624
1526 1527 0.40429000000000004
1527 1528 1.448544
1528 1529 4.89501
1529 1530 12.603022999999999
1530 1531 256.056549
1531 1532 134.30530199999998
1532 1533 311.505196
1533 1534 55.037406
1533 1535 499.013933
1532 1536 491.89785500000005
1531 1537 611.734015
1537 1538 77.558291
1537 1539 61.51748
1539 1540 1
1539 1541 261.506569
1530 1542 987.396315
1529 1543 288.948398
1543 1544 698.575957
1543 1545 714.263651
1528 1546 40.91394
1546 1547 954.9625130000001
1546 1548 62.017305
1548 1549 854.188898
1548 1550 940.4282450000001
1527 1551 146.95567599999998
1551 1552 178.601927
1552 1553 527.323597
1552 1554 822.0948010000001
1551 1555 457.029177
1555 1556 313.166664
1555 1557 476.745207
1526 1558 1.201421
1558 1559 4.456052
1559 1560 653.334967
1560 1561 339.80377599999997
1560 1562 274.61170699999997
1562 1563 25.088739
1562 1564 35.183025
1564 1565 57.009972
1565 1566 93.96004599999999
1566 1567 1
1566 1568 2.1041130000000003
1565 1569 60.075783
1569 1570 1
1569 1571 2.54511
1564 1572 24.56774
1559 1573 15.514790000000001
1573 1574 984.4807109999999
1573 1575 46.122848
1575 1576 66.111836
1576 1577 930.4787170000001
1576 1578 281.342039
1578 1579 720.362297
1578 1580 153.605396
1575 1581 953.8796769999999
1558 1582 850.040774
1582 1583 147.387652
1582 1584 150.311936
1493 1585 0.114221
1585 1586 0.408943
1586 1587 2.359871
1587 1588 4.401209
1588 1589 7.096597
1589 1590 15.29734
1590 1591 102.094253
1591 1592 442.77026700000005
1592 1593 552.7682719999999
1592 1594 31.013919
1591 1595 897.9054769999999
1590 1596 984.703047
1589 1597 992.903872
1588 1598 460.106124
1598 1599 544.235308
1598 1600 503.122417
1600 1601 19.880751
1600 1602 13.167641999999999
1602 1603 5.448363
1603 1604 16.102534
1604 1605 2.255188
1604 1606 0.716642
1603 1607 8.665194
1607 1608 0.5405059999999999
1607 1609 0.23177599999999998
1602 1610 5.424089
1610 1611 1
1610 1612 1.490646
1612 1613 14.405342
1613 1614 0.673457
1613 1615 0.433269
1615 1616 0.28275100000000003
1615 1617 0.475899
1612 1618 0.6667649999999999
1618 1619 0.142953
1619 1620 0.47100600000000004
1619 1621 0.146584
1621 1622 0.295272
1621 1623 0.260865
1618 1624 0.135605
1587 1625 19.507773
1625 1626 627.3911420000001
1626 1627 369.7233
1626 1628 329.30339599999996
1625 1629 32.080328
1629 1630 780.721841
1630 1631 241.27569599999998
1630 1632 133.360178
1629 1633 312.84571900000003
1633 1634 582.482598
1633 1635 644.242219
1586 1636 36.521161
1636 1637 963.772947
1636 1638 132.87402
1638 1639 867.126326
1638 1640 429.68963899999994
1640 1641 471.743978
1641 1642 28.618943
1642 1643 1
1642 1644 35.516619999999996
1644 1645 20.576947
1645 1646 20.672017
1646 1647 4.151211
1646 1648 8.242774
1645 1649 43.809057
1649 1650 18.454746
1650 1651 44.831584
1651 1652 75.407127
1651 1653 73.360725
1650 1654 42.258896
1649 1655 14.534978
1655 1656 156.255358
1656 1657 1
1656 1658 51.623450000000005
1658 1659 6.0301599999999995
1658 1660 22.735543
1660 1661 164.836781
1661 1662 6.0276700000000005
1662 1663 18.550656
1662 1664 42.474613
1661 1665 18.760368999999997
1660 1666 31.989082000000003
1655 1667 36.030767000000004
1667 1668 29.454102
1667 1669 17.811757
1669 1670 1.377081
1669 1671 167.677166
1644 1672 1
1641 1673 1
1640 1674 233.44278799999998
1585 1675 135.206455
1675 1676 560.377082
1676 1677 168.568215
1676 1678 439.623215
1675 1679 864.9053
10 1680 0.008778000000000001
1680 1681 0.024752999999999997
1681 1682 0.024739999999999998
1682 1683 0.380182
1683 1684 955.2208759999999
1684 1685 44.861127
1684 1686 43.959770999999996
1683 1687 0.582145
1687 1688 999.4253580000001
1687 1689 1.515949
1689 1690 165.94339300000001
1690 1691 829.337877
1690 1692 369.266164
1692 1693 633.935392
1692 1694 299.015054
1689 1695 2.366378
1695 1696 997.634153
1695 1697 2.977844
1697 1698 997.022184
1697 1699 8.231202999999999
1699 1700 337.844132
1700 1701 646.954288
1700 1702 660.894185
1699 1703 22.660456
1703 1704 70.347658
1704 1705 99.929514
1705 1706 166.785405
1705 1707 900.0702390000001
1704 1708 929.652364
1703 1709 977.3397040000001
1682 1710 0.198016
1710 1711 999.7332670000001
1710 1712 0.257585
1712 1713 0.354543
1713 1714 2.107768
1714 1715 10.285587
1715 1716 14.595573
1716 1717 22.154292
1717 1718 211.775241
1718 1719 362.995004
1719 1720 1
1719 1721 219.43736399999997
1721 1722 203.515215
1721 1723 226.39582900000002
1718 1724 788.179166
1717 1725 977.8456540000001
1716 1726 985.4044220000001
1715 1727 989.714538
1714 1728 273.22899
1728 1729 322.828504
1729 1730 126.361546
1729 1731 674.898761
1728 1732 482.825658
1732 1733 173.283816
1732 1734 313.131739
1713 1735 0.44923100000000005
1735 1736 1.510096
1736 1737 160.50421599999999
1737 1738 835.4792379999999
1737 1739 840.605403
1736 1740 1.54167
1740 1741 13.025127
1741 1742 12.135901
1742 1743 104.44996200000001
1743 1744 842.7930269999999
1744 1745 36.972229
1744 1746 1
1743 1747 890.000147
1742 1748 26.780493
1748 1749 132.93191900000002
1749 1750 765.636572
1749 1751 866.792946
1748 1752 38.360049000000004
1752 1753 976.3149070000001
1752 1754 330.87455
1754 1755 669.125441
1754 1756 78.828041
1741 1757 986.974876
1740 1758 677.464712
1758 1759 325.874182
1758 1760 316.780669
1735 1761 151.252621
1761 1762 849.2219
1761 1763 845.835682
1712 1764 67.11598
1764 1765 933.1617960000001
1764 1766 428.273974
1766 1767 571.576882
1766 1768 436.27062
1681 1769 0.837944
1769 1770 911.3894159999999
1770 1771 86.786441
1770 1772 88.664399
1769 1773 1.2725659999999999
1773 1774 3.486111
1774 1775 18.362994999999998
1775 1776 18.971306
1776 1777 508.755001
1777 1778 371.755182
1777 1779 421.276804
1776 1780 899.702638
1780 1781 80.88216200000001
1781 1782 53.896116000000006
1781 1783 40.730041
1780 1784 34.456608
1775 1785 981.6415539999999
1774 1786 7.484164
1786 1787 697.125307
1787 1788 307.475686
1787 1789 286.95187500000003
1786 1790 191.176101
1790 1791 809.4891779999999
1790 1792 775.760574
1773 1793 339.608014
1793 1794 543.035965
1794 1795 1
1794 1796 94.611433
1796 1797 360.768262
1796 1798 343.636992
1793 1799 661.321345
1680 1800 0.033371
1800 1801 999.982981
1800 1802 0.294339
1802 1803 0.887244
1803 1804 2.754589
1804 1805 74.546722
1805 1806 919.479405
1805 1807 926.639784
1804 1808 35.074518
1808 1809 25.20112
1809 1810 16.500896
1810 1811 124.576241
1811 1812 447.225843
1812 1813 516.3186910000001
1812 1814 61.071220999999994
1814 1815 26.173667000000002
1814 1816 39.437901
1811 1817 81.332488
1817 1818 334.950424
1818 1819 415.880139
1818 1820 308.206835
1817 1821 289.990977
1821 1822 815.091808
1821 1823 211.263923
1810 1824 229.78819800000002
1824 1825 142.933977
1825 1826 313.342608
1826 1827 128.165207
1827 1828 44.96755
1827 1829 186.062361
1829 1830 275.326826
1829 1831 1
1826 1832 83.713607
1825 1833 536.979873
1824 1834 775.514333
1809 1835 118.696161
1835 1836 137.328048
1836 1837 106.87173999999999
1837 1838 293.281413
1838 1839 257.344806
1838 1840 98.876742
1840 1841 121.50014200000001
1840 1842 71.501719
1842 1843 111.755475
1842 1844 39.393894
1844 1845 41.034318
1845 1846 50.904355
1846 1847 95.300192
1847 1848 334.772104
1848 1849 1
1848 1850 468.99463099999997
1850 1851 234.953602
1851 1852 63.41658100000001
1851 1853 1
1850 1854 697.7353370000001
1847 1855 84.698335
1855 1856 96.72225800000001
1856 1857 27.908831
1856 1858 298.19735399999996
1858 1859 39.524366
1858 1860 114.156525
1855 1861 162.18310499999998
1861 1862 40.242872
1862 1863 110.75875900000001
1862 1864 102.93631400000001
1864 1865 225.154476
1864 1866 46.110025
1861 1867 31.734175999999998
1867 1868 45.919587
1868 1869 13.818055000000001
1868 1870 1
1867 1871 134.216755
1846 1872 163.748505
1845 1873 53.634648
1844 1874 49.225854000000005
1837 1875 506.606512
1836 1876 424.634414
1876 1877 362.921705
1877 1878 24.472726
1877 1879 119.97008
1876 1880 72.148636
1835 1881 135.444052
1881 1882 100.164371
1882 1883 212.199715
1883 1884 191.652795
1884 1885 1
1884 1886 141.912303
1886 1887 1
1886 1888 316.476954
1883 1889 395.082503
1889 1890 168.528768
1889 1891 1
1882 1892 244.47625
1892 1893 91.600762
1892 1894 516.57199
1881 1895 76.333713
1895 1896 655.614697
1895 1897 143.333536
1897 1898 178.080664
1897 1899 332.939702
1899 1900 68.101017
1900 1901 1
1900 1902 127.44432400000001
1899 1903 92.51115399999999
1808 1904 491.726571
1904 1905 497.09779100000003
1904 1906 449.30139899999995
1803 1907 998.4501319999999
1802 1908 0.610506
1908 1909 999.392553
1908 1910 1.1536279999999999
1910 1911 50.843529
1911 1912 945.376443
1911 1913 112.52202700000001
1913 1914 525.274561
1914 1915 46.918868
1914 1916 474.725634
1913 1917 890.099298
1910 1918 6.8318829999999995
1918 1919 9.462342999999999
1919 1920 40.015254
1920 1921 959.985287
1920 1922 160.14520100000001
1922 1923 601.864983
1922 1924 839.8547130000001
1919 1925 892.9354780000001
1925 1926 83.992863
1926 1927 54.36298000000001
1926 1928 21.806555
1925 1929 73.124657
1918 1930 806.659829
1930 1931 197.432173
1930 1932 175.588538
9 1933 0.12436299999999999
1933 1934 0.14586
1934 1935 0.8730460000000001
1935 1936 1.8139269999999998
1936 1937 2.4627570000000003
1937 1938 7.652144
1938 1939 18.917185
1939 1940 20.556154
1940 1941 979.443495
1940 1942 30.252615
1942 1943 508.737641
1943 1944 333.909462
1944 1945 82.290365
1944 1946 69.977633
1946 1947 7.065117
1946 1948 15.193024
1943 1949 1
1942 1950 969.7468580000001
1939 1951 985.536242
1938 1952 983.4421080000001
1937 1953 38.728445
1953 1954 96.645391
1954 1955 910.050124
1954 1956 825.2937
1953 1957 65.874088
1957 1958 848.4366570000001
1957 1959 240.945756
1959 1960 577.331012
1959 1961 793.585818
1936 1962 998.185844
1935 1963 999.130997
1934 1964 49.339436
1964 1965 950.2027059999999
1964 1966 362.72617299999996
1966 1967 637.5811729999999
1966 1968 185.526217
1968 1969 185.321159
1969 1970 130.675127
1970 1971 1
1970 1972 35.983413
1969 1973 1
1968 1974 472.502726
1933 1975 724.660554
1975 1976 275.364618
1975 1977 275.09077
8 1978 999.9272810000001
1 1979 1.455774
1979 1980 1.671862
1980 1981 1.8430229999999999
1981 1982 4.438142
1982 1983 12.585495
1983 1984 14.758747
1984 1985 22.023507000000002
1985 1986 711.271892
1986 1987 273.456163
1986 1988 259.953013
1985 1989 336.45709899999997
1989 1990 663.54281
1989 1991 1
1984 1992 985.241227
1983 1993 987.4145800000001
1982 1994 995.561715
1981 1995 998.1569349999999
1980 1996 998.328113
1979 1997 998.544284
1 1998 999.4734400000001
