23968 3
8839 6
11404 7
3624 16
25003 21
11006 22
12656 25
2051 29
15054 30
12985 33
14079 34
168 35
6737 36
8645 38
20942 39
2306 41
14601 44
9708 46
8174 47
30313 48
2400 49
12722 50
3481 53
13360 61
23139 63
13962 69
4114 70
6978 71
13925 72
29116 73
22532 74
22012 75
17182 76
1244 77
23500 78
15432 79
18051 82
14487 85
16095 87
319 92
15051 93
20832 94
1342 96
21091 97
959 98
31437 99
29704 100
14874 112
20232 113
29908 115
3234 117
23023 118
12041 119
13214 121
24922 122
11428 123
865 125
7036 126
5047 128
25453 129
13340 130
812 131
24483 132
1984 133
7765 142
9914 149
27476 151
29257 152
21998 153
28706 154
26997 155
15812 156
29202 158
4861 159
30153 161
27743 162
31030 163
27863 165
26521 166
29436 168
2634 169
26244 180
10802 181
1870 182
30314 183
14821 184
14429 185
16726 186
13373 187
12483 189
16767 190
4807 193
29937 194
11374 196
48 197
15034 200
6698 201
3075 203
12710 205
14902 206
21250 208
30303 209
28808 215
29652 217
24000 220
28118 227
20877 229
28726 230
3311 232
7072 233
2431 234
14105 235
16875 236
27118 237
31493 238
25464 240
13249 241
4285 243
11271 249
17664 250
281 251
15275 252
15486 255
23378 256
74 258
29203 260
10877 261
9875 262
19069 265
18061 267
1237 272
22041 274
728 275
15678 276
14749 277
11658 278
27317 282
6107 283
15749 285
1656 286
26582 287
19647 289
28693 291
13587 292
22864 299
151 301
12625 304
20884 307
845 308
4127 309
27026 311
5138 313
8056 314
18100 321
24907 322
15481 323
3182 325
9168 326
2858 328
8574 329
6022 330
22949 332
19971 334
23447 335
20692 341
1252 344
19856 345
6184 347
19730 348
30329 350
8000 352
6858 353
15927 354
12430 355
24235 356
20708 365
3841 367
17046 368
3740 370
20063 371
29993 372
19843 373
23112 375
28685 376
31173 377
4934 383
31086 385
10012 386
11583 387
27278 388
19300 389
30054 392
16598 393
27574 400
1482 401
13410 402
27600 404
14485 406
11135 407
10556 411
29056 412
25207 413
30971 414
22091 416
31039 417
5386 419
29684 420
31193 421
15723 423
20699 434
18202 435
12616 437
5082 438
3064 439
7574 440
29197 443
16774 444
2924 445
20480 446
2680 449
26325 450
11803 451
21671 452
11742 454
15906 455
27982 457
27250 458
27347 471
15697 474
14168 475
2330 476
18168 478
9432 479
21506 480
8031 481
6161 482
27486 483
8439 486
2900 488
8484 489
31495 492
13832 493
12706 495
14772 497
28343 499
2237 500
29153 501
17689 506
24160 507
13226 508
22326 509
31042 516
12720 517
6027 520
25472 521
30684 522
2861 523
20019 524
11514 525
4447 526
2620 532
3911 534
4507 535
2052 539
6665 540
14199 544
17737 547
10425 548
9214 549
25600 551
10105 552
24475 553
5056 555
1721 557
26247 559
10589 560
16532 562
13575 565
28036 566
23523 571
30577 572
7743 573
1897 574
23974 575
25573 579
22618 582
12541 583
24597 584
21629 587
22163 588
26792 591
25069 594
6595 596
14518 597
28746 599
29362 600
14334 601
28478 606
14394 607
19267 608
6317 613
13458 614
6 615
6060 618
7727 619
3030 622
23067 623
19175 625
11340 626
23336 628
10162 629
4410 630
18573 634
28952 635
13999 643
21669 644
1215 645
15203 646
13469 647
17530 648
1826 649
11837 652
2464 653
1190 654
30238 655
17605 663
6840 669
10117 670
416 671
22066 672
23624 673
8966 674
13584 676
19114 678
29773 679
22417 682
5754 683
25581 684
3622 690
13293 691
17216 692
6331 696
16873 698
17915 699
20265 700
9659 702
11775 703
6031 708
20843 710
31054 711
20260 712
19166 714
5266 716
21642 717
12646 721
21111 722
21740 724
27925 726
27416 727
15791 728
26199 733
3852 734
23529 736
6192 737
19950 739
1797 740
25634 743
25910 745
18759 749
22479 751
7212 752
13526 753
6018 754
4037 757
25338 758
29042 759
12847 765
19212 766
3131 768
15286 769
21771 771
26960 772
1063 774
1921 775
13679 781
10664 782
4230 783
5194 786
29938 788
18702 790
25865 791
19184 792
8679 794
15296 795
28964 799
24537 800
12989 801
6621 804
14233 806
27393 807
29575 808
20377 817
29266 820
3860 821
23123 822
27085 827
14942 830
26203 832
8282 833
27439 835
11035 837
17670 838
8770 840
18236 842
10844 844
4663 845
12724 846
29318 851
5831 853
12856 854
20743 855
26465 856
12986 859
7418 860
22600 861
28177 864
30685 865
3595 868
16922 869
23914 872
30677 873
19158 875
20469 876
617 880
18342 881
6784 882
14592 885
17035 886
15658 889
24744 894
11328 896
24080 899
27587 901
17280 902
13055 904
19981 905
24848 906
8666 908
13368 909
1529 910
743 913
25876 915
10401 916
23198 917
11812 919
13208 921
22449 922
23996 925
9149 927
11821 929
15951 932
11876 933
8094 934
16616 935
31082 943
28972 944
26843 945
20319 947
25238 948
15373 949
12836 950
27927 952
24804 954
21699 956
28603 959
882 961
22122 966
15819 968
7356 969
23317 970
2980 971
8928 972
29943 973
12753 982
30817 983
24304 986
2953 987
20287 988
18655 990
9478 991
7976 994
25305 995
20889 996
12289 998
26698 999
17418 1000
8429 1002
10444 1004
1829 1005
14766 1008
9391 1010
1361 1012
16007 1013
16349 1016
30933 1017
15383 1018
9119 1022
29321 1026
15502 1028
27679 1030
4137 1032
8239 1033
27224 1035
3899 1036
4566 1038
27441 1039
21744 1043
3127 1048
26305 1049
31406 1051
6144 1053
23470 1054
12231 1063
22 1066
21375 1067
31435 1068
21094 1071
24667 1072
23043 1074
18082 1075
20966 1076
17629 1077
1312 1078
26106 1081
18 1082
3435 1084
16154 1086
22200 1087
24925 1089
759 1090
2908 1092
22311 1094
26336 1096
25518 1097
29843 1100
23434 1101
26984 1102
21350 1104
30058 1106
14278 1107
20945 1109
30269 1110
4340 1111
7163 1120
12478 1122
12812 1123
26922 1124
10440 1126
26126 1127
28920 1129
7810 1130
31155 1136
11752 1138
27826 1139
17731 1140
30745 1141
30071 1144
3103 1145
13916 1147
26915 1149
14557 1151
20813 1152
335 1154
4449 1155
8339 1156
20315 1165
26627 1168
9712 1169
25303 1170
2385 1173
31156 1174
12282 1175
15652 1176
4055 1178
9660 1179
28623 1180
13420 1181
23505 1182
29960 1190
718 1192
4532 1193
19051 1194
6817 1195
11612 1196
25847 1197
1500 1200
13531 1201
14615 1202
7908 1205
24428 1206
22727 1207
9762 1212
20796 1213
9258 1216
24596 1217
12037 1220
29264 1221
25038 1224
26252 1225
27919 1226
8998 1228
16530 1232
27723 1234
26066 1235
9259 1237
3102 1239
6482 1240
22409 1241
4758 1244
3093 1247
12831 1248
20753 1251
10713 1253
14096 1254
11026 1255
11574 1263
7604 1264
11136 1266
14182 1267
6224 1268
27617 1269
26069 1270
13280 1272
15255 1275
2697 1276
25120 1277
20530 1279
28844 1283
3021 1285
13008 1286
8589 1287
4129 1289
11353 1290
230 1300
14249 1304
27427 1309
19771 1310
25554 1311
26270 1312
29347 1313
17748 1314
26064 1315
28526 1318
2612 1319
2931 1320
21886 1321
27653 1323
26602 1324
28022 1326
21652 1327
5285 1328
28948 1332
9002 1334
23443 1336
15184 1337
1550 1338
1132 1340
26598 1341
18220 1343
12928 1348
25619 1349
22290 1351
19276 1352
3193 1357
7781 1359
25548 1360
19048 1361
21965 1362
5567 1368
3818 1371
3203 1372
17928 1373
4355 1375
30099 1376
5775 1378
9005 1380
14476 1381
29003 1384
1888 1385
11603 1386
637 1391
883 1392
20048 1397
15402 1398
29313 1399
31341 1401
23648 1407
10155 1408
13157 1409
23982 1411
6940 1414
25302 1416
18960 1417
10186 1418
29730 1423
30620 1424
18042 1426
25578 1427
3415 1429
27283 1430
7453 1432
7583 1435
30682 1439
12489 1442
366 1443
27869 1444
29475 1445
3706 1446
1726 1447
6225 1448
9512 1450
11117 1451
31356 1455
11695 1457
31417 1458
21175 1461
10669 1463
19690 1464
12251 1466
4741 1468
22647 1469
19193 1472
6346 1473
8909 1475
10332 1476
23092 1479
3855 1480
24689 1483
19459 1485
1584 1486
66 1488
19654 1490
25002 1491
23309 1492
23828 1497
16437 1500
28486 1501
9565 1505
29523 1508
28052 1509
20471 1510
17080 1511
4228 1514
20603 1516
11279 1518
24715 1519
14341 1520
7133 1523
1773 1524
11767 1525
29242 1534
22623 1535
2336 1536
31134 1538
6924 1540
29508 1541
1691 1542
6609 1544
28805 1545
31345 1547
7775 1549
4572 1550
2201 1553
10261 1554
13969 1556
10214 1557
4226 1561
2124 1563
15351 1567
21479 1568
10817 1570
11651 1571
8555 1572
8755 1574
12867 1577
13525 1579
20457 1580
6619 1581
24245 1583
6263 1584
25944 1593
11758 1594
8135 1595
21691 1596
23327 1597
14980 1599
18376 1601
9013 1605
29209 1606
7020 1608
25367 1609
23915 1611
19378 1614
1448 1616
6721 1617
12974 1620
21180 1622
16122 1623
5895 1624
231 1627
9541 1628
31416 1631
17960 1632
14000 1634
11015 1635
27811 1637
20815 1639
1314 1643
27433 1647
17062 1648
28788 1652
24462 1653
18437 1654
25949 1657
10282 1659
3122 1663
10618 1664
24134 1665
29392 1666
6343 1668
24463 1670
19594 1671
18485 1672
25055 1673
24644 1674
27382 1677
26379 1678
30638 1679
4541 1685
21944 1686
11396 1688
1730 1691
252 1693
22784 1694
19320 1696
1216 1698
11147 1701
1872 1702
19649 1706
2188 1707
19564 1708
27130 1709
1741 1711
6732 1720
27868 1722
12461 1723
15868 1724
4604 1725
6156 1726
22522 1727
25246 1730
23078 1731
9332 1733
836 1734
29686 1738
3392 1739
8410 1745
12243 1746
13560 1747
9759 1750
15577 1751
1423 1753
21318 1755
20493 1756
15769 1757
3137 1759
28074 1760
14870 1762
30242 1763
7898 1765
4413 1767
809 1768
19665 1771
26567 1772
24985 1778
25331 1779
18712 1782
13381 1783
2308 1784
13690 1785
22531 1788
25259 1789
3760 1791
22375 1792
19688 1795
29438 1797
28195 1798
15365 1799
11616 1801
25004 1806
5745 1807
1169 1813
24057 1815
23541 1816
24378 1819
23956 1820
1657 1822
4984 1823
8127 1828
8039 1830
27196 1831
1907 1832
23329 1833
24124 1834
25921 1839
19773 1841
29723 1843
9925 1849
23712 1852
29043 1853
14986 1854
3325 1857
20895 1859
25399 1860
24827 1863
22740 1865
8725 1866
23792 1869
15517 1870
24617 1871
12665 1872
6155 1873
20543 1874
29446 1875
29394 1878
30763 1879
14996 1880
5389 1885
28440 1887
6078 1888
11781 1890
6481 1891
14673 1893
23651 1894
29915 1896
17378 1898
276 1901
7068 1902
1948 1903
21009 1905
28239 1906
8321 1907
14372 1909
5921 1912
21668 1915
8369 1916
22018 1917
17860 1921
2576 1923
30279 1924
26957 1927
25123 1928
18828 1929
29183 1931
27206 1932
8122 1941
11947 1945
29771 1947
14311 1948
8987 1949
7597 1950
18754 1951
570 1952
15742 1955
17795 1956
27680 1958
16223 1960
11687 1961
16344 1962
30554 1963
1523 1965
25674 1967
3695 1971
30022 1972
29812 1973
29191 1974
9862 1976
11682 1977
26618 1978
8455 1987
7385 1988
10391 1990
7222 1991
15798 1992
14149 1993
29801 1994
26267 1995
21020 1996
30701 1997
20609 1998
