1 2 0.012622
2 3 0.016892
3 4 0.023393
4 5 0.054216
5 6 0.214678
6 7 0.230564
7 8 0.915147
8 9 1.645906
9 10 2.150451
10 11 9.090413
11 12 20.478801
12 13 62.938111
13 14 179.676414
14 15 215.765123
14 16 820.3235850000001
13 17 937.061889
12 18 979.521242
11 19 101.62893799999999
19 20 877.775248
19 21 900.7858759999999
10 22 997.849549
9 23 998.3541280000001
8 24 118.28599600000001
24 25 878.4898469999999
24 26 883.1077349999999
7 27 999.769436
6 28 999.785322
5 29 999.945784
4 30 999.976607
3 31 999.9837360000001
2 32 0.00163
32 33 0.000371
33 34 7.4e-05
34 35 0.00015099999999999998
35 36 3.3e-05
36 37 1.8e-05
37 38 7.000000000000001e-06
38 39 1
39 40 1
40 41 1
41 42 1
42 43 1
43 44 1
44 45 1
45 46 1
46 47 1
47 48 1
48 49 1
49 50 1
50 51 1000.0
50 52 1000.0
49 53 1000.0
48 54 1000.0
47 55 1000.0
46 56 1e-06
56 57 1
57 58 1e-06
58 59 1
59 60 1
60 61 1
61 62 1
62 63 1
63 64 1
64 65 1
65 66 1
66 67 1
67 68 1
68 69 1
69 70 1
70 71 1
71 72 1000.0
71 73 1000.0
70 74 1000.0
69 75 1000.0
68 76 1000.0
67 77 1
77 78 1
78 79 1
79 80 1
80 81 1
81 82 1
82 83 1
83 84 1
84 85 1000.0
84 86 1
86 87 1000.0
86 88 1000.0
83 89 1000.0
82 90 1000.0
81 91 1000.0
80 92 1000.0
79 93 1000.0
78 94 1000.0
77 95 1000.0
66 96 1
96 97 1
97 98 1
98 99 2e-06
99 100 4e-06
100 101 4e-06
101 102 8e-06
102 103 3.3e-05
103 104 5.7999999999999994e-05
104 105 8.2e-05
105 106 8.9e-05
106 107 0.000127
107 108 0.00022400000000000002
108 109 0.00047500000000000005
109 110 0.000654
110 111 0.002161
111 112 0.002948
112 113 0.0036279999999999997
113 114 0.007600000000000001
114 115 0.041497
115 116 0.052147
116 117 0.110697
117 118 0.118979
118 119 0.358831
119 120 1.178847
120 121 2.613822
121 122 5.860715
122 123 9.917307000000001
123 124 30.119311999999997
124 125 33.140398999999995
125 126 1
125 127 966.859601
124 128 969.880688
123 129 990.082693
122 130 994.139285
121 131 997.386178
120 132 998.8211529999999
119 133 999.641169
118 134 999.881021
117 135 652.390031
135 136 347.838168
135 137 347.16037700000004
116 138 999.9478529999999
115 139 999.9585030000001
114 140 999.9924
113 141 999.9963720000001
112 142 999.9970519999999
111 143 999.9978390000001
110 144 999.9993460000001
109 145 999.999525
108 146 999.9997759999999
107 147 999.999873
106 148 999.9999109999999
105 149 999.999918
104 150 999.999942
103 151 999.999967
102 152 999.999992
101 153 999.999996
100 154 999.999996
99 155 999.999998
98 156 1
156 157 1000.0
156 158 1000.0
97 159 1000.0
96 160 1000.0
65 161 1000.0
64 162 1000.0
63 163 1
163 164 1
164 165 1
165 166 1
166 167 1
167 168 1
168 169 1
169 170 1
170 171 1
171 172 1
172 173 1
173 174 1
174 175 1
175 176 1000.0
175 177 1000.0
174 178 1000.0
173 179 56.923609
179 180 943.076391
179 181 943.076391
172 182 1000.0
171 183 1000.0
170 184 1000.0
169 185 1000.0
168 186 1000.0
167 187 1000.0
166 188 1000.0
165 189 1000.0
164 190 1000.0
163 191 5.999999999999999e-06
191 192 142.419902
192 193 857.5800859999999
192 194 857.580098
191 195 5.999999999999999e-06
195 196 9e-06
196 197 1.6e-05
197 198 5.9e-05
198 199 7.9e-05
199 200 0.000132
200 201 0.000166
201 202 0.000571
202 203 0.000637
203 204 0.001955
204 205 0.003023
205 206 0.008583
206 207 0.037232
207 208 0.044794
208 209 0.153654
209 210 0.21055200000000002
210 211 0.612931
211 212 0.738656
212 213 1.032467
213 214 2.526077
214 215 12.340906
215 216 14.121259
216 217 53.317517
217 218 92.31904800000001
218 219 907.6809519999999
218 220 1
217 221 946.682483
216 222 985.878741
215 223 987.659094
214 224 997.4739230000001
213 225 998.9675330000001
212 226 999.261344
211 227 999.387069
210 228 999.789448
209 229 999.846346
208 230 999.9552059999999
207 231 999.962768
206 232 999.9914170000001
205 233 999.996977
204 234 999.998045
203 235 999.999363
202 236 999.999429
201 237 999.999834
200 238 999.9998679999999
199 239 999.9999210000001
198 240 999.9999409999999
197 241 999.9999839999999
196 242 999.9999909999999
195 243 999.999994
62 244 1000.0
61 245 2.9999999999999997e-06
245 246 7.000000000000001e-06
246 247 2.3999999999999997e-05
247 248 5.4000000000000005e-05
248 249 0.000107
249 250 0.000348
250 251 0.006168000000000001
251 252 0.039134
252 253 0.442093
253 254 0.691189
254 255 0.97106
255 256 1.496546
256 257 3.111003
257 258 996.8889969999999
257 259 6.6674739999999995
259 260 29.558553
260 261 46.955661
261 262 132.067586
262 263 867.840075
262 264 213.97806799999998
261 265 953.044339
260 266 970.4414469999999
259 267 993.332526
256 268 998.503456
255 269 999.028934
254 270 999.309267
253 271 999.5570280000001
252 272 999.960916
251 273 999.993716
250 274 0.0009
274 275 0.002923
275 276 999.9970769999999
275 277 0.010257
277 278 0.013600999999999999
278 279 0.018818
279 280 0.02317
280 281 0.060652000000000005
281 282 0.083777
282 283 0.42720800000000003
283 284 0.46878800000000004
284 285 2.976845
285 286 997.023155
285 287 3.478887
287 288 4.029619
288 289 32.661206
289 290 42.610044
290 291 278.82648
291 292 721.1735199999999
291 293 1
290 294 957.3899559999999
289 295 967.338794
288 296 995.9703810000001
287 297 996.521113
284 298 999.531212
283 299 999.572792
282 300 999.916223
281 301 999.939348
280 302 999.97683
279 303 790.4341
303 304 209.626721
303 305 209.46746900000002
278 306 999.986395
277 307 487.20797500000003
307 308 512.764792
307 309 512.798655
274 310 999.9992490000001
249 311 0.000281
311 312 0.000561
312 313 0.00078
313 314 0.002015
314 315 0.004278
315 316 0.005577
316 317 999.9944230000001
316 318 0.007248
318 319 0.007802
319 320 0.031536
320 321 0.041176
321 322 999.9588239999999
321 323 0.042824999999999995
323 324 0.170838
324 325 999.829162
324 326 0.25353200000000004
326 327 1.3564450000000001
327 328 1.373968
328 329 3.741402
329 330 4.01917
330 331 56.243776999999994
331 332 943.756223
331 333 75.594055
333 334 1
333 335 924.405945
330 336 995.9808300000001
329 337 996.258598
328 338 998.6260319999999
327 339 998.643555
326 340 999.746468
323 341 999.9571749999999
320 342 999.968464
319 343 999.992198
318 344 999.992752
315 345 999.9957220000001
314 346 999.9979850000001
313 347 999.9992199999999
312 348 999.999516
311 349 18.886848
349 350 981.111943
349 351 981.113491
248 352 999.999946
247 353 999.999976
246 354 999.9999929999999
245 355 999.9999969999999
60 356 1
356 357 1
357 358 1
358 359 1000.0
358 360 1000.0
357 361 1000.0
356 362 1000.0
59 363 1
363 364 1
364 365 1
365 366 1
366 367 1
367 368 1
368 369 1
369 370 1
370 371 1
371 372 1
372 373 1
373 374 1
374 375 1
375 376 1
376 377 1
377 378 1
378 379 1
379 380 1
380 381 1000.0
380 382 1000.0
379 383 1000.0
378 384 1000.0
377 385 1000.0
376 386 1000.0
375 387 1000.0
374 388 1000.0
373 389 1000.0
372 390 1000.0
371 391 1000.0
370 392 1000.0
369 393 1000.0
368 394 1000.0
367 395 1000.0
366 396 1000.0
365 397 1000.0
364 398 1
398 399 1
399 400 1
400 401 1
401 402 1
402 403 1000.0
402 404 1000.0
401 405 1000.0
400 406 1000.0
399 407 1000.0
398 408 1000.0
363 409 1
409 410 1
410 411 1
411 412 1
412 413 1
413 414 1
414 415 1
415 416 1000.0
415 417 1000.0
414 418 1000.0
413 419 1000.0
412 420 1000.0
411 421 1000.0
410 422 1000.0
409 423 1000.0
58 424 1000.0
57 425 4.9999999999999996e-06
425 426 4.9999999999999996e-06
426 427 1.9999999999999998e-05
427 428 2.7000000000000002e-05
428 429 6.1e-05
429 430 9.4e-05
430 431 0.000851
431 432 0.001471
432 433 0.0019749999999999998
433 434 0.002205
434 435 0.005279
435 436 0.005867
436 437 0.034158
437 438 999.965842
437 439 0.06631000000000001
439 440 0.100052
440 441 0.421439
441 442 0.529273
442 443 1.0518720000000001
443 444 2.939155
444 445 997.060845
444 446 3.384699
446 447 4.325365
447 448 4.644851
448 449 6.010824
449 450 25.758968
450 451 1
450 452 974.2410319999999
449 453 993.989176
448 454 995.3551490000001
447 455 995.674635
446 456 996.6153009999999
443 457 998.948128
442 458 999.4707269999999
441 459 999.578561
440 460 999.899948
439 461 999.93369
436 462 999.994133
435 463 999.994721
434 464 999.997795
433 465 999.998025
432 466 999.998529
431 467 999.999149
430 468 999.999906
429 469 999.9999389999999
428 470 999.9999730000001
427 471 999.9999799999999
426 472 999.9999949999999
425 473 999.9999949999999
56 474 999.9999989999999
45 475 1
475 476 1
476 477 1
477 478 1000.0
477 479 1000.0
476 480 1000.0
475 481 1000.0
44 482 1
482 483 1000.0
482 484 1000.0
43 485 0.00041799999999999997
485 486 0.000576
486 487 0.00199
487 488 0.0076359999999999996
488 489 0.008667
489 490 0.030693
490 491 0.031613
491 492 0.045967
492 493 0.155013
493 494 0.179104
494 495 0.313232
495 496 1.6381199999999998
496 497 1.952892
497 498 15.384146000000001
498 499 984.6158539999999
498 500 18.308627
500 501 55.574146
501 502 73.663063
502 503 156.889243
502 504 926.3369369999999
501 505 944.425854
500 506 981.691373
497 507 998.0471079999999
496 508 998.36188
495 509 999.6867679999999
494 510 999.820896
493 511 999.844987
492 512 999.954033
491 513 999.968387
490 514 999.969307
489 515 999.991333
488 516 999.9923640000001
487 517 999.99801
486 518 999.999424
485 519 75.90964100000001
519 520 924.089524
519 521 924.090359
42 522 1
522 523 1
523 524 1
524 525 1
525 526 1
526 527 1
527 528 1
528 529 1
529 530 1
530 531 1
531 532 1
532 533 1
533 534 1
534 535 1
535 536 1000.0
535 537 1000.0
534 538 1000.0
533 539 1000.0
532 540 1000.0
531 541 1000.0
530 542 1000.0
529 543 1000.0
528 544 1
544 545 1000.0
544 546 1000.0
527 547 1000.0
526 548 1000.0
525 549 1000.0
524 550 1
550 551 1
551 552 1
552 553 1
553 554 1000.0
553 555 1000.0
552 556 1000.0
551 557 1000.0
550 558 1
558 559 1000.0
558 560 1000.0
523 561 1000.0
522 562 1000.0
41 563 1000.0
40 564 1
564 565 1
565 566 1
566 567 1
567 568 1
568 569 1
569 570 1
570 571 1
571 572 1
572 573 1
573 574 1
574 575 1
575 576 1
576 577 1
577 578 1
578 579 1
579 580 1000.0
579 581 1000.0
578 582 1000.0
577 583 1000.0
576 584 1000.0
575 585 1000.0
574 586 1000.0
573 587 1000.0
572 588 1000.0
571 589 1000.0
570 590 1000.0
569 591 1000.0
568 592 1
592 593 1
593 594 1
594 595 1
595 596 1
596 597 1000.0
596 598 1000.0
595 599 1000.0
594 600 1000.0
593 601 1
601 602 1000.0
601 603 1000.0
592 604 1000.0
567 605 1000.0
566 606 1000.0
565 607 1000.0
564 608 1
608 609 1
609 610 1
610 611 1
611 612 1
612 613 1
613 614 1
614 615 1
615 616 1
616 617 1
617 618 1
618 619 1
619 620 1
620 621 1
621 622 1
622 623 1
623 624 1
624 625 1
625 626 1
626 627 1
627 628 1
628 629 1
629 630 1
630 631 1
631 632 1
632 633 1
633 634 1
634 635 1
635 636 1
636 637 1
637 638 1
638 639 1
639 640 1
640 641 1
641 642 377.800379
642 643 622.199621
642 644 622.199621
641 645 1000.0
640 646 701.0440209999999
646 647 298.955979
646 648 298.955979
639 649 1000.0
638 650 1000.0
637 651 1000.0
636 652 1000.0
635 653 1000.0
634 654 1000.0
633 655 1000.0
632 656 1000.0
631 657 1000.0
630 658 1000.0
629 659 1000.0
628 660 1000.0
627 661 1000.0
626 662 1000.0
625 663 1000.0
624 664 1000.0
623 665 1000.0
622 666 1000.0
621 667 1000.0
620 668 1000.0
619 669 1000.0
618 670 1000.0
617 671 1000.0
616 672 1000.0
615 673 1000.0
614 674 1
674 675 1
675 676 1
676 677 1
677 678 1
678 679 1
679 680 1000.0
679 681 1000.0
678 682 1000.0
677 683 1000.0
676 684 1000.0
675 685 1000.0
674 686 1000.0
613 687 151.25394400000002
687 688 848.7460560000001
687 689 848.7460560000001
612 690 1000.0
611 691 1000.0
610 692 1000.0
609 693 1000.0
608 694 1000.0
39 695 1000.0
38 696 1000.0
37 697 0.00015999999999999999
697 698 999.9998400000001
697 699 0.000313
699 700 999.999687
699 701 0.000444
701 702 0.000643
702 703 0.007455
703 704 0.010617
704 705 0.028762
705 706 0.093815
706 707 0.13733700000000001
707 708 0.17677299999999999
708 709 0.230825
709 710 1.072775
710 711 1.4543499999999998
711 712 3.5593239999999997
712 713 5.940632
713 714 994.059368
713 715 6.041142
715 716 27.669559
716 717 125.87375700000001
717 718 874.126243
717 719 102.05205699999999
716 720 972.3304410000001
715 721 993.9588580000001
712 722 996.4406759999999
711 723 951.0686720000001
723 724 49.432808
723 725 45.521147
710 726 965.0328160000001
726 727 36.562261
726 728 31.226556
709 729 999.7691749999999
708 730 999.8232270000001
707 731 999.862663
706 732 195.204573
732 733 804.9085699999999
732 734 804.494654
705 735 999.971238
704 736 999.989383
703 737 999.992545
702 738 999.9993570000001
701 739 999.999556
36 740 3.5e-05
740 741 0.000194
741 742 0.001639
742 743 999.998428
742 744 0.00249
744 745 0.013057
745 746 999.986943
745 747 0.027638
747 748 0.044680000000000004
748 749 0.104502
749 750 0.330159
750 751 0.36892
751 752 0.5111509999999999
752 753 1.684154
753 754 2.2187479999999997
754 755 997.781252
754 756 6.860943999999999
756 757 7.538854000000001
757 758 12.309506
758 759 206.357682
759 760 166.215271
759 761 793.642318
758 762 987.690494
757 763 992.461146
756 764 993.1390560000001
753 765 998.3158460000001
752 766 999.488848
751 767 999.63108
750 768 999.669841
749 769 999.8954980000001
748 770 999.9553199999999
747 771 138.310471
771 772 861.71591
771 773 861.607873
744 774 999.99751
741 775 0.005525
775 776 999.994478
775 777 0.022071
777 778 0.04808
778 779 0.39053
779 780 1.704067
780 781 5.167029
781 782 241.397713
782 783 743.295793
782 784 754.6730809999999
781 785 9.547044
785 786 11.707688
786 787 988.1273910000001
786 788 12.619012
788 789 114.035942
789 790 620.846262
789 791 885.964059
788 792 987.463448
785 793 992.678366
780 794 998.296205
779 795 113.097666
795 796 886.106457
795 797 886.98429
778 798 0.18296600000000002
798 799 0.376366
799 800 0.933113
800 801 1.147962
801 802 3.294661
802 803 19.234673
803 804 29.299289
804 805 970.700711
804 806 47.327993
806 807 48.861051
807 808 313.286207
807 809 951.1389489999999
806 810 952.672005
803 811 980.765327
802 812 996.705338
801 813 998.8520380000001
800 814 999.0668870000001
799 815 999.706121
798 816 45.775422999999996
816 817 93.46906299999999
817 818 814.119869
817 819 905.9324379999999
816 820 954.258608
777 821 996.974148
821 822 3.0032300000000003
821 823 3.0043
740 824 0.000598
824 825 999.9994170000001
824 826 0.0020109999999999998
826 827 0.0026579999999999998
827 828 0.012373
828 829 999.987627
828 830 0.012837
830 831 0.012918
831 832 0.017175
832 833 0.044310999999999996
833 834 0.064879
834 835 0.26426499999999997
835 836 0.38566300000000003
836 837 4.124147000000001
837 838 6.854696000000001
838 839 15.619701999999998
839 840 984.3802979999999
839 841 27.29986
841 842 232.610689
842 843 763.455025
842 844 307.511176
844 845 1
844 846 664.31005
841 847 972.70014
838 848 993.145305
837 849 995.875852
836 850 999.6143370000001
835 851 999.735735
834 852 999.935121
833 853 999.9556889999999
832 854 999.982825
831 855 999.987082
830 856 999.9871629999999
827 857 999.997342
826 858 999.9979890000001
35 859 999.999968
34 860 0.000338
860 861 0.004727
861 862 999.995355
861 863 0.007464
863 864 0.022036
864 865 0.0439
865 866 0.385761
866 867 1.6726100000000002
867 868 1.685817
868 869 3.67375
869 870 12.428040999999999
870 871 36.010414000000004
871 872 115.26664799999999
872 873 140.546228
873 874 859.453772
873 875 75.24908099999999
872 876 884.73335
871 877 963.9896
870 878 987.5719300000001
869 879 996.3262500000001
868 880 998.314184
867 881 998.33289
866 882 1.1203589999999999
882 883 998.03935
882 884 2.1587769999999997
884 885 1.9277499999999999
885 886 11.108614
886 887 21.230605
887 888 162.584721
888 889 393.3693
889 890 475.052233
889 891 137.65499
888 892 851.2529490000001
887 893 951.094061
886 894 29.098733
894 895 41.946286
895 896 832.344321
895 897 958.053716
894 898 123.555011
898 899 818.67761
898 900 899.0923240000001
885 901 998.0723340000001
884 902 9.595210999999999
902 903 102.717225
903 904 897.89765
903 905 870.154013
902 906 22.728583999999998
906 907 31.402931000000002
907 908 402.76938299999995
908 909 640.465852
908 910 488.72944800000005
907 911 882.1265999999999
906 912 979.88886
865 913 46.627884
913 914 953.4326310000001
913 915 953.2246620000001
864 916 999.9771020000001
863 917 999.9925360000001
860 918 0.000865
918 919 0.006038
919 920 0.042949999999999995
920 921 0.06318800000000001
921 922 0.364701
922 923 0.528511
923 924 1.733253
924 925 3.247913
925 926 9.663997
926 927 23.048567000000002
927 928 30.237552
928 929 70.27543899999999
929 930 464.190152
929 931 929.7245609999999
928 932 969.762448
927 933 976.951433
926 934 990.336003
925 935 996.752089
924 936 998.266742
923 937 999.472793
922 938 1.788298
938 939 2.529217
939 940 4.650009
940 941 34.144308
941 942 52.225457
942 943 947.7767869999999
942 944 130.82619499999998
944 945 487.76807399999996
944 946 869.173786
941 947 965.8512039999999
940 948 995.34999
939 949 997.969765
938 950 997.399413
921 951 999.936806
920 952 999.9570500000001
919 953 999.994058
918 954 0.003788
954 955 0.022074
955 956 0.032562
956 957 0.23272800000000002
957 958 0.41354199999999997
958 959 0.827266
959 960 999.172587
959 961 1.225644
961 962 998.774429
961 963 2.9954140000000002
963 964 997.0045860000001
963 965 8.622835
965 966 15.033764999999999
966 967 984.9662329999999
966 968 80.465377
968 969 321.748482
969 970 147.95457299999998
969 971 622.679631
968 972 915.314862
965 973 814.0196129999999
973 974 172.54312199999998
973 975 182.17198
958 976 999.5864579999999
957 977 999.767272
956 978 999.967438
955 979 4.266144000000001
979 980 995.7399049999999
979 981 995.683659
954 982 999.9967
33 983 0.00043200000000000004
983 984 0.000991
984 985 0.003489
985 986 0.08259899999999999
986 987 0.118534
987 988 0.210742
988 989 1.890497
989 990 2.1835210000000003
990 991 3.6389739999999997
991 992 11.745087
992 993 44.559149
993 994 166.994102
994 995 833.005898
994 996 519.6898080000001
993 997 955.440851
992 998 145.601527
998 999 808.756119
998 1000 876.550654
991 1001 996.3611309999999
990 1002 997.8163240000001
989 1003 998.109392
988 1004 999.789258
987 1005 248.385467
1005 1006 751.283642
1005 1007 295.282781
1007 1008 207.921574
1007 1009 621.286919
1009 1010 1
1009 1011 191.174406
986 1012 999.919395
985 1013 0.016326
1013 1014 0.044048
1014 1015 0.129915
1015 1016 0.331532
1016 1017 3.4352059999999995
1017 1018 996.564725
1017 1019 4.435295
1019 1020 10.901612
1020 1021 14.578401999999999
1021 1022 44.199094
1022 1023 74.799865
1023 1024 925.199316
1023 1025 453.375974
1022 1026 955.800895
1021 1027 985.4216210000001
1020 1028 989.098289
1019 1029 995.5647129999999
1016 1030 999.6827480000001
1015 1031 0.515852
1031 1032 4.902798
1032 1033 10.424527999999999
1033 1034 43.456695
1034 1035 208.698003
1035 1036 679.123522
1035 1037 813.8135719999999
1034 1038 66.96123200000001
1038 1039 933.727145
1038 1040 755.390366
1033 1041 989.790958
1032 1042 994.666228
1031 1043 999.55544
1014 1044 999.962504
1013 1045 0.00303
1045 1046 0.173573
1046 1047 0.271926
1047 1048 3.5983389999999997
1048 1049 13.756604
1049 1050 956.630337
1050 1051 23.642844
1050 1052 35.547276
1049 1053 28.272964
1053 1054 59.594148000000004
1054 1055 143.532129
1055 1056 856.4679520000001
1055 1057 433.538024
1054 1058 940.40569
1053 1059 971.736035
1048 1060 996.417106
1047 1061 12.070086
1061 1062 27.487431
1062 1063 35.95452
1063 1064 964.0454760000001
1063 1065 187.817387
1065 1066 527.1452469999999
1065 1067 812.182614
1062 1068 972.5125690000001
1061 1069 988.151521
1046 1070 999.8459320000001
1045 1071 2.9772860000000003
1071 1072 55.666971
1072 1073 944.3840120000001
1072 1074 938.347501
1071 1075 5.738359
1075 1076 994.222991
1075 1077 12.631106
1077 1078 91.868916
1078 1079 835.572024
1078 1080 908.162602
1077 1081 33.050611
1081 1082 978.7753439999999
1081 1083 929.773802
984 1084 0.0018059999999999999
1084 1085 0.00184
1085 1086 0.0023510000000000002
1086 1087 0.002022
1087 1088 0.020272000000000002
1088 1089 0.21799200000000002
1089 1090 0.813183
1090 1091 3.109946
1091 1092 9.150425
1092 1093 19.141426
1093 1094 23.604078
1094 1095 31.644159
1095 1096 59.958645
1096 1097 940.041365
1096 1098 291.784482
1095 1099 968.355816
1094 1100 976.395918
1093 1101 980.858574
1092 1102 990.849576
1091 1103 996.890265
1090 1104 621.9490979999999
1104 1105 376.126799
1104 1106 378.362827
1089 1107 0.30652
1107 1108 1.236861
1108 1109 0.32920699999999997
1109 1110 5.606927
1110 1111 18.288805
1111 1112 984.5111620000001
1111 1113 88.476565
1113 1114 308.403323
1114 1115 698.37475
1114 1116 418.79008999999996
1113 1117 897.9664809999999
1110 1118 25.945386999999997
1118 1119 48.270108
1119 1120 954.526355
1119 1121 346.449993
1121 1122 653.5496069999999
1121 1123 393.383513
1118 1124 59.336799
1124 1125 240.643385
1125 1126 759.356615
1125 1127 500.969012
1124 1128 947.445129
1109 1129 35.194989
1129 1130 43.411892
1130 1131 959.294157
1130 1132 879.126795
1129 1133 959.8146160000001
1108 1134 2.655067
1134 1135 997.885133
1134 1136 3.054537
1136 1137 11.886691
1137 1138 57.782612
1138 1139 942.2167910000001
1138 1140 62.217789999999994
1140 1141 668.013065
1140 1142 937.7825079999999
1137 1143 988.1133090000001
1136 1144 996.9454710000001
1107 1145 11.695424000000001
1145 1146 987.777571
1145 1147 44.089523
1147 1148 57.942936
1148 1149 942.057211
1148 1150 69.10116
1150 1151 535.507703
1150 1152 930.898801
1147 1153 956.17695
1088 1154 0.026163
1154 1155 0.015734
1155 1156 0.228829
1156 1157 999.7948839999999
1156 1158 0.28769300000000003
1158 1159 2.0203860000000002
1159 1160 12.439352
1160 1161 15.681547000000002
1161 1162 42.392703999999995
1162 1163 194.05883
1163 1164 805.94113
1163 1165 494.402443
1162 1166 957.6142150000001
1161 1167 984.3046190000001
1160 1168 987.5606449999999
1159 1169 997.979614
1158 1170 999.712307
1155 1171 0.035993
1171 1172 0.753022
1172 1173 999.246978
1172 1174 2.584742
1174 1175 997.330584
1174 1176 5.748058
1176 1177 15.070265
1177 1178 28.204835
1178 1179 117.333774
1179 1180 882.666177
1179 1181 179.94591
1181 1182 820.054085
1181 1183 114.12243500000001
1178 1184 971.795165
1177 1185 984.929735
1176 1186 994.294279
1171 1187 999.9989680000001
1154 1188 0.232056
1188 1189 0.54662
1189 1190 1.9578080000000002
1190 1191 16.979411
1191 1192 236.77953
1192 1193 728.455828
1192 1194 766.472744
1191 1195 46.948073
1195 1196 953.0769290000001
1195 1197 908.405455
1190 1198 13.342099
1198 1199 986.705366
1198 1200 61.565484000000005
1200 1201 723.318777
1201 1202 254.99953999999997
1201 1203 113.968388
1200 1204 108.74117299999999
1204 1205 737.980279
1204 1206 893.077641
1189 1207 8.542813
1207 1208 991.8445280000001
1207 1209 39.261973
1209 1210 809.790219
1210 1211 91.638961
1210 1212 170.16288600000001
1209 1213 960.7380380000001
1188 1214 999.7766690000001
1087 1215 0.111302
1215 1216 20.540461
1216 1217 456.71602
1217 1218 543.043074
1217 1219 501.997068
1216 1220 278.498238
1220 1221 721.622455
1220 1222 439.48250900000005
1222 1223 90.519047
1222 1224 391.18414
1215 1225 0.196657
1225 1226 0.611993
1226 1227 4.427798
1227 1228 4.276408
1228 1229 51.186202
1229 1230 67.494867
1230 1231 767.134194
1230 1232 933.5891280000001
1229 1233 946.6429350000001
1228 1234 995.723609
1227 1235 996.0393959999999
1226 1236 1.6653479999999998
1236 1237 15.297795
1237 1238 15.637867
1238 1239 58.778273999999996
1239 1240 185.886356
1240 1241 807.810696
1240 1242 468.32706999999994
1239 1243 940.980257
1238 1244 984.370297
1237 1245 985.771347
1236 1246 24.881666
1246 1247 147.526428
1247 1248 796.135462
1247 1249 847.1353929999999
1246 1250 32.210945
1250 1251 971.00089
1250 1252 911.406542
1225 1253 999.803822
1086 1254 0.008067
1254 1255 0.016385999999999998
1255 1256 0.07033299999999999
1256 1257 0.209843
1257 1258 4.389532
1258 1259 9.739641
1259 1260 40.953877
1260 1261 43.443267
1261 1262 221.855135
1262 1263 367.034139
1262 1264 778.144812
1261 1265 956.662209
1260 1266 958.8351700000001
1259 1267 990.260359
1258 1268 995.6267929999999
1257 1269 1.7437589999999998
1269 1270 21.755408000000003
1270 1271 974.6476749999999
1270 1272 978.565619
1269 1273 1.8113069999999998
1273 1274 998.188792
1273 1275 13.947669
1275 1276 49.677418
1276 1277 942.134746
1276 1278 102.061954
1278 1279 749.2811399999999
1278 1280 856.850547
1275 1281 986.052334
1256 1282 12.302934
1282 1283 13.726629
1283 1284 961.393228
1283 1285 986.06824
1282 1286 987.7168470000001
1255 1287 0.037758
1287 1288 0.126166
1288 1289 0.22359400000000001
1289 1290 1.859605
1290 1291 5.530439
1291 1292 56.135177999999996
1292 1293 161.80269199999998
1293 1294 722.382163
1293 1295 848.058183
1292 1296 165.036561
1296 1297 689.566956
1296 1298 834.963717
1291 1299 30.024631000000003
1299 1300 952.049729
1299 1301 98.091675
1301 1302 911.1698289999999
1301 1303 83.820362
1303 1304 778.350892
1303 1305 222.356355
1305 1306 101.39080700000001
1305 1307 846.558048
1290 1308 2.1229270000000002
1308 1309 30.684572
1309 1310 733.8109850000001
1310 1311 197.004222
1310 1312 268.218371
1309 1313 71.749616
1313 1314 930.1555099999999
1313 1315 121.058033
1315 1316 878.941947
1315 1317 580.079097
1308 1318 7.294515
1318 1319 44.984211
1319 1320 959.9676199999999
1319 1321 939.33662
1318 1322 29.894088000000004
1322 1323 968.754586
1322 1324 38.543974
1324 1325 962.131688
1324 1326 842.625517
1289 1327 1.9648120000000002
1327 1328 883.4438499999999
1328 1329 112.77185700000001
1328 1330 117.14938800000002
1327 1331 7.417654999999999
1331 1332 992.5823449999999
1331 1333 50.83318
1333 1334 64.033604
1334 1335 936.5595300000001
1334 1336 784.152783
1333 1337 947.980553
1288 1338 999.8787970000001
1287 1339 999.962993
1254 1340 0.037438
1340 1341 0.325815
1341 1342 1.6339949999999999
1342 1343 6.204284
1343 1344 989.1573770000001
1343 1345 24.554001
1345 1346 55.34338399999999
1346 1347 66.307757
1347 1348 665.907522
1347 1349 933.692243
1346 1350 944.65764
1345 1351 977.7681680000001
1342 1352 3.024786
1352 1353 4.857073
1353 1354 13.984160000000001
1354 1355 53.574540000000006
1355 1356 94.386922
1356 1357 905.613213
1356 1358 598.288988
1355 1359 946.42519
1354 1360 986.0158399999999
1353 1361 995.143201
1352 1362 997.345109
1341 1363 0.847966
1363 1364 2.936233
1364 1365 3.815782
1365 1366 5.649895
1366 1367 30.980596
1367 1368 31.128636
1368 1369 88.929932
1369 1370 911.0532949999999
1369 1371 415.011332
1368 1372 968.8704080000001
1367 1373 969.019411
1366 1374 994.350509
1365 1375 996.18338
1364 1376 997.063767
1363 1377 999.1559799999999
1340 1378 1.3011089999999998
1378 1379 8.902353999999999
1379 1380 11.062603
1380 1381 54.94942699999999
1381 1382 911.001573
1381 1383 956.722273
1380 1384 115.691085
1384 1385 815.4332569999999
1384 1386 884.371938
1379 1387 991.097646
1378 1388 998.709785
1085 1389 0.003701
1389 1390 0.011301
1390 1391 0.02722
1391 1392 0.05881
1392 1393 0.115076
1393 1394 4.5058489999999995
1394 1395 13.699095999999999
1395 1396 986.3009950000001
1395 1397 17.740515000000002
1397 1398 76.386045
1398 1399 794.4845670000001
1398 1400 923.260285
1397 1401 982.259462
1394 1402 52.036224
1402 1403 948.1951320000001
1402 1404 938.85615
1393 1405 0.959975
1405 1406 4.263297
1406 1407 995.803465
1406 1408 11.358229
1408 1409 18.737696
1409 1410 35.599897000000006
1410 1411 314.495252
1411 1412 754.367579
1411 1413 545.441806
1410 1414 176.747133
1414 1415 823.2519269999999
1414 1416 476.602687
1409 1417 981.2624930000001
1408 1418 988.6413920000001
1405 1419 47.55039
1419 1420 952.627521
1419 1421 104.327689
1421 1422 893.372003
1421 1423 798.360631
1392 1424 0.191278
1424 1425 0.555353
1425 1426 0.685324
1426 1427 4.911148
1427 1428 6.538636
1428 1429 8.786586
1429 1430 140.24356899999998
1430 1431 890.82002
1430 1432 811.118764
1429 1433 28.065957
1433 1434 181.631193
1434 1435 478.57778700000006
1434 1436 818.3687839999999
1433 1437 971.934269
1428 1438 993.461364
1427 1439 995.088852
1426 1440 999.314676
1425 1441 999.500505
1424 1442 5.841701
1442 1443 10.577024999999999
1443 1444 34.48323
1444 1445 136.950306
1445 1446 862.922945
1445 1447 739.899804
1444 1448 971.660743
1443 1449 16.585153
1449 1450 95.47601300000001
1450 1451 904.5238189999999
1450 1452 780.892006
1449 1453 983.532401
1442 1454 993.667606
1391 1455 999.9777290000001
1390 1456 66.212107
1456 1457 933.751541
1456 1458 933.792418
1389 1459 0.006234
1459 1460 0.026883
1460 1461 0.39077599999999996
1461 1462 1.1209770000000001
1462 1463 1.501942
1463 1464 3.092239
1464 1465 4.306367
1465 1466 19.99622
1466 1467 59.67759
1467 1468 139.04529000000002
1468 1469 391.028888
1468 1470 860.955099
1467 1471 940.331714
1466 1472 979.983618
1465 1473 995.693633
1464 1474 996.9077609999999
1463 1475 998.498573
1462 1476 998.895306
1461 1477 1.707496
1477 1478 143.931114
1478 1479 850.8700429999999
1478 1480 856.0355830000001
1477 1481 998.355737
1460 1482 0.11464400000000001
1482 1483 0.190296
1483 1484 2.398905
1484 1485 2.708372
1485 1486 5.2125390000000005
1486 1487 39.110481
1487 1488 299.889286
1488 1489 699.32665
1488 1490 524.931215
1487 1491 240.575444
1491 1492 783.860045
1491 1493 656.767701
1486 1494 27.887157000000002
1494 1495 373.81969100000003
1495 1496 574.804162
1495 1497 641.005093
1494 1498 130.045659
1498 1499 774.1040489999999
1498 1500 869.9544080000001
1485 1501 37.839736
1501 1502 271.899888
1502 1503 634.683794
1502 1504 728.100113
1501 1505 965.612108
1484 1506 339.16596499999997
1506 1507 661.383008
1506 1508 655.5778680000001
1483 1509 4.844714
1509 1510 17.382997
1510 1511 63.269785
1511 1512 115.293154
1512 1513 644.672891
1512 1514 884.7067940000001
1511 1515 936.730215
1510 1516 982.661998
1509 1517 995.222468
1482 1518 0.753924
1518 1519 16.22596
1519 1520 39.144453
1520 1521 150.49754099999998
1521 1522 849.210131
1521 1523 698.6702730000001
1520 1524 960.8555470000001
1519 1525 983.7740399999999
1518 1526 692.184755
1526 1527 307.962281
1526 1528 306.273412
1459 1529 0.26700999999999997
1529 1530 0.27347
1530 1531 0.408747
1531 1532 0.457368
1532 1533 2.043213
1533 1534 8.860517
1534 1535 43.396891
1535 1536 63.217508
1536 1537 165.797604
1537 1538 834.2022919999999
1537 1539 280.535727
1536 1540 936.782193
1535 1541 956.6031089999999
1534 1542 991.139483
1533 1543 997.9567870000001
1532 1544 999.542632
1531 1545 999.591609
1530 1546 184.61138699999998
1546 1547 814.550225
1546 1548 815.67864
1529 1549 999.7448199999999
1084 1550 0.0031989999999999996
1550 1551 0.011774
1551 1552 0.028732999999999998
1552 1553 0.16871
1553 1554 184.993291
1554 1555 814.474081
1554 1556 814.997878
1553 1557 0.303318
1557 1558 1.417775
1558 1559 2.16054
1559 1560 3.8358160000000003
1560 1561 17.408302
1561 1562 23.156729000000002
1562 1563 70.657736
1563 1564 929.342039
1563 1565 660.928208
1562 1566 976.8432089999999
1561 1567 982.591899
1560 1568 78.413187
1568 1569 906.5147420000001
1568 1570 929.268499
1559 1571 997.557409
1558 1572 998.5893060000001
1557 1573 0.873924
1573 1574 2.116559
1574 1575 7.451539
1575 1576 37.519733
1576 1577 48.314575999999995
1577 1578 58.853165
1578 1579 565.322545
1578 1580 941.146833
1577 1581 951.685424
1576 1582 962.480405
1575 1583 992.548186
1574 1584 998.225426
1573 1585 23.071238
1585 1586 58.728468
1586 1587 890.536413
1586 1588 941.6134189999999
1585 1589 976.392926
1552 1590 1.05128
1590 1591 1.120733
1591 1592 2.041121
1592 1593 91.74101999999999
1593 1594 911.608101
1593 1595 900.6285589999999
1592 1596 3.472318
1596 1597 426.371929
1597 1598 557.9943000000001
1597 1599 582.4170439999999
1596 1600 11.189646999999999
1600 1601 988.806592
1600 1602 161.825692
1602 1603 742.679122
1602 1604 827.2963409999999
1591 1605 998.8786490000001
1590 1606 649.3431929999999
1606 1607 348.537508
1606 1608 350.709913
1551 1609 0.017914
1609 1610 0.102121
1610 1611 0.672141
1611 1612 1.133916
1612 1613 6.438275
1613 1614 10.535163
1614 1615 79.33031299999999
1615 1616 920.669641
1615 1617 857.4147800000001
1614 1618 56.93874100000001
1618 1619 374.91012
1619 1620 645.751578
1619 1621 512.482241
1618 1622 912.703651
1613 1623 20.491673
1623 1624 246.973525
1624 1625 762.953021
1624 1626 705.79323
1623 1627 58.095136999999994
1627 1628 941.9129
1627 1629 864.851793
1612 1630 12.662476
1630 1631 53.035805
1631 1632 948.826031
1631 1633 91.607074
1633 1634 778.676293
1633 1635 881.018803
1630 1636 92.855543
1636 1637 164.569357
1637 1638 849.119112
1637 1639 628.5680179999999
1636 1640 879.770293
1611 1641 3.5538559999999997
1641 1642 17.568295
1642 1643 18.992867999999998
1643 1644 136.483286
1644 1645 863.6086049999999
1644 1646 722.340528
1643 1647 153.768243
1647 1648 782.286735
1647 1649 871.8218079999999
1642 1650 983.3194569999999
1641 1651 32.479328
1651 1652 143.762641
1652 1653 772.573077
1652 1654 857.1249760000001
1651 1655 965.837951
1610 1656 0.157701
1656 1657 1.0381049999999998
1657 1658 2.178067
1658 1659 5.019867
1659 1660 10.572621999999999
1660 1661 37.270956999999996
1661 1662 287.23182299999996
1662 1663 592.628048
1662 1664 742.8121
1661 1665 57.402888
1665 1666 727.213163
1665 1667 946.4856749999999
1660 1668 991.5347110000001
1659 1669 574.64556
1669 1670 403.17429699999997
1669 1671 429.252765
1658 1672 10.432542999999999
1672 1673 85.81608800000001
1673 1674 890.713374
1673 1675 109.604202
1675 1676 701.787303
1675 1677 903.1933520000001
1672 1678 51.45902
1678 1679 950.6482560000001
1678 1680 541.354107
1680 1681 300.436931
1680 1682 458.45927599999993
1657 1683 998.961895
1656 1684 999.878526
1609 1685 0.052702
1685 1686 0.146127
1686 1687 0.81171
1687 1688 2.53336
1688 1689 997.476771
1688 1690 10.844855
1690 1691 989.155145
1690 1692 12.016456999999999
1692 1693 987.983543
1692 1694 34.703589
1694 1695 69.049131
1695 1696 74.91909199999999
1696 1697 925.080904
1696 1698 198.296664
1695 1699 930.9508709999999
1694 1700 965.2964069999999
1687 1701 45.055224
1701 1702 955.290822
1701 1703 688.486524
1703 1704 217.372943
1703 1705 311.52358200000003
1686 1706 999.88264
1685 1707 0.46859700000000004
1707 1708 1.300282
1708 1709 4.447443
1709 1710 9.872154
1710 1711 20.755724
1711 1712 59.13058
1712 1713 268.839487
1713 1714 306.187298
1713 1715 731.207155
1712 1716 940.776137
1711 1717 979.244703
1710 1718 990.1269920000001
1709 1719 995.552589
1708 1720 42.033139000000006
1720 1721 132.544708
1721 1722 867.4552909999999
1721 1723 777.56321
1720 1724 958.531298
1707 1725 0.892159
1725 1726 9.72964
1726 1727 15.831883
1727 1728 88.338104
1728 1729 236.572647
1729 1730 763.493041
1729 1731 417.734804
1728 1732 911.545499
1727 1733 984.6504299999999
1726 1734 293.375543
1734 1735 708.295522
1734 1736 683.587973
1725 1737 998.944216
1550 1738 0.0013349999999999998
1738 1739 0.017416
1739 1740 0.02981
1740 1741 999.970188
1740 1742 0.129746
1742 1743 0.747103
1743 1744 1.8634899999999999
1744 1745 2.7817499999999997
1745 1746 3.6589240000000003
1746 1747 26.275107
1747 1748 122.63694000000001
1748 1749 194.278907
1749 1750 805.721089
1749 1751 237.970592
1748 1752 877.3630770000001
1747 1753 973.7248729999999
1746 1754 996.341048
1745 1755 997.218323
1744 1756 998.1363650000001
1743 1757 76.104366
1757 1758 924.195131
1757 1759 922.1700979999999
1742 1760 1.269936
1760 1761 9.193515
1761 1762 19.092945999999998
1762 1763 45.998832
1763 1764 954.001143
1763 1765 60.924033
1765 1766 690.037322
1765 1767 939.0752799999999
1762 1768 982.6072039999999
1761 1769 217.157238
1769 1770 760.584128
1769 1771 779.9315939999999
1760 1772 5.389994
1772 1773 17.087353999999998
1773 1774 524.916075
1774 1775 432.821151
1774 1776 483.166512
1773 1777 64.00266
1777 1778 196.258963
1778 1779 737.222303
1778 1780 609.219723
1777 1781 935.99871
1772 1782 994.866839
1739 1783 118.68816699999999
1783 1784 881.276267
1783 1785 881.3240139999999
1738 1786 0.216549
1786 1787 161.96668400000001
1787 1788 838.046606
1787 1789 837.596142
1786 1790 0.45532300000000003
1790 1791 999.5446790000001
1790 1792 2.967054
1792 1793 13.429735
1793 1794 798.2163439999999
1794 1795 206.6127
1794 1796 170.086176
1793 1797 42.580701999999995
1797 1798 106.836419
1798 1799 893.162957
1798 1800 138.931012
1800 1801 859.667034
1800 1802 293.767696
1797 1803 957.42152
1792 1804 997.0322899999999
983 1805 0.000531
1805 1806 0.003192
1806 1807 0.005581
1807 1808 0.059256
1808 1809 0.14838099999999999
1809 1810 999.851619
1809 1811 0.185421
1811 1812 0.42840100000000003
1812 1813 0.555395
1813 1814 2.177883
1814 1815 5.82539
1815 1816 8.471599000000001
1816 1817 18.643383
1817 1818 39.997851000000004
1818 1819 960.002972
1818 1820 180.326287
1820 1821 819.5209950000001
1820 1822 125.61735700000001
1817 1823 981.354972
1816 1824 991.5284019999999
1815 1825 994.174609
1814 1826 997.8221149999999
1813 1827 999.444605
1812 1828 999.5715990000001
1811 1829 999.8145790000001
1808 1830 999.9407440000001
1807 1831 999.9952119999999
1806 1832 0.024914000000000002
1832 1833 0.068375
1833 1834 0.181762
1834 1835 0.39826100000000003
1835 1836 3.089786
1836 1837 8.684595999999999
1837 1838 8.976371
1838 1839 10.785720999999999
1839 1840 55.786609
1840 1841 62.251908
1841 1842 392.958727
1841 1843 937.748073
1840 1844 944.2133719999999
1839 1845 989.214399
1838 1846 991.02339
1837 1847 991.3154040000001
1836 1848 996.910214
1835 1849 999.6020100000001
1834 1850 1.9941520000000001
1850 1851 2.470613
1851 1852 4.296914
1852 1853 25.753974000000003
1853 1854 27.861355
1854 1855 83.190781
1855 1856 88.825071
1856 1857 911.174875
1856 1858 142.766091
1855 1859 916.80922
1854 1860 972.1387419999999
1853 1861 974.346122
1852 1862 995.5025069999999
1851 1863 997.7348770000001
1850 1864 997.718532
1833 1865 999.936499
1832 1866 0.09677899999999999
1866 1867 1.340866
1867 1868 42.491614
1868 1869 957.6387739999999
1868 1870 954.764705
1867 1871 2.733058
1871 1872 4.219634
1872 1873 37.273929
1873 1874 72.89683500000001
1874 1875 113.462946
1875 1876 464.00451
1875 1877 886.5369919999999
1874 1878 927.1031539999999
1873 1879 962.7260939999999
1872 1880 995.7803200000001
1871 1881 997.2669420000001
1866 1882 3.160147
1882 1883 996.579352
1882 1884 34.518511000000004
1884 1885 958.953088
1884 1886 965.5529100000001
1805 1887 0.010773999999999999
1887 1888 0.080713
1888 1889 110.913317
1889 1890 888.9117640000001
1889 1891 889.0968839999999
1888 1892 0.100638
1892 1893 999.9001850000001
1892 1894 0.210081
1894 1895 0.609309
1895 1896 1.424772
1896 1897 1.7138870000000002
1897 1898 5.087823
1898 1899 22.963626
1899 1900 33.689479
1900 1901 75.43845
1901 1902 924.561546
1901 1903 76.583253
1903 1904 1
1903 1905 923.4167510000001
1900 1906 966.310542
1899 1907 977.036313
1898 1908 994.9121769999999
1897 1909 998.286113
1896 1910 998.5755429999999
1895 1911 999.3900610000001
1894 1912 999.789919
1887 1913 444.062494
1913 1914 555.938869
1913 1915 555.916257
32 1916 0.002418
1916 1917 0.230072
1917 1918 0.32791600000000004
1918 1919 3.1400119999999996
1919 1920 5.864558000000001
1920 1921 7.647927999999999
1921 1922 14.885555
1922 1923 985.1144449999999
1922 1924 63.898326000000004
1924 1925 936.101674
1924 1926 752.999939
1921 1927 992.3520720000001
1920 1928 994.135442
1919 1929 996.8599879999999
1918 1930 999.672084
1917 1931 999.770912
1916 1932 0.031942
1932 1933 0.056596999999999995
1933 1934 0.144277
1934 1935 999.8592540000001
1934 1936 0.411279
1936 1937 999.588721
1936 1938 1.4412319999999998
1938 1939 2.14277
1939 1940 8.929658
1940 1941 23.039439
1941 1942 976.9605609999999
1941 1943 74.702229
1943 1944 925.297771
1943 1945 319.4584
1945 1946 673.293397
1945 1947 215.73643800000002
1940 1948 991.0703420000001
1939 1949 997.8572290000001
1938 1950 87.108328
1950 1951 908.780299
1950 1952 914.120581
1933 1953 1.015669
1953 1954 1.33301
1954 1955 2.996099
1955 1956 22.884889
1956 1957 44.132407
1957 1958 962.3682289999999
1957 1959 62.758209
1959 1960 716.7741000000001
1959 1961 937.241848
1956 1962 109.10085000000001
1962 1963 815.715305
1962 1964 894.3724579999999
1955 1965 996.9416600000001
1954 1966 998.729774
1953 1967 998.895716
1932 1968 999.968092
1 1969 0.06368
1969 1970 999.9322400000001
1969 1971 0.06701
1971 1972 0.190041
1972 1973 0.20668
1973 1974 1.522983
1974 1975 3.3597920000000006
1975 1976 8.203245
1976 1977 8.72078
1977 1978 26.01787
1978 1979 93.172149
1979 1980 548.841555
1979 1981 905.9289200000001
1978 1982 973.9821299999999
1977 1983 991.27922
1976 1984 991.7967629999999
1975 1985 64.089018
1985 1986 940.679206
1985 1987 924.423143
1974 1988 861.7806800000001
1988 1989 139.841953
1988 1990 133.550722
1973 1991 44.356378
1991 1992 954.523185
1991 1993 956.351898
1972 1994 999.80876
1971 1995 9.954858
1995 1996 989.817977
1995 1997 990.142365
1 1998 999.987524
