1 2 298.07034300000004
2 3 51.451221999999994
3 4 14.771704
4 5 9.442297
5 6 1.9637680000000002
6 7 999.609119
6 8 0.390773
8 9 999.940303
8 10 0.06747199999999999
10 11 0.013228
11 12 0.010086000000000001
12 13 0.427777
13 14 1.3784269999999998
14 15 998.6812269999999
14 16 1.66201
16 17 176.521402
17 18 817.923364
17 19 825.709794
16 20 4.745584
20 21 7.220426000000001
21 22 144.310373
22 23 824.254003
22 24 872.683761
21 25 12.76664
25 26 987.23352
25 27 76.153618
27 28 733.477021
27 29 923.846359
20 30 995.254413
13 31 0.68226
31 32 508.509497
32 33 489.15477899999996
32 34 490.638164
31 35 4.030348
35 36 8.22751
36 37 18.329389
37 38 42.308265
38 39 146.14158
39 40 853.858679
39 41 691.631744
38 42 972.002688
37 43 959.1305950000001
36 44 49.97921
44 45 75.447505
45 46 743.177267
45 47 924.6016239999999
44 48 949.924978
35 49 242.542746
49 50 758.7038220000001
49 51 749.0475260000001
12 52 0.911241
52 53 2.681522
53 54 34.922257
54 55 76.538574
55 56 851.934027
55 57 927.180308
54 58 958.6509769999999
53 59 6.411517999999999
59 60 52.843777
60 61 83.41832099999999
61 62 756.614733
61 63 361.270964
63 64 374.401021
63 65 717.156625
60 66 947.149023
59 67 41.11841
67 68 941.3043930000001
67 69 963.659117
52 70 4.3538630000000005
70 71 27.856687
71 72 972.143348
71 73 42.722328999999995
73 74 108.31317899999999
74 75 891.686337
74 76 644.834109
73 77 957.2775330000001
70 78 913.540062
78 79 87.445245
78 80 76.920236
11 81 0.030419
81 82 0.129887
82 83 0.569317
83 84 1.218302
84 85 998.7816929999999
84 86 2.464331
86 87 2.912866
87 88 26.111183
88 89 28.819076
89 90 85.658038
90 91 581.916287
91 92 1
91 93 290.191253
90 94 914.3416759999999
89 95 971.180859
88 96 973.888936
87 97 68.120367
97 98 916.8637719999999
97 99 941.069431
86 100 997.535525
83 101 999.4306829999999
82 102 999.88054
81 103 0.165569
103 104 0.307544
104 105 0.874808
105 106 1.63226
106 107 2.086433
107 108 6.998318
108 109 15.22363
109 110 37.292352
110 111 118.001995
111 112 452.35160299999995
111 113 881.9979930000001
110 114 962.710039
109 115 229.263196
115 116 760.86954
115 117 750.147251
108 118 993.0016780000001
107 119 997.913567
106 120 998.367864
105 121 141.066636
121 122 856.4974440000001
121 123 859.710885
104 124 999.600736
103 125 999.85459
10 126 0.002884
126 127 0.0032249999999999996
127 128 0.000518
128 129 0.002335
129 130 0.025067
130 131 0.055842
131 132 0.43108
132 133 0.989016
133 134 1.034304
134 135 1.07694
135 136 2.637869
136 137 3.941405
137 138 19.456502
138 139 30.188133999999998
139 140 86.19869100000001
140 141 913.801319
140 142 294.07774
139 143 969.811903
138 144 980.5433869999999
137 145 996.0586989999999
136 146 997.362745
135 147 998.921391
134 148 998.965696
133 149 999.011702
132 150 999.574063
131 151 0.257027
151 152 0.612264
152 153 998.5446380000001
152 154 3.038597
154 155 6.132162
155 156 6.469603
156 157 10.242469999999999
157 158 989.761639
157 159 24.106078
159 160 31.445719
160 161 579.1171549999999
160 162 968.5542800000001
159 163 975.8939359999999
156 164 993.5227340000001
155 165 982.3923669999999
165 166 22.308566
165 167 0.640099
154 168 997.385053
151 169 0.664675
169 170 3.33445
170 171 6.72499
171 172 54.422859
172 173 208.17261299999998
173 174 667.393051
173 175 809.2003
172 176 911.72341
171 177 19.511395
177 178 985.366973
177 179 32.91955
179 180 169.895216
180 181 598.634477
180 182 830.104809
179 183 967.0804009999999
170 184 17.384624000000002
184 185 16.349662000000002
185 186 983.649945
185 187 68.013822
187 188 798.2005939999999
187 189 931.986388
184 190 983.8341700000001
169 191 7.175765
191 192 87.200664
192 193 897.315357
192 194 911.0172309999999
191 195 14.300863999999999
195 196 971.109195
195 197 104.15046699999999
197 198 861.2905619999999
197 199 903.5895160000001
130 200 999.9796419999999
129 201 0.001065
201 202 0.006496999999999999
202 203 0.012114
203 204 0.06970799999999999
204 205 0.11631199999999998
205 206 0.81706
206 207 0.8997780000000001
207 208 6.217161
208 209 6.65736
209 210 12.080678
210 211 299.680253
211 212 642.259961
211 213 734.216289
210 214 14.12651
214 215 985.873969
214 216 56.418732999999996
216 217 595.82485
216 218 943.581053
209 219 993.342619
208 220 993.78283
207 221 999.1002110000001
206 222 999.182942
205 223 33.808175
223 224 355.05092
224 225 576.782805
224 226 644.9490800000001
223 227 966.294788
204 228 10.781865999999999
228 229 989.022211
228 230 40.566734
230 231 222.725242
231 232 652.698002
231 233 777.228704
230 234 959.535088
203 235 0.00853
235 236 0.132692
236 237 0.034692
237 238 0.61503
238 239 3.634518
239 240 15.656164
240 241 33.105085
241 242 45.794903
242 243 66.696508
243 244 933.812337
243 245 501.526922
242 246 952.9910179999999
241 247 966.8948869999999
240 248 984.5367380000001
239 249 996.050293
238 250 0.9760359999999999
250 251 1.9488020000000001
251 252 45.581759
252 253 154.569517
253 254 741.422309
253 255 849.3240860000001
252 256 946.045436
251 257 6.852319
257 258 34.39296
258 259 39.286322
259 260 225.107348
260 261 774.891447
260 262 454.816308
259 263 960.7137140000001
258 264 965.627803
257 265 142.153804
265 266 862.061202
265 267 167.301253
267 268 832.6972400000001
267 269 521.590989
250 270 3.109506
270 271 21.186284999999998
271 272 25.933386000000002
272 273 717.092528
273 274 198.10071
273 275 315.847403
272 276 112.030897
276 277 833.843813
276 278 758.467903
271 279 978.8146599999999
270 280 66.359143
280 281 927.1345500000001
280 282 935.3909209999999
237 283 3.8334849999999996
283 284 996.256164
283 285 16.837938
285 286 38.250071000000005
286 287 75.638891
287 288 130.719299
288 289 363.633466
288 290 869.210421
287 291 924.375125
286 292 961.947537
285 293 982.709902
236 294 0.097341
294 295 0.362264
295 296 4.263279
296 297 42.022580999999995
297 298 958.5593709999999
297 299 948.800155
296 300 8.17577
300 301 33.880213
301 302 194.105073
302 303 819.928498
302 304 701.491578
301 305 88.08646999999999
305 306 810.433181
305 307 262.942005
307 308 462.592932
307 309 790.521415
300 310 991.9417380000001
295 311 1.172704
311 312 8.355889
312 313 21.277836
313 314 975.519624
313 315 46.952933
315 316 954.8906069999999
315 317 152.96644
317 318 846.7775839999999
317 319 577.1164759999999
312 320 990.743495
311 321 3.0089669999999997
321 322 997.787944
321 323 22.964792
323 324 37.299831
324 325 161.399133
325 326 838.6006719999999
325 327 623.50383
324 328 962.7849019999999
323 329 976.8657129999999
294 330 0.448112
330 331 1.0265440000000001
331 332 10.18058
332 333 99.865279
333 334 194.99684399999998
334 335 804.789704
334 336 542.475197
333 337 900.2784800000001
332 338 54.815528
338 339 921.7595729999999
338 340 947.673172
331 341 999.060056
330 342 0.174155
342 343 2.307789
343 344 18.229164
344 345 121.330869
345 346 881.968277
345 347 840.477165
344 348 53.88286
348 349 550.811554
349 350 292.846631
349 351 401.54404
348 352 946.121458
343 353 14.621806000000001
353 354 66.545007
354 355 91.007617
355 356 908.991361
355 357 692.7652
354 358 934.2458049999999
353 359 984.0823500000001
342 360 2.706797
360 361 11.100779
361 362 52.150699
362 363 941.227913
362 364 90.205746
364 365 185.004759
365 366 813.815323
365 367 288.930527
364 368 913.104963
361 369 988.8991629999999
360 370 997.709435
235 371 0.06296500000000001
371 372 0.545929
372 373 999.4949809999999
372 374 0.549331
374 375 1.7379140000000002
375 376 6.431356000000001
376 377 9.169435
377 378 990.876128
377 379 10.388469
379 380 259.920456
380 381 658.710845
380 382 623.012561
379 383 463.725181
383 384 580.685527
383 385 471.078175
376 386 993.5225839999999
375 387 998.171192
374 388 999.450669
371 389 0.076502
389 390 0.573993
390 391 775.3623389999999
391 392 224.891542
391 393 223.36995599999997
390 394 2.318406
394 395 3.728215
395 396 28.61793
396 397 40.299924999999995
397 398 140.61681399999998
398 399 586.427233
398 400 859.381117
397 401 959.7000429999999
396 402 971.3820699999999
395 403 997.1605999999999
394 404 19.198598999999998
404 405 974.017222
404 406 33.409782
406 407 968.52044
406 408 923.4613149999999
389 409 2.521182
409 410 3.6099609999999998
410 411 996.3900369999999
410 412 15.667470999999999
412 413 22.499032999999997
413 414 39.977235
414 415 55.876447
415 416 944.123409
415 417 495.33983
414 418 960.096135
413 419 977.355438
412 420 984.330096
409 421 997.538364
202 422 0.015870000000000002
422 423 0.11470499999999999
423 424 0.609405
424 425 999.320481
424 426 1.171834
426 427 2.2451220000000003
427 428 997.754883
427 429 3.96747
429 430 996.0324800000001
429 431 6.689897
431 432 7.487515
432 433 72.413516
433 434 118.350251
434 435 877.32054
434 436 325.519349
433 437 927.585976
432 438 992.513661
431 439 993.30776
426 440 998.863652
423 441 999.896326
422 442 0.12748
442 443 0.631304
443 444 1.785959
444 445 31.336795000000002
445 446 63.910774
446 447 102.40768499999999
447 448 619.345049
447 449 897.5902120000001
446 450 936.091208
445 451 968.6597519999999
444 452 848.828228
452 453 147.166943
452 454 151.927392
443 455 999.087906
442 456 0.339331
456 457 2.925183
457 458 84.701646
458 459 907.995367
458 460 915.477422
457 461 4.5401869999999995
461 462 52.218991
462 463 319.895866
463 464 532.039975
463 465 680.105294
462 466 947.9555189999999
461 467 69.610194
467 468 232.403249
468 469 774.415223
468 470 624.470118
467 471 919.95027
456 472 1.916057
472 473 2.718427
473 474 13.429730000000001
474 475 15.736586999999998
475 476 80.299043
476 477 919.701618
476 478 209.758665
478 479 789.95872
478 480 310.558773
475 481 984.2629179999999
474 482 986.568535
473 483 997.2820710000001
472 484 5.105987
484 485 102.261504
485 486 465.797509
486 487 536.789294
486 488 299.150304
485 489 892.5622860000001
484 490 995.603816
201 491 0.0036860000000000005
491 492 0.017324
492 493 0.028266
493 494 0.035273
494 495 0.07383300000000001
495 496 1.4591210000000001
496 497 4.367446
497 498 5.553438
498 499 994.4466090000001
498 500 7.178492
500 501 9.144993
501 502 64.322387
502 503 266.057226
503 504 575.071492
503 505 332.90473299999996
502 506 935.6775409999999
501 507 990.855007
500 508 992.8215079999999
497 509 995.63246
496 510 998.6090750000001
495 511 0.665674
511 512 1.8181619999999998
512 513 13.225614
513 514 986.964931
513 515 34.773412
515 516 59.609935
516 517 934.717684
516 518 147.459703
518 519 439.83605
518 520 855.376421
515 521 965.226588
512 522 3.318518
522 523 53.849398
523 524 931.142522
523 525 946.8442299999999
522 526 14.118082000000001
526 527 12.592761
527 528 38.386666000000005
528 529 94.860319
529 530 584.333382
529 531 905.139655
528 532 961.6133339999999
527 533 987.407239
526 534 988.215018
511 535 999.364516
494 536 0.291502
536 537 6.296615999999999
537 538 993.631585
537 539 16.218421
539 540 983.82142
539 541 65.638247
541 542 934.361461
541 543 195.748319
543 544 611.2612389999999
543 545 742.750958
536 546 1.628918
546 547 1.554906
547 548 998.445094
547 549 15.630306999999998
549 550 44.19039
550 551 959.7016500000001
550 552 82.918121
552 553 740.561156
552 554 916.2683790000001
549 555 260.483602
555 556 741.846054
555 557 690.3405720000001
546 558 883.611761
558 559 116.80393099999999
558 560 112.96281699999999
493 561 0.207761
561 562 126.545364
562 563 872.997788
562 564 873.523058
561 565 0.767522
565 566 1.19722
566 567 2.649989
567 568 23.610930999999997
568 569 24.364727
569 570 194.790778
570 571 635.4433349999999
570 572 791.351165
569 573 975.629576
568 574 980.140685
567 575 478.48657599999996
575 576 503.240539
575 577 519.479738
566 578 998.8157570000001
565 579 53.905799
579 580 86.402318
580 581 805.310716
580 582 914.7092519999999
579 583 944.1891610000001
492 584 0.00874
584 585 0.223945
585 586 0.7699400000000001
586 587 2.1840990000000002
587 588 4.547352
588 589 29.934147
589 590 194.810845
590 591 804.7036350000001
590 592 162.269687
592 593 716.0258299999999
592 594 338.294254
589 595 157.86209200000002
595 596 768.161898
595 597 856.2320090000001
588 598 141.038253
598 599 845.109836
598 600 863.7428209999999
587 601 18.567282
601 602 63.43497
602 603 133.397837
603 604 866.605379
603 605 663.658968
602 606 940.032471
601 607 975.791031
586 608 999.1723199999999
585 609 999.7999869999999
584 610 0.054019
610 611 0.25136400000000003
611 612 0.9472980000000001
612 613 0.97051
613 614 2.633574
614 615 7.8673720000000005
615 616 26.783445999999998
616 617 77.404776
617 618 922.5943470000001
617 619 260.544323
619 620 334.03403
619 621 611.9773849999999
616 622 973.216557
615 623 992.132616
614 624 997.366596
613 625 835.121635
625 626 166.984669
625 627 160.830363
612 628 999.052702
611 629 999.748649
610 630 999.954812
491 631 0.011111
631 632 0.026493000000000003
632 633 0.068749
633 634 0.15792799999999999
634 635 0.232494
635 636 1.3390330000000001
636 637 1.808672
637 638 3.4512719999999995
638 639 5.497738
639 640 7.914000000000001
640 641 9.861863
641 642 34.810248
642 643 42.116844
643 644 957.880729
643 645 19.735813
642 646 965.189752
641 647 990.1381369999999
640 648 992.0859999999999
639 649 994.502295
638 650 996.54887
637 651 998.190919
636 652 998.6609559999999
635 653 999.767506
634 654 999.8420729999999
633 655 999.9548060000001
632 656 0.619807
656 657 2.841055
657 658 3.889226
658 659 15.448692
659 660 984.5695989999999
659 661 29.048605
661 662 42.284467
662 663 75.167887
663 664 401.762821
663 665 924.83213
662 666 957.715517
661 667 970.9513870000001
658 668 996.1172100000001
657 669 997.073096
656 670 999.381303
631 671 0.072299
671 672 0.11622299999999999
672 673 1.135146
673 674 1.297926
674 675 3.3973269999999998
675 676 6.362729
676 677 29.303014
677 678 64.541962
678 679 172.683254
679 680 317.986585
679 681 827.316748
678 682 935.4582029999999
677 683 970.696729
676 684 993.637097
675 685 996.602676
674 686 998.703224
673 687 998.8625730000001
672 688 696.341989
688 689 303.773969
688 690 303.323161
671 691 1.802123
691 692 3.951412
692 693 7.663383
693 694 21.439784
694 695 34.112872
695 696 965.886454
695 697 165.47414799999999
697 698 834.526106
697 699 540.833227
694 700 978.560464
693 701 994.2899430000001
692 702 57.369009999999996
702 703 229.430822
703 704 647.7873060000001
703 705 778.32795
702 706 927.114001
691 707 21.271793
707 708 121.58276500000001
708 709 880.32871
708 710 834.106547
707 711 82.02973
711 712 871.735739
711 713 914.1596249999999
128 714 0.01328
714 715 0.070112
715 716 0.156635
716 717 0.8602580000000001
717 718 2.7096660000000004
718 719 154.218964
719 720 846.836906
719 721 839.870082
718 722 8.710916000000001
722 723 75.559852
723 724 924.4397299999999
723 725 79.746702
725 726 700.085561
725 727 918.142793
722 728 991.2890900000001
717 729 17.403923
729 730 52.039521
730 731 911.8307
730 732 949.2930709999999
729 733 979.936438
716 734 1.212583
734 735 2.435663
735 736 238.464541
736 737 754.715242
736 738 763.463448
735 739 2.609792
739 740 3.038942
740 741 7.67191
741 742 992.32809
741 743 42.079946
743 744 143.746503
744 745 477.051537
744 746 853.1229420000001
743 747 957.920054
740 748 996.961105
739 749 997.395344
734 750 998.804271
715 751 999.936692
714 752 0.043616
752 753 0.173906
753 754 65.83749300000001
754 755 106.879065
755 756 760.960401
755 757 893.35968
754 758 933.6949710000001
753 759 0.851342
759 760 1.569154
760 761 1.584037
761 762 5.619168
762 763 16.212786
763 764 17.9556
764 765 30.340007000000004
765 766 143.424067
766 767 856.575727
766 768 188.43182199999998
765 769 969.660098
764 770 982.0441920000001
763 771 983.787212
762 772 994.380832
761 773 998.4159869999999
760 774 998.4307940000001
759 775 999.216846
752 776 0.021605
776 777 0.120806
777 778 1.271538
778 779 3.074493
779 780 3.933339
780 781 13.145594
781 782 23.267215999999998
782 783 24.145898
783 784 177.399346
784 785 822.6006540000001
784 786 293.117228
783 787 975.9464429999999
782 788 976.548053
781 789 986.8544039999999
780 790 996.1133580000001
779 791 996.832301
778 792 100.98328000000001
792 793 899.36191
792 794 896.164593
777 795 0.16203299999999998
795 796 0.520324
796 797 1.686348
797 798 4.330177
798 799 31.875212
799 800 49.717557
800 801 950.2824430000001
800 802 160.437915
802 803 515.586894
802 804 837.896824
799 805 968.1247880000001
798 806 995.794876
797 807 294.387826
807 808 706.7400789999999
807 809 700.612845
796 810 8.508527
810 811 15.797735
811 812 982.5371690000001
811 813 219.58805099999998
813 814 712.298238
813 815 781.244404
810 816 26.972405
816 817 113.58503900000001
817 818 798.4488329999999
817 819 886.414982
816 820 973.8604049999999
795 821 3.761623
821 822 13.323058
822 823 266.946841
823 824 700.807083
823 825 737.074301
822 826 33.196966
826 827 130.754331
827 828 869.245641
827 829 716.599117
826 830 967.1977390000001
821 831 996.3735550000001
776 832 0.244275
832 833 13.582974
833 834 36.335622
834 835 73.367978
835 836 926.5805889999999
835 837 799.058595
834 838 963.9605449999999
833 839 985.857388
832 840 1.19959
840 841 1.269622
841 842 60.398385
842 843 941.556808
842 844 935.107764
841 845 8.062006
845 846 12.426993999999999
846 847 987.4794189999999
846 848 18.074382
848 849 38.597366
849 850 961.4026680000001
849 851 109.82739800000002
851 852 890.172608
851 853 347.101723
848 854 981.9724510000001
845 855 669.0788259999999
855 856 336.099876
855 857 309.617808
840 858 998.84275
127 859 0.0007700000000000001
859 860 0.000802
860 861 0.041094
861 862 0.067759
862 863 0.43976299999999996
863 864 1.4107349999999999
864 865 8.276625
865 866 27.394979000000003
866 867 185.838294
867 868 814.1626170000001
867 869 709.816265
866 870 972.6032139999999
865 871 992.0014500000001
864 872 2.996486
872 873 185.166313
873 874 807.379989
873 875 816.969707
872 876 12.541469999999999
876 877 987.4583859999999
876 878 33.505013
878 879 583.3298580000001
879 880 232.89093599999998
880 881 110.413579
880 882 124.101244
882 883 106.52788500000001
882 884 158.618535
879 885 244.710589
878 886 966.281302
863 887 0.296579
887 888 0.961084
888 889 10.27266
889 890 11.728596
890 891 79.463312
891 892 242.663259
892 893 788.849338
892 894 497.316527
891 895 187.206679
895 896 704.985363
895 897 635.6242080000001
890 898 988.2724019999999
889 899 989.7252030000001
888 900 999.2091609999999
887 901 3.6094380000000004
901 902 51.264381
902 903 948.735688
902 904 80.218557
904 905 795.3065780000001
904 906 919.781081
901 907 997.00097
862 908 999.9322440000001
861 909 999.9624289999999
860 910 0.007464999999999999
910 911 0.005175
911 912 0.04916500000000001
912 913 0.062224999999999996
913 914 999.937776
913 915 0.29168
915 916 6.867105
916 917 8.121324000000001
917 918 10.805879000000001
918 919 69.73134
919 920 135.327295
920 921 487.316312
920 922 863.631121
919 923 930.263279
918 924 989.195838
917 925 991.8753770000001
916 926 993.1945260000001
915 927 0.9648639999999999
927 928 2.633458
928 929 7.0064020000000005
929 930 12.333641
930 931 20.230296
931 932 46.714608
932 933 51.212303000000006
933 934 366.316921
933 935 948.7876650000001
932 936 953.285342
931 937 979.770128
930 938 988.184476
929 939 991.955657
928 940 997.3665390000001
927 941 999.200411
912 942 999.960723
911 943 0.06596199999999999
943 944 0.43412900000000004
944 945 0.63424
945 946 3.121502
946 947 93.478556
947 948 898.631007
947 949 908.267796
946 950 3.7356
950 951 15.738247999999999
951 952 19.373372
952 953 980.662381
952 954 83.554825
954 955 102.15284
955 956 257.931613
955 957 897.847155
954 958 916.4452130000001
951 959 984.190135
950 960 996.2643679999999
945 961 999.266546
944 962 999.5908999999999
943 963 0.01785
963 964 0.896452
964 965 7.39384
965 966 7.513672000000001
966 967 992.4863439999999
966 968 12.336143
968 969 49.328504
969 970 80.854663
970 971 919.138262
970 972 561.260049
969 973 950.6738300000001
968 974 987.659172
965 975 992.733995
964 976 36.177635
976 977 36.513488
977 978 887.0794050000001
977 979 963.614376
976 980 963.611395
963 981 0.795347
981 982 1.5774679999999999
982 983 8.10392
983 984 106.65836399999999
984 985 896.0522109999999
984 986 870.9710960000001
983 987 66.587299
987 988 132.459284
988 989 844.366724
988 990 702.256826
987 991 934.366338
982 992 5.337105
992 993 29.960619
993 994 52.043881000000006
994 995 127.753315
995 996 872.246682
995 997 583.29312
994 998 950.6663749999999
993 999 964.6224090000001
992 1000 995.6098000000001
981 1001 69.089937
1001 1002 931.096242
1001 1003 929.212827
910 1004 0.004613
1004 1005 0.085779
1005 1006 999.926297
1005 1007 0.130937
1007 1008 1.441612
1008 1009 3.3542759999999996
1009 1010 5.661115
1010 1011 7.485841
1011 1012 27.155073
1012 1013 39.159943000000005
1013 1014 46.288402
1014 1015 373.594793
1014 1016 953.71162
1013 1017 960.840028
1012 1018 972.846418
1011 1019 992.5881370000001
1010 1020 994.1848419999999
1009 1021 996.6522039999999
1008 1022 436.869858
1022 1023 563.475838
1022 1024 559.910265
1007 1025 0.378067
1025 1026 0.8233429999999999
1026 1027 1.744124
1027 1028 3.519606
1028 1029 996.4803800000001
1028 1030 10.183784
1030 1031 15.937058
1031 1032 23.906364999999997
1032 1033 24.139017
1033 1034 251.619325
1034 1035 748.369762
1034 1036 1
1033 1037 975.861056
1032 1038 976.093487
1031 1039 984.062941
1030 1040 989.816219
1027 1041 998.426321
1026 1042 97.529058
1042 1043 161.572138
1043 1044 836.111819
1043 1045 639.735399
1042 1046 903.118027
1025 1047 256.17519899999996
1047 1048 260.86192700000004
1048 1049 312.894887
1048 1050 651.403042
1047 1051 744.098655
1004 1052 0.06596
1052 1053 0.38855500000000004
1053 1054 1.187503
1054 1055 4.095419
1055 1056 13.052509
1056 1057 14.050646
1057 1058 24.057328
1058 1059 139.425463
1059 1060 512.674762
1059 1061 860.574697
1058 1062 975.942352
1057 1063 985.9493410000001
1056 1064 987.042765
1055 1065 47.225872
1065 1066 71.731553
1066 1067 934.550125
1066 1068 831.7170839999999
1065 1069 942.128188
1054 1070 998.7954719999999
1053 1071 999.625047
1052 1072 1.7834670000000001
1072 1073 3.59987
1073 1074 6.251168
1074 1075 12.503644999999999
1075 1076 16.303375
1076 1077 60.817417
1077 1078 195.18325299999998
1078 1079 176.22010400000002
1078 1080 804.817913
1077 1081 939.1750139999999
1076 1082 983.69662
1075 1083 987.4964090000001
1074 1084 993.7487709999999
1073 1085 996.400038
1072 1086 998.2357690000001
859 1087 0.000486
1087 1088 0.00227
1088 1089 0.009256
1089 1090 0.019809999999999998
1090 1091 0.040928
1091 1092 0.25261300000000003
1092 1093 0.673802
1093 1094 0.928022
1094 1095 1.14682
1095 1096 1.412735
1096 1097 4.462708
1097 1098 9.066559
1098 1099 35.388331
1099 1100 51.240708999999995
1100 1101 948.759268
1100 1102 84.282168
1102 1103 1
1102 1104 915.717843
1099 1105 964.6116689999999
1098 1106 990.9334409999999
1097 1107 995.537292
1096 1108 998.587264
1095 1109 998.853181
1094 1110 999.0719750000001
1093 1111 999.326302
1092 1112 999.747168
1091 1113 999.9590680000001
1090 1114 999.9857099999999
1089 1115 0.095135
1115 1116 0.179981
1116 1117 999.828432
1116 1118 0.22451
1118 1119 9.000923
1119 1120 182.555935
1120 1121 817.444677
1120 1122 797.753013
1119 1123 18.607802
1123 1124 982.014273
1123 1125 29.260958999999996
1125 1126 45.122203999999996
1126 1127 750.6176929999999
1126 1128 954.87781
1125 1129 970.738998
1118 1130 1.035993
1130 1131 998.964751
1130 1132 1.637004
1132 1133 6.174532
1133 1134 749.318126
1134 1135 237.08310899999998
1134 1136 170.110999
1136 1137 88.637513
1136 1138 75.004027
1133 1139 12.717247
1139 1140 16.20655
1140 1141 983.7934499999999
1140 1142 17.996791
1142 1143 982.0032080000001
1142 1144 139.918659
1144 1145 860.081162
1144 1146 309.2911
1139 1147 987.2827669999999
1132 1148 679.466956
1148 1149 314.179728
1148 1150 323.611849
1115 1151 284.29164199999997
1151 1152 715.4549959999999
1151 1153 715.713241
1088 1154 0.004639
1154 1155 0.040234
1155 1156 0.047651
1156 1157 0.109879
1157 1158 0.187845
1158 1159 0.336162
1159 1160 0.87359
1160 1161 1.264831
1161 1162 7.836178
1162 1163 19.207475
1163 1164 23.904575
1164 1165 24.014003
1165 1166 110.914549
1166 1167 52.254553
1166 1168 889.085478
1165 1169 975.985945
1164 1170 976.095427
1163 1171 980.792553
1162 1172 992.1637450000001
1161 1173 998.735169
1160 1174 999.126421
1159 1175 999.663818
1158 1176 999.8121649999999
1157 1177 999.890102
1156 1178 999.952459
1155 1179 999.9611910000001
1154 1180 0.019563
1180 1181 0.052857999999999995
1181 1182 999.9544410000001
1181 1183 0.067324
1183 1184 0.090143
1184 1185 0.301213
1185 1186 0.40827800000000003
1186 1187 0.45026
1187 1188 0.654337
1188 1189 0.8402879999999999
1189 1190 3.985139
1190 1191 25.584563
1191 1192 66.385334
1192 1193 98.373959
1193 1194 901.6260409999999
1193 1195 123.280097
1192 1196 933.6146669999999
1191 1197 974.4154679999999
1190 1198 996.014796
1189 1199 999.159712
1188 1200 999.345665
1187 1201 999.549745
1186 1202 999.591844
1185 1203 999.698501
1184 1204 999.9099689999999
1183 1205 999.9324680000001
1180 1206 999.968928
1087 1207 0.000752
1207 1208 0.00038199999999999996
1208 1209 0.00040199999999999996
1209 1210 5.3e-05
1210 1211 9.999999999999999e-05
1211 1212 4.9e-05
1212 1213 2.6e-05
1213 1214 4.6e-05
1214 1215 999.9999620000001
1214 1216 0.000104
1216 1217 0.000104
1217 1218 0.000136
1218 1219 0.000723
1219 1220 999.999278
1219 1221 0.0038220000000000003
1221 1222 0.0041329999999999995
1222 1223 999.9958660000001
1222 1224 0.006064
1224 1225 0.008525999999999999
1225 1226 0.017652
1226 1227 0.021987
1227 1228 0.100262
1228 1229 999.8997380000001
1228 1230 0.172929
1230 1231 0.21560500000000002
1231 1232 0.454257
1232 1233 0.613953
1233 1234 1.42288
1234 1235 2.9075879999999996
1235 1236 2.962771
1236 1237 4.317547
1237 1238 11.832180000000001
1238 1239 145.762601
1239 1240 854.237399
1239 1241 1
1238 1242 988.16782
1237 1243 995.682453
1236 1244 997.037229
1235 1245 997.092412
1234 1246 998.57712
1233 1247 999.386047
1232 1248 999.545743
1231 1249 999.784395
1230 1250 999.8270709999999
1227 1251 999.9780129999999
1226 1252 999.982348
1225 1253 447.008405
1253 1254 553.001819
1253 1255 552.9643189999999
1224 1256 999.9939360000001
1221 1257 999.996178
1218 1258 999.9998619999999
1217 1259 999.9998959999999
1216 1260 999.999897
1213 1261 0.005349
1261 1262 0.007025
1262 1263 0.014137
1263 1264 0.023886
1264 1265 999.976133
1264 1266 0.04492
1266 1267 0.057609
1267 1268 999.9423959999999
1267 1269 0.214717
1269 1270 0.816539
1270 1271 0.870711
1271 1272 2.4427399999999997
1272 1273 2.6460179999999998
1273 1274 5.340911999999999
1274 1275 16.206956
1275 1276 45.418848
1276 1277 75.247682
1277 1278 924.752318
1277 1279 62.202612
1276 1280 954.5811520000001
1275 1281 983.7930439999999
1274 1282 994.659088
1273 1283 997.3539819999999
1272 1284 997.5572599999999
1271 1285 999.12929
1270 1286 999.1834600000001
1269 1287 999.7852800000001
1266 1288 999.95507
1263 1289 999.9858250000001
1262 1290 999.992986
1261 1291 999.9946359999999
1212 1292 8e-06
1292 1293 999.999996
1292 1294 4e-06
1294 1295 1000.0
1294 1296 1
1296 1297 1
1297 1298 1
1298 1299 1
1299 1300 1
1300 1301 1
1301 1302 1
1302 1303 1000.0
1302 1304 1
1304 1305 1
1305 1306 1
1306 1307 1
1307 1308 1
1308 1309 1000.0
1308 1310 1000.0
1307 1311 1000.0
1306 1312 1000.0
1305 1313 1000.0
1304 1314 1
1314 1315 1000.0
1314 1316 1000.0
1301 1317 1
1317 1318 1000.0
1317 1319 1
1319 1320 1
1320 1321 1
1321 1322 1000.0
1321 1323 1000.0
1320 1324 1000.0
1319 1325 1000.0
1300 1326 1
1326 1327 1
1327 1328 1
1328 1329 1000.0
1328 1330 1000.0
1327 1331 1000.0
1326 1332 1000.0
1299 1333 1
1333 1334 1
1334 1335 1000.0
1334 1336 1000.0
1333 1337 1000.0
1298 1338 1
1338 1339 1
1339 1340 1000.0
1339 1341 1000.0
1338 1342 1000.0
1297 1343 1000.0
1296 1344 1
1344 1345 999.9999989999999
1344 1346 1e-06
1346 1347 1000.0
1346 1348 1000.0
1211 1349 999.999951
1210 1350 0.000354
1350 1351 0.0007689999999999999
1351 1352 999.999305
1351 1353 0.0019879999999999997
1353 1354 0.013156999999999999
1354 1355 0.0996
1355 1356 999.892657
1355 1357 0.184901
1357 1358 0.37205900000000003
1358 1359 0.41673400000000005
1359 1360 1.4444540000000001
1360 1361 2.522997
1361 1362 2.801812
1362 1363 18.155936
1363 1364 36.738314
1364 1365 50.255340000000004
1365 1366 61.56142799999999
1366 1367 1
1366 1368 938.4385719999999
1365 1369 949.74466
1364 1370 963.2616849999999
1363 1371 981.844063
1362 1372 997.1981890000001
1361 1373 997.477002
1360 1374 998.555546
1359 1375 999.583312
1358 1376 11.593101
1376 1377 86.74723399999999
1377 1378 914.089646
1377 1379 890.1591099999999
1376 1380 987.1978829999999
1357 1381 999.818969
1354 1382 999.987361
1353 1383 0.011605
1383 1384 0.029188
1384 1385 999.970746
1384 1386 0.047264
1386 1387 0.090874
1387 1388 0.16461699999999999
1388 1389 999.835402
1388 1390 0.5037360000000001
1390 1391 0.681137
1391 1392 999.318809
1391 1393 0.746133
1393 1394 999.253894
1393 1395 1.877523
1395 1396 3.1354
1396 1397 10.909189
1397 1398 38.052742
1398 1399 39.860941
1399 1400 95.411954
1400 1401 1
1400 1402 904.588046
1399 1403 960.139059
1398 1404 961.947259
1397 1405 989.09081
1396 1406 996.864601
1395 1407 998.122476
1390 1408 999.496263
1387 1409 999.909091
1386 1410 999.952762
1383 1411 999.989754
1350 1412 0.024159999999999997
1412 1413 999.975946
1412 1414 0.030593
1414 1415 999.969418
1414 1416 0.072903
1416 1417 999.926301
1416 1418 0.200214
1418 1419 0.548297
1419 1420 0.995771
1420 1421 2.959966
1421 1422 3.963756
1422 1423 7.170521000000001
1423 1424 18.560251
1424 1425 36.715524
1425 1426 56.628769
1426 1427 943.371175
1426 1428 275.338615
1425 1429 963.284468
1424 1430 981.4397489999999
1423 1431 992.829478
1422 1432 996.036243
1421 1433 997.040055
1420 1434 999.0041829999999
1419 1435 999.4517079999999
1418 1436 999.80017
1209 1437 0.00037400000000000004
1437 1438 0.0020239999999999998
1438 1439 0.0068650000000000004
1439 1440 0.059576
1440 1441 0.099913
1441 1442 999.8990689999999
1441 1443 0.17952
1443 1444 0.299751
1444 1445 0.6322989999999999
1445 1446 0.743089
1446 1447 0.748348
1447 1448 1.8303150000000001
1448 1449 12.387397
1449 1450 16.47119
1450 1451 21.089157
1451 1452 118.709218
1452 1453 881.290783
1452 1454 44.885524
1451 1455 978.9108390000001
1450 1456 983.528809
1449 1457 987.612604
1448 1458 998.1696830000001
1447 1459 999.251707
1446 1460 999.256798
1445 1461 999.367711
1444 1462 76.436832
1462 1463 922.2394380000001
1462 1464 830.1646659999999
1464 1465 17.386064
1464 1466 170.859294
1443 1467 999.8209850000001
1440 1468 999.940442
1439 1469 999.9931
1438 1470 999.99818
1437 1471 0.010964
1471 1472 0.019321
1472 1473 999.9806789999999
1472 1474 0.05519299999999999
1474 1475 999.944737
1474 1476 0.06820599999999999
1476 1477 999.931718
1476 1478 0.097854
1478 1479 0.168571
1479 1480 999.8314369999999
1479 1481 1.012097
1481 1482 1.2765490000000002
1482 1483 2.757279
1483 1484 3.25472
1484 1485 6.7096420000000006
1485 1486 993.2903570000001
1485 1487 15.392747000000002
1487 1488 41.947164
1488 1489 958.0528360000001
1488 1490 135.67663299999998
1490 1491 864.3233670000001
1490 1492 1
1487 1493 984.6072530000001
1484 1494 996.745284
1483 1495 997.2427160000001
1482 1496 998.72345
1481 1497 998.9878960000001
1478 1498 999.9021859999999
1471 1499 999.9892490000001
1208 1500 0.000813
1500 1501 0.000717
1501 1502 0.0017419999999999998
1502 1503 0.004695
1503 1504 0.008557
1504 1505 0.003049
1505 1506 0.013699
1506 1507 0.01452
1507 1508 0.020162
1508 1509 0.058388999999999996
1509 1510 0.078849
1510 1511 0.11127400000000001
1511 1512 0.122525
1512 1513 0.707752
1513 1514 999.292306
1513 1515 0.871734
1515 1516 1.00797
1516 1517 1.70422
1517 1518 2.037959
1518 1519 6.569859999999999
1519 1520 993.430136
1519 1521 23.206904
1521 1522 90.415545
1522 1523 1
1522 1524 909.5844539999999
1521 1525 976.7930979999999
1518 1526 997.9620410000001
1517 1527 998.2957799999999
1516 1528 998.992032
1515 1529 999.128298
1512 1530 999.87722
1511 1531 999.8892030000001
1510 1532 999.9211640000001
1509 1533 999.941583
1508 1534 999.979838
1507 1535 999.9855249999999
1506 1536 999.986211
1505 1537 999.990965
1504 1538 0.0037660000000000003
1538 1539 0.009181
1539 1540 0.006339999999999999
1540 1541 0.0063219999999999995
1541 1542 0.0063219999999999995
1542 1543 0.0063219999999999995
1543 1544 0.0063219999999999995
1544 1545 0.0063219999999999995
1545 1546 0.0063219999999999995
1546 1547 0.0063219999999999995
1547 1548 0.0063219999999999995
1548 1549 0.0063219999999999995
1549 1550 0.0063219999999999995
1550 1551 999.993678
1550 1552 0.0063219999999999995
1552 1553 999.993678
1552 1554 0.0063219999999999995
1554 1555 1
1554 1556 999.993678
1549 1557 999.993678
1548 1558 999.993678
1547 1559 999.993678
1546 1560 999.993678
1545 1561 750.384969
1561 1562 249.608709
1561 1563 249.608709
1544 1564 999.993678
1543 1565 999.993678
1542 1566 999.993678
1541 1567 999.993678
1540 1568 999.993678
1539 1569 999.99366
1538 1570 999.9908189999999
1503 1571 0.003371
1571 1572 0.009724
1572 1573 999.990273
1572 1574 0.012044000000000001
1574 1575 0.013148
1575 1576 0.019404
1576 1577 0.025716999999999997
1577 1578 0.067063
1578 1579 0.15647899999999998
1579 1580 0.456366
1580 1581 0.976609
1581 1582 1.1087369999999999
1582 1583 1.535037
1583 1584 4.840885999999999
1584 1585 5.596023
1585 1586 5.218454
1586 1587 5.218454
1587 1588 5.218454
1588 1589 1
1588 1590 994.7815459999999
1587 1591 994.7815459999999
1586 1592 994.7815459999999
1585 1593 994.7815459999999
1584 1594 994.4039769999999
1583 1595 998.464963
1582 1596 998.8912620000001
1581 1597 999.0233910000001
1580 1598 999.5436500000001
1579 1599 999.843371
1578 1600 999.932967
1577 1601 743.309322
1601 1602 256.639564
1601 1603 256.691196
1576 1604 999.980592
1575 1605 999.986854
1574 1606 999.987953
1571 1607 999.9912780000001
1502 1608 999.999053
1501 1609 0.0005679999999999999
1609 1610 0.06018799999999999
1610 1611 0.30058799999999997
1611 1612 0.583298
1612 1613 1.210227
1613 1614 1.638846
1614 1615 5.635051
1615 1616 994.364961
1615 1617 9.771238
1617 1618 14.382543
1618 1619 61.545299
1619 1620 198.765514
1620 1621 801.23448
1620 1622 137.678797
1619 1623 928.2663210000001
1623 1624 13.938313999999998
1623 1625 6.4384440000000005
1618 1626 985.617574
1617 1627 990.228524
1614 1628 998.3612360000001
1613 1629 998.78985
1612 1630 999.418654
1611 1631 5.504142
1631 1632 554.496717
1632 1633 433.44021699999996
1632 1634 445.21027999999995
1631 1635 38.612911
1635 1636 961.755869
1635 1637 950.136776
1610 1638 11.175932
1638 1639 988.700811
1638 1640 988.827955
1609 1641 0.008246
1641 1642 0.034366
1642 1643 0.125441
1643 1644 0.256103
1644 1645 999.7437550000001
1644 1646 0.8815369999999999
1646 1647 2.441237
1647 1648 10.792932
1648 1649 26.319965
1649 1650 126.522347
1650 1651 246.27636599999997
1651 1652 795.280247
1651 1653 379.95065800000003
1650 1654 790.36497
1649 1655 460.551405
1655 1656 476.255807
1655 1657 559.2831
1648 1658 979.923217
1647 1659 12.514724
1659 1660 25.728642
1660 1661 58.205505
1661 1662 107.156516
1662 1663 892.8434689999999
1662 1664 516.7340290000001
1661 1665 941.794496
1660 1666 974.271364
1659 1667 989.685916
1646 1668 999.118554
1643 1669 999.8843770000001
1642 1670 7.7699679999999995
1670 1671 15.376881000000001
1671 1672 984.603298
1671 1673 37.746384
1673 1674 186.66909199999998
1674 1675 613.398933
1674 1676 813.33089
1673 1677 962.263542
1670 1678 992.2308340000001
1641 1679 0.049888999999999996
1679 1680 0.097436
1680 1681 999.902604
1680 1682 0.211301
1682 1683 0.395587
1683 1684 1.20324
1684 1685 1.526998
1685 1686 6.562363
1686 1687 12.333803999999999
1687 1688 13.124015
1688 1689 30.849513
1689 1690 213.76295299999998
1690 1691 113.082274
1690 1692 785.8953750000001
1689 1693 969.1504889999999
1688 1694 986.876077
1687 1695 987.665994
1686 1696 993.4376560000001
1685 1697 998.4730000000001
1684 1698 998.7967469999999
1683 1699 999.604424
1682 1700 999.788676
1679 1701 999.949983
1500 1702 0.009658
1702 1703 0.028322999999999997
1703 1704 999.971666
1703 1705 0.03073
1705 1706 0.06328800000000001
1706 1707 0.158597
1707 1708 0.2084
1708 1709 0.331122
1709 1710 1.262734
1710 1711 1.553068
1711 1712 6.34316
1712 1713 10.333616
1713 1714 17.321401
1714 1715 68.016458
1715 1716 69.795962
1716 1717 930.204037
1716 1718 1
1715 1719 931.983542
1714 1720 982.678622
1713 1721 989.666332
1712 1722 993.656841
1711 1723 998.44694
1710 1724 998.7372459999999
1709 1725 999.668881
1708 1726 999.791611
1707 1727 999.8417740000001
1706 1728 0.13633199999999998
1728 1729 999.728991
1728 1730 0.477205
1730 1731 999.5294769999999
1730 1732 1.253704
1732 1733 3.631231
1733 1734 35.855089
1734 1735 966.9500190000001
1734 1736 954.0772820000001
1733 1737 4.858805
1737 1738 5.331353
1738 1739 994.6686550000001
1738 1740 40.426181
1740 1741 46.081793
1741 1742 953.9182040000001
1741 1743 127.309054
1743 1744 872.6909340000001
1743 1745 202.702789
1740 1746 959.5738190000001
1737 1747 995.1411860000001
1732 1748 998.810527
1705 1749 999.9697469999999
1702 1750 0.041732
1750 1751 999.936033
1750 1752 0.056914
1752 1753 0.299063
1753 1754 0.360804
1754 1755 1.070346
1755 1756 4.682379
1756 1757 16.43895
1757 1758 54.409391
1758 1759 63.20291099999999
1759 1760 157.103539
1760 1761 842.8964629999999
1760 1762 158.179855
1759 1763 936.797083
1758 1764 945.590602
1757 1765 983.561046
1756 1766 995.317642
1755 1767 87.43244
1767 1768 908.864492
1767 1769 914.1299280000001
1754 1770 999.639148
1753 1771 163.652063
1771 1772 836.4988350000001
1771 1773 835.5987230000001
1752 1774 999.9548940000001
1207 1775 0.020804
1775 1776 0.024135
1776 1777 0.047389
1777 1778 999.9526109999999
1777 1779 0.080745
1779 1780 0.215357
1780 1781 0.982834
1781 1782 1.749191
1782 1783 1.779125
1783 1784 998.2208999999999
1783 1785 2.365219
1785 1786 2.9410100000000003
1786 1787 10.572255
1787 1788 62.740094
1788 1789 74.10634900000001
1789 1790 925.893638
1789 1791 202.940373
1791 1792 653.5204570000001
1792 1793 143.539132
1792 1794 143.539095
1791 1795 1
1788 1796 916.6582350000001
1796 1797 20.601669
1796 1798 20.60167
1787 1799 989.4277450000001
1786 1800 997.058992
1785 1801 997.634777
1782 1802 998.7057110000001
1781 1803 998.107413
1780 1804 0.913004
1804 1805 1.858065
1805 1806 3.1811220000000002
1806 1807 73.15975999999999
1807 1808 931.8570319999999
1807 1809 915.223014
1806 1810 35.793136
1810 1811 96.36563500000001
1811 1812 896.326084
1811 1813 105.12332099999999
1813 1814 461.964882
1813 1815 897.620911
1810 1816 964.317345
1805 1817 54.738235
1817 1818 104.763157
1818 1819 774.247057
1818 1820 895.114285
1817 1821 946.9559419999999
1804 1822 963.3143949999999
1822 1823 37.352987999999996
1822 1824 35.095749
1779 1825 999.9191959999999
1776 1826 999.97594
1775 1827 999.979998
126 1828 0.010059
1828 1829 0.011682
1829 1830 0.308053
1830 1831 0.314282
1831 1832 1.001951
1832 1833 1.289332
1833 1834 998.733589
1833 1835 7.1451329999999995
1835 1836 11.697991
1836 1837 60.279095000000005
1837 1838 101.37704599999999
1838 1839 898.622973
1838 1840 556.6792330000001
1837 1841 939.720843
1836 1842 988.302009
1835 1843 992.854981
1832 1844 998.961102
1831 1845 3.006955
1845 1846 51.504977
1846 1847 42.139425
1847 1848 945.095967
1847 1849 179.11345599999999
1849 1850 522.676231
1849 1851 827.6020239999999
1846 1852 947.1435100000001
1845 1853 73.542807
1853 1854 668.656568
1854 1855 324.652872
1854 1856 178.9318
1853 1857 927.139457
1830 1858 777.6629340000001
1858 1859 222.37280300000003
1858 1860 221.716169
1829 1861 0.032473
1861 1862 0.349743
1862 1863 105.051805
1863 1864 893.9755829999999
1863 1865 894.977082
1862 1866 0.725756
1866 1867 2.337754
1867 1868 3.251801
1868 1869 6.970218
1869 1870 9.550119
1870 1871 42.778507999999995
1871 1872 143.42350100000002
1872 1873 856.576175
1872 1874 449.17558800000006
1871 1875 957.221511
1870 1876 990.449834
1869 1877 993.029886
1868 1878 996.7479969999999
1867 1879 108.506221
1879 1880 885.239393
1879 1881 893.072638
1866 1882 999.342962
1861 1883 0.261781
1883 1884 0.43095900000000004
1884 1885 2.314146
1885 1886 8.047851999999999
1886 1887 22.125681
1887 1888 37.853896999999996
1888 1889 965.5555659999999
1888 1890 53.099078
1890 1891 683.6339019999999
1890 1892 946.969485
1887 1893 970.780474
1886 1894 992.797328
1885 1895 15.701784
1895 1896 25.408977
1896 1897 86.58531
1897 1898 176.88841399999998
1898 1899 823.1085
1898 1900 355.528504
1897 1901 913.4146850000001
1896 1902 974.591037
1895 1903 984.684868
1884 1904 999.569344
1883 1905 32.614307
1905 1906 967.4694069999999
1905 1907 966.835023
1828 1908 0.028787000000000004
1908 1909 0.152567
1909 1910 1.754377
1910 1911 998.3039
1910 1912 3.001925
1912 1913 10.980179
1913 1914 47.138058
1914 1915 952.8619150000001
1914 1916 88.04041500000001
1916 1917 718.3093859999999
1916 1918 911.9595889999999
1913 1919 989.2294100000001
1912 1920 11.343053
1920 1921 67.25853699999999
1921 1922 75.144909
1922 1923 725.327135
1922 1924 929.982015
1921 1925 922.4875000000001
1920 1926 990.569389
1909 1927 6.777524
1927 1928 28.96573
1928 1929 970.518244
1928 1930 956.948634
1927 1931 993.2289020000001
1908 1932 0.14554
1932 1933 0.360742
1933 1934 610.656322
1934 1935 388.532001
1934 1936 389.53663
1933 1937 1.641269
1937 1938 3.736452
1938 1939 15.619362
1939 1940 25.040704
1940 1941 59.559302
1941 1942 108.684553
1942 1943 890.308398
1942 1944 396.916375
1941 1945 940.4405949999999
1940 1946 974.959268
1939 1947 984.3806649999999
1938 1948 996.3849
1937 1949 29.051262
1949 1950 36.776251
1950 1951 965.5632649999999
1950 1952 93.58618399999999
1952 1953 713.368266
1952 1954 906.365876
1949 1955 830.632366
1955 1956 164.810521
1955 1957 107.619278
1932 1958 0.268287
1958 1959 0.46782
1959 1960 1.127709
1960 1961 5.198252
1961 1962 221.784286
1962 1963 782.831911
1962 1964 763.2021159999999
1961 1965 33.820929
1965 1966 39.411057
1966 1967 79.35942
1967 1968 591.081872
1967 1969 920.6405930000001
1966 1970 960.5888110000001
1965 1971 966.179268
1960 1972 998.8727210000001
1959 1973 74.653589
1973 1974 923.8825549999999
1973 1975 926.021941
1958 1976 69.101184
1976 1977 201.171305
1977 1978 776.060389
1977 1979 681.4113189999999
1976 1980 931.0683799999999
5 1981 3.3552449999999996
1981 1982 64.807484
1982 1983 938.297382
1982 1984 925.377647
1981 1985 4.196941
1985 1986 23.482717
1986 1987 34.807381
1987 1988 965.194135
1987 1989 292.684365
1989 1990 357.178219
1989 1991 707.3156299999999
1986 1992 976.514901
1985 1993 995.801704
4 1994 986.0590780000001
3 1995 987.7625370000001
2 1996 948.5488569999999
1 1997 458.82212400000003
1 1998 701.929684
