1 2 4.021281
1 3 0.20463199999999998
3 4 0.09844599999999999
4 5 0.42390400000000006
4 6 0.181426
6 7 1.193315
6 8 6.515955
3 9 0.1515
9 10 0.017193
10 11 0.18304199999999998
11 12 2.9803840000000004
11 13 7.5704389999999995
10 14 0.316782
14 15 3.7806430000000004
14 16 4.474196
9 17 0.292522
17 18 0.359571
18 19 0.097865
19 20 1.987593
19 21 0.16763699999999998
21 22 0.099213
22 23 0.088736
23 24 0.20306399999999997
24 25 0.307378
25 26 0.15897
26 27 0.42615400000000003
27 28 0.304554
28 29 0.26885
29 30 0.139189
30 31 4.5714570000000005
30 32 4.40096
29 33 0.082301
33 34 0.163074
34 35 4.8555340000000005
34 36 0.16820100000000002
36 37 4.5370989999999995
36 38 6.128223
33 39 0.094427
39 40 0.061555
40 41 0.091062
41 42 0.254509
42 43 0.075849
43 44 0.006498
44 45 0.26193
45 46 5.623191
45 47 4.756329
44 48 0.249351
48 49 0.28636
49 50 5.557895
49 51 5.1074269999999995
48 52 5.652254999999999
43 53 0.110371
53 54 0.118928
54 55 4.951039
54 56 4.804894
53 57 0.192412
57 58 4.751098
57 59 5.061233
42 60 0.134491
60 61 0.040649000000000005
61 62 0.199124
62 63 0.11904999999999999
63 64 0.305653
64 65 0.171178
65 66 0.131104
66 67 0.062785
67 68 0.212984
68 69 0.059189
69 70 0.08594600000000001
70 71 0.220959
71 72 7.649303000000001
71 73 7.117195
70 74 0.087801
74 75 8.191526
74 76 0.045531
76 77 0.064643
77 78 7.641388
77 79 0.040927
79 80 0.16735999999999998
80 81 7.567352
80 82 0.187365
82 83 7.419744000000001
82 84 7.470176
79 85 0.076755
85 86 0.040252
86 87 0.153816
87 88 0.265283
88 89 0.016123
89 90 0.041311
90 91 0.10707699999999999
91 92 0.295344
92 93 0.374708
93 94 9.959339
93 95 10.095464
92 96 8.881795
91 97 0.076237
97 98 8.636157
97 99 8.521764
90 100 0.067074
100 101 0.445167
101 102 8.023839
101 103 8.49513
100 104 8.517693
89 105 8.625896
88 106 0.017306
106 107 8.335431
106 108 0.437479
108 109 8.647655
108 110 9.286339
87 111 0.033842
111 112 8.163267000000001
111 113 0.45360599999999995
113 114 9.628582
113 115 8.175351000000001
86 116 0.13459
116 117 7.968084
116 118 7.981769
85 119 0.198327
119 120 7.818206
119 121 7.7553220000000005
76 122 0.15365800000000002
122 123 7.679562
122 124 7.6444410000000005
69 125 0.080786
125 126 0.028741
126 127 0.163198
127 128 0.19440200000000002
128 129 0.478218
129 130 7.566916
129 131 8.320046
128 132 0.118202
132 133 7.858880999999999
132 134 0.073286
134 135 0.050329
135 136 0.168104
136 137 0.466408
137 138 0.49130500000000005
138 139 0.110437
139 140 0.20611100000000002
140 141 0.15997999999999998
141 142 0.053398
142 143 0.21401499999999998
143 144 0.186682
144 145 0.189383
145 146 0.20862799999999998
146 147 0.190219
147 148 0.070687
148 149 0.244773
149 150 0.10846199999999999
150 151 11.763148
150 152 0.26623800000000003
152 153 0.22233499999999998
153 154 11.841037
153 155 12.331275999999999
152 156 0.24389199999999997
156 157 11.982431
156 158 0.40016399999999996
158 159 0.07408300000000001
159 160 0.10741200000000001
160 161 0.236148
161 162 0.037743
162 163 13.680215
162 164 0.163078
164 165 0.356288
165 166 1.514252
166 167 13.513747
166 168 11.750912
165 169 0.334005
169 170 0.093484
170 171 0.12247899999999999
171 172 0.22631600000000002
172 173 0.18773800000000002
173 174 0.194782
174 175 0.32678300000000005
175 176 14.850268
175 177 14.433194999999998
174 178 15.062776999999999
173 179 15.298141000000001
172 180 0.24795199999999998
180 181 14.985212
180 182 14.533471
171 183 0.476019
183 184 14.157022999999999
183 185 2.284043
185 186 15.580827
185 187 14.728152999999999
170 188 0.411691
188 189 0.346424
189 190 14.84489
189 191 15.146815
188 192 14.847556
169 193 1.229835
193 194 2.473927
194 195 13.550023
194 196 12.231014
193 197 14.799701
164 198 14.126805000000001
161 199 0.395449
199 200 0.498263
200 201 15.613316
200 202 13.047058999999999
199 203 14.317595999999998
160 204 0.164983
204 205 0.393375
205 206 12.376371
205 207 12.303319
204 208 0.268578
208 209 12.874210999999999
208 210 12.243691
159 211 0.121619
211 212 0.074446
212 213 0.225801
213 214 0.060763
214 215 14.155209999999999
214 216 13.200878999999999
213 217 0.24365599999999998
217 218 13.179361
217 219 13.647338000000001
212 220 0.049426
220 221 0.229736
221 222 0.065583
222 223 0.22233999999999998
223 224 0.32635
224 225 12.847845
224 226 12.416815
223 227 0.024683000000000004
227 228 13.374130000000001
227 229 13.002303000000001
222 230 0.07931
230 231 0.101542
231 232 0.17899700000000002
232 233 0.34506
233 234 0.11554
234 235 0.132067
235 236 0.084208
236 237 0.160435
237 238 0.707179
238 239 14.166401
238 240 14.960724
237 241 0.137964
241 242 13.92505
241 243 14.968276999999999
236 244 0.339874
244 245 13.884374999999999
244 246 14.621166999999998
235 247 0.184335
247 248 0.481323
248 249 0.170935
249 250 0.159113
250 251 0.08171400000000001
251 252 15.840576
251 253 0.232212
253 254 0.186996
254 255 14.209868
254 256 0.688062
256 257 16.434815
256 258 13.953728000000002
253 259 0.38312799999999997
259 260 15.322277000000001
259 261 16.352618999999997
250 262 16.20291
249 263 0.37644900000000003
263 264 0.24730400000000002
264 265 0.38387400000000005
265 266 15.229766
265 267 15.318192
264 268 16.139559000000002
263 269 0.360219
269 270 15.478764
269 271 14.354882
248 272 15.317969000000002
247 273 0.174348
273 274 0.347291
274 275 13.648356
274 276 15.012018999999999
273 277 0.410064
277 278 0.30393
278 279 15.460855
278 280 0.952634
280 281 16.949089
280 282 14.644665000000002
277 283 0.42556800000000006
283 284 16.292879
283 285 14.016102
234 286 0.151929
286 287 0.31324399999999997
287 288 0.262716
288 289 13.266958
288 290 13.034742
287 291 13.790863
286 292 0.460734
292 293 0.103332
293 294 0.177868
294 295 0.194746
295 296 14.81496
295 297 14.625221
294 298 0.19212700000000002
298 299 0.31773999999999997
299 300 0.265285
300 301 0.172063
301 302 0.446767
302 303 14.986887
302 304 14.610392999999998
301 305 0.620923
305 306 12.923508
305 307 13.602657
300 308 0.149539
308 309 0.242969
309 310 0.236836
310 311 0.137287
311 312 15.026696000000001
311 313 14.413485000000001
310 314 0.623518
314 315 13.207483
314 316 13.619216000000002
309 317 0.082029
317 318 13.671850999999998
317 319 14.141538
308 320 14.2497
299 321 0.511093
321 322 14.802649
321 323 13.471342
298 324 0.503196
324 325 14.333446
324 326 15.579182
293 327 0.23289600000000002
327 328 0.22149000000000002
328 329 0.42669199999999996
329 330 15.74592
329 331 0.091528
331 332 15.877877000000002
331 333 18.278765
328 334 0.459557
334 335 15.531865999999999
334 336 16.14303
327 337 15.682093
292 338 15.052809
233 339 0.11173999999999999
339 340 0.185832
340 341 0.228632
341 342 13.335439
341 343 0.264609
343 344 13.084972
343 345 13.067527000000002
340 346 0.29506
346 347 0.20800100000000002
347 348 14.335506
347 349 14.402425999999998
346 350 13.466491999999999
339 351 0.10532
351 352 13.941453000000001
351 353 0.18021199999999998
353 354 1.099402
354 355 1.434066
355 356 0.16994399999999998
356 357 16.103131
356 358 15.978981000000001
355 359 0.173784
359 360 0.13972800000000002
360 361 0.306388
361 362 0.193656
362 363 19.031128
362 364 0.261103
364 365 0.421437
365 366 0.395865
366 367 0.713487
367 368 17.506138
367 369 0.947519
369 370 20.050945000000002
369 371 18.456982999999997
366 372 0.12669999999999998
372 373 0.557428
373 374 0.255554
374 375 0.26434399999999997
375 376 0.42824300000000004
376 377 0.407843
377 378 0.716417
378 379 0.6128180000000001
379 380 25.243232999999996
379 381 22.158607
378 382 21.643289
377 383 0.33299599999999996
383 384 0.742618
384 385 19.094942
384 386 0.562871
386 387 22.020550999999998
386 388 22.683472
383 389 0.423913
389 390 0.477935
390 391 0.236492
391 392 0.22439
392 393 0.732845
393 394 0.21155100000000002
394 395 0.588541
395 396 0.497054
396 397 0.36984100000000003
397 398 21.221847999999998
397 399 20.69257
396 400 0.065114
400 401 0.626354
401 402 22.422061
401 403 0.325254
403 404 23.131725
403 405 22.262187
400 406 21.898943000000003
395 407 0.282416
407 408 0.167155
408 409 0.344273
409 410 23.059635
409 411 21.742541000000003
408 412 22.505031
407 413 22.503816
394 414 0.367645
414 415 0.305348
415 416 0.9812150000000001
416 417 1.019363
417 418 0.49916099999999997
418 419 0.43072099999999997
419 420 27.831232
419 421 0.284669
421 422 0.5917910000000001
422 423 25.444266999999996
422 424 29.332738000000003
421 425 25.587424
418 426 0.936299
426 427 26.992693000000003
426 428 28.801149
417 429 0.544495
429 430 0.9165960000000001
430 431 34.789043
430 432 30.284042
429 433 0.771379
433 434 0.336614
434 435 25.154906
434 436 29.174425999999997
433 437 30.689188
416 438 0.398114
438 439 0.403775
439 440 27.822681
439 441 0.40318699999999996
441 442 25.550882
441 443 24.335039
438 444 0.199843
444 445 27.525579999999998
444 446 0.362317
446 447 0.335015
447 448 0.644042
448 449 26.812553
448 450 26.298947000000002
447 451 23.532898
446 452 0.28028800000000004
452 453 0.7547429999999999
453 454 24.311357
453 455 32.167844
452 456 22.96703
415 457 0.314193
457 458 0.313566
458 459 0.488626
459 460 0.657063
460 461 0.678234
461 462 26.336092
461 463 27.437283
460 464 24.949241
459 465 24.937155
458 466 0.292699
466 467 0.652288
467 468 24.448658000000002
467 469 0.447929
469 470 21.366751999999998
469 471 21.02092
466 472 0.44072900000000004
472 473 24.337112
472 474 0.377554
474 475 21.742724
474 476 24.048379
457 477 23.684561000000002
414 478 0.6320509999999999
478 479 22.377458
479 480 1.52865
479 481 0.964312
478 482 23.221056
393 483 24.477225
392 484 24.625289
391 485 22.255381
390 486 21.211786999999998
389 487 0.063741
487 488 23.370509000000002
487 489 20.165978000000003
376 490 1.148185
490 491 21.023911000000002
490 492 21.649235
375 493 20.568043
374 494 0.190105
494 495 0.133449
495 496 0.433409
496 497 18.207669000000003
496 498 19.941777
495 499 0.189807
499 500 0.643081
500 501 22.758886
500 502 0.14498
502 503 19.419243
502 504 0.558108
504 505 20.30537
504 506 20.951763
499 507 0.610824
507 508 22.13186
507 509 18.659505000000003
494 510 0.165886
510 511 1.568556
511 512 20.21068
511 513 21.046453
510 514 18.275527999999998
373 515 0.32383300000000004
515 516 17.898459
515 517 0.700561
517 518 18.785394999999998
517 519 0.180718
519 520 17.205831999999997
519 521 0.303071
521 522 0.324087
522 523 0.698739
523 524 18.110086
523 525 0.60978
525 526 19.412192
525 527 0.182295
527 528 18.323562
527 529 17.367630000000002
522 530 17.75711
521 531 17.925741000000002
372 532 0.307021
532 533 18.168749000000002
532 534 17.522443
365 535 20.263242
364 536 0.338574
536 537 0.8733350000000001
537 538 16.352912
537 539 17.551344999999998
536 540 0.717894
540 541 18.154721
540 542 17.709151000000002
361 543 16.676324
360 544 15.210678999999999
359 545 0.271299
545 546 0.154672
546 547 15.953605000000001
546 548 15.478165999999998
545 549 0.425915
549 550 0.590785
550 551 0.178701
551 552 0.300645
552 553 0.19857999999999998
553 554 0.650401
554 555 17.89015
554 556 17.456999
553 557 0.14327199999999998
557 558 0.209087
558 559 0.283126
559 560 0.521126
560 561 16.320883
560 562 16.41805
559 563 0.10356199999999999
563 564 0.705131
564 565 17.934611
564 566 17.241172
563 567 17.140027999999997
558 568 0.297838
568 569 17.684804
568 570 19.049111
557 571 0.13586
571 572 0.178416
572 573 0.413863
573 574 0.503087
574 575 0.45191299999999995
575 576 20.961312000000003
575 577 0.427434
577 578 0.624434
578 579 1.028456
579 580 1.181143
580 581 24.189588
580 582 29.031827999999997
579 583 0.720121
583 584 0.6599459999999999
584 585 0.6041150000000001
585 586 1.013554
586 587 0.8980770000000001
587 588 26.336433
587 589 21.884218999999998
586 590 0.442691
590 591 25.030198
590 592 3.7968580000000003
592 593 18.031985
592 594 18.005006
585 595 0.49721000000000004
595 596 0.8021199999999999
596 597 26.503817
596 598 25.193017
595 599 0.35029000000000005
599 600 0.45395899999999995
600 601 5.166312
601 602 24.383761
601 603 20.615124
600 604 27.317617
599 605 0.114463
605 606 0.617061
606 607 1.302894
607 608 34.079166
607 609 30.993918999999998
606 610 0.24333100000000002
610 611 0.438319
611 612 3.1821719999999996
612 613 2.3336360000000003
613 614 1.2125920000000001
614 615 39.018323
614 616 1.520537
616 617 1.7317220000000002
617 618 42.338383
617 619 40.879488
616 620 44.086662
613 621 35.930845
612 622 45.425874
611 623 8.879837
623 624 31.973723
623 625 27.665843000000002
610 626 1.6120659999999998
626 627 8.712833999999999
627 628 43.395861000000004
627 629 41.249308
626 630 3.642809
630 631 37.786943
630 632 51.109497000000005
605 633 0.046257
633 634 0.952834
634 635 29.147067
634 636 0.6025240000000001
636 637 27.754215
636 638 24.810066
633 639 1.1904160000000001
639 640 0.313507
640 641 1.1532010000000001
641 642 28.595417
641 643 34.584193
640 644 33.148422
639 645 29.382133
584 646 1.018878
646 647 0.484342
647 648 1.385016
648 649 0.8937799999999999
649 650 0.49384399999999995
650 651 0.947015
651 652 0.9629989999999999
652 653 0.896933
653 654 27.485895999999997
653 655 30.616206000000002
652 656 0.8689640000000001
656 657 29.985563999999997
656 658 2.24782
658 659 34.918039
658 660 48.299831999999995
651 661 0.623233
661 662 1.535053
662 663 35.645319
662 664 45.549476999999996
661 665 1.16979
665 666 1.263065
666 667 0.926639
667 668 0.274627
668 669 1.315093
669 670 2.414501
670 671 35.404802000000004
670 672 43.061553
669 673 0.713692
673 674 36.799949
673 675 35.330968
668 676 1.376072
676 677 0.487908
677 678 41.186854000000004
677 679 35.359583
676 680 38.26873
667 681 1.996721
681 682 0.745626
682 683 1.2661769999999999
683 684 34.705203000000004
683 685 2.004905
685 686 43.974255
685 687 34.64152
682 688 0.208445
688 689 37.14694
688 690 35.262165
681 691 43.19402
666 692 0.750896
692 693 0.405802
693 694 1.451541
694 695 30.601889999999997
694 696 32.827666
693 697 37.866175
692 698 32.786159
665 699 41.856986
650 700 0.701438
700 701 30.772298999999997
700 702 26.979207
649 703 28.277872
648 704 0.14659
704 705 26.359097
704 706 0.6304109999999999
706 707 0.5758690000000001
707 708 27.392588
707 709 35.165493
706 710 1.272913
710 711 28.736983
710 712 1.053358
712 713 1.700411
713 714 0.790223
714 715 1.2189210000000001
715 716 36.168316
715 717 1.069119
717 718 35.805766
717 719 41.033346
714 720 41.173836
713 721 31.112147
712 722 31.739863
647 723 24.866910999999998
646 724 27.478428
583 725 0.326032
725 726 21.876213
725 727 15.407485000000001
727 728 8.486902
727 729 7.149178000000001
578 730 0.19049
730 731 0.41141
731 732 0.374731
732 733 0.474085
733 734 0.752787
734 735 0.55702
735 736 0.627155
736 737 26.802881
736 738 24.678632
735 739 27.57634
734 740 0.892749
740 741 0.31144
741 742 0.551987
742 743 27.156466
742 744 1.216741
744 745 24.541204
744 746 24.715868
741 747 1.060799
747 748 0.752399
748 749 27.238413
748 750 0.40534899999999996
750 751 28.566905
750 752 32.154721
747 753 31.404998
740 754 0.290591
754 755 0.8705799999999999
755 756 24.25723
755 757 25.523514000000002
754 758 0.944273
758 759 0.874016
759 760 1.291893
760 761 0.790955
761 762 2.398134
762 763 38.272239
762 764 1.526308
764 765 2.7105449999999998
765 766 41.434525
765 767 42.256651
764 768 37.957982
761 769 0.8827200000000001
769 770 34.954976
769 771 36.484391
760 772 1.1198329999999999
772 773 38.072886
772 774 1.20665
774 775 34.57946
774 776 1.489651
776 777 38.392635000000006
776 778 35.704686
759 779 29.306283
758 780 0.737304
780 781 26.046273
780 782 27.285217
733 783 0.442761
783 784 1.150363
784 785 27.553775
784 786 19.340893
783 787 21.602469
732 788 0.694689
788 789 22.630170999999997
788 790 1.578522
790 791 24.576619
790 792 25.943482
731 793 0.675365
793 794 20.918415000000003
793 795 0.7309730000000001
795 796 19.412307000000002
795 797 22.975365
730 798 0.694258
798 799 22.519582
798 800 0.586668
800 801 20.086227
800 802 23.353816
577 803 20.955958
574 804 3.844758
804 805 18.359328
804 806 16.220079000000002
573 807 0.452693
807 808 1.112373
808 809 20.245113
808 810 22.14256
807 811 18.961393
572 812 0.14638299999999999
812 813 20.529988
812 814 0.275529
814 815 0.40189300000000006
815 816 0.10916000000000001
816 817 17.197344
816 818 17.807505000000003
815 819 0.383862
819 820 17.282633999999998
819 821 17.551716
814 822 0.167638
822 823 0.349174
823 824 17.70623
823 825 16.703751
822 826 17.708117
571 827 17.679309
552 828 0.318452
828 829 0.300585
829 830 1.136569
830 831 1.842415
831 832 6.23424
832 833 10.256687000000001
832 834 8.463753
831 835 14.721521000000001
830 836 17.528431
829 837 0.37637299999999996
837 838 17.986653999999998
837 839 7.743696999999999
839 840 11.536581
839 841 10.997387
828 842 0.081438
842 843 0.320525
843 844 0.850661
844 845 0.991806
845 846 21.51913
845 847 60.138548
844 848 21.592834
843 849 0.7510819999999999
849 850 18.581266
849 851 17.716236
842 852 0.46431199999999995
852 853 1.159249
853 854 7.4726870000000005
854 855 12.968983000000001
854 856 12.664084
853 857 1.8300650000000003
857 858 4.404435
858 859 22.112892000000002
858 860 7.8666
860 861 38.234966
860 862 53.032833999999994
857 863 2.479799
863 864 15.072121
863 865 15.635644000000001
852 866 0.177895
866 867 18.593873
866 868 10.880653
868 869 6.741063
868 870 6.3848650000000005
551 871 17.466229
550 872 16.374689
549 873 0.177396
873 874 16.293132
873 875 14.977055
354 876 15.291536
353 877 14.309218000000001
232 878 0.51239
878 879 0.18129
879 880 0.08094699999999999
880 881 0.264954
881 882 0.179579
882 883 0.386459
883 884 14.243547000000001
883 885 15.275136999999999
882 886 0.326202
886 887 0.15175
887 888 0.256814
888 889 0.492491
889 890 0.112933
890 891 13.292423000000001
890 892 13.91196
889 893 0.23074699999999998
893 894 13.418548999999999
893 895 13.937539
888 896 14.667917999999998
887 897 0.475569
897 898 14.128983
897 899 14.299282999999999
886 900 0.221215
900 901 13.955891000000001
900 902 14.010663000000001
881 903 0.069176
903 904 14.827208
903 905 14.22189
880 906 15.215989999999998
879 907 0.480429
907 908 0.280682
908 909 0.40623400000000004
909 910 15.011148999999998
909 911 17.975783
908 912 0.10428
912 913 0.187533
913 914 0.216533
914 915 0.047079
915 916 0.23787999999999998
916 917 0.072452
917 918 0.138543
918 919 16.378934
918 920 0.193798
920 921 16.093833
920 922 15.257096
917 923 0.056614000000000005
923 924 0.251378
924 925 0.224669
925 926 0.554016
926 927 16.804882
926 928 20.368254
925 929 17.139129
924 930 0.254993
930 931 17.597949
930 932 0.39407899999999996
932 933 20.258913
932 934 0.348322
934 935 0.553339
935 936 18.277521
935 937 19.337673
934 938 0.27992
938 939 18.109603
938 940 19.861297999999998
923 941 0.149601
941 942 16.575228
941 943 17.077595000000002
916 944 0.17637
944 945 15.985781
944 946 15.607973
915 947 0.513444
947 948 15.775664
947 949 0.413429
949 950 17.125508
949 951 18.824868
914 952 0.21981
952 953 16.400280000000002
952 954 16.586651999999997
913 955 0.261584
955 956 14.788232
955 957 15.999582
912 958 0.256695
958 959 15.997496
958 960 0.36795
960 961 15.963303000000002
960 962 14.824512
907 963 15.182687999999999
878 964 0.203975
964 965 13.889161
964 966 0.542227
966 967 12.76126
966 968 13.242391000000001
231 969 0.6521469999999999
969 970 13.368345000000001
969 971 12.264721000000002
230 972 0.08160300000000001
972 973 0.269979
973 974 0.157562
974 975 12.417733
974 976 13.437421999999998
973 977 12.883823999999999
972 978 0.150346
978 979 0.090938
979 980 0.232168
980 981 0.19871200000000003
981 982 13.531092000000001
981 983 13.220339000000001
980 984 0.311983
984 985 13.210222
984 986 13.466031000000001
979 987 0.12421299999999999
987 988 0.198962
988 989 0.047251
989 990 13.062626999999999
989 991 12.422816000000001
988 992 0.27222
992 993 0.015142000000000001
993 994 0.335338
994 995 12.503798
994 996 12.981645
993 997 0.140845
997 998 12.721909
997 999 0.139898
999 1000 0.509124
1000 1001 12.356645
1000 1002 12.10509
999 1003 0.190076
1003 1004 0.34990899999999997
1004 1005 11.97516
1004 1006 0.7539180000000001
1006 1007 11.656121
1006 1008 11.089084
1003 1009 0.09495200000000001
1009 1010 0.087066
1010 1011 12.103927
1010 1012 11.996242
1009 1013 13.940923999999999
992 1014 12.425792
987 1015 0.509901
1015 1016 12.153428
1015 1017 12.235825
978 1018 0.10481900000000001
1018 1019 12.887308
1018 1020 0.41767899999999997
1020 1021 13.833982
1020 1022 12.617271999999998
221 1023 0.097567
1023 1024 0.475154
1024 1025 12.623269
1024 1026 11.983684
1023 1027 0.113189
1027 1028 12.939574
1027 1029 0.132174
1029 1030 12.15759
1029 1031 12.449363
220 1032 0.616009
1032 1033 12.32696
1032 1034 11.845354
211 1035 0.314158
1035 1036 13.117582
1035 1037 15.079412
158 1038 0.055561
1038 1039 13.18211
1038 1040 12.74725
149 1041 0.43209299999999995
1041 1042 0.587496
1042 1043 12.821121999999999
1042 1044 11.640613
1041 1045 11.391327
148 1046 0.500532
1046 1047 1.4874
1047 1048 11.089697
1047 1049 8.897674
1046 1050 10.818292999999999
147 1051 0.12499600000000001
1051 1052 11.259602000000001
1051 1053 0.253687
1053 1054 0.08605499999999999
1054 1055 0.242862
1055 1056 0.254332
1056 1057 0.30171
1057 1058 0.20256
1058 1059 13.901822999999998
1058 1060 14.295169999999999
1057 1061 0.601233
1061 1062 12.840160000000001
1061 1063 11.549094
1056 1064 12.533274
1055 1065 0.030321
1065 1066 0.203761
1066 1067 12.979646
1066 1068 0.115227
1068 1069 3.014946
1069 1070 8.848411
1069 1071 10.136518
1068 1072 11.774554
1065 1073 2.7576400000000003
1073 1074 9.418683
1073 1075 10.299719
1054 1076 0.10042600000000002
1076 1077 0.236499
1077 1078 11.790745
1077 1079 11.663882000000001
1076 1080 0.167008
1080 1081 1.664177
1081 1082 10.332218
1081 1083 10.196741
1080 1084 11.241587
1053 1085 3.7445209999999998
1085 1086 8.58477
1085 1087 7.870686
146 1088 0.19668200000000002
1088 1089 10.947899
1088 1090 11.797306
145 1091 0.11728699999999999
1091 1092 11.391153
1091 1093 10.443925
144 1094 10.11774
143 1095 0.081538
1095 1096 0.46755499999999994
1096 1097 10.93158
1096 1098 10.764678
1095 1099 0.127453
1099 1100 10.329941
1099 1101 0.241275
1101 1102 9.799434
1101 1103 10.45812
142 1104 0.216892
1104 1105 0.113174
1105 1106 0.185601
1106 1107 0.286907
1107 1108 10.547015
1107 1109 10.941605000000001
1106 1110 0.041162000000000004
1110 1111 0.35711
1111 1112 10.625321
1111 1113 10.725268
1110 1114 0.32577
1114 1115 11.592147
1114 1116 0.25649299999999997
1116 1117 0.6300509999999999
1117 1118 12.347663
1117 1119 10.609508
1116 1120 10.227846999999999
1105 1121 0.18729400000000002
1121 1122 0.312162
1122 1123 9.978862
1122 1124 9.672487
1121 1125 11.109446
1104 1126 0.054048
1126 1127 0.13847
1127 1128 0.243023
1128 1129 9.514146
1128 1130 10.137203
1127 1131 0.164288
1131 1132 0.11640400000000001
1132 1133 0.035017
1133 1134 0.165584
1134 1135 0.084121
1135 1136 9.847229
1135 1137 10.478061
1134 1138 0.170491
1138 1139 10.04908
1138 1140 9.736451
1133 1141 10.686793
1132 1142 9.965749
1131 1143 0.119294
1143 1144 0.070914
1144 1145 9.818264000000001
1144 1146 0.41064300000000004
1146 1147 9.247867
1146 1148 10.06934
1143 1149 0.07320700000000001
1149 1150 10.027054
1149 1151 10.095256
1126 1152 0.027912
1152 1153 0.089114
1153 1154 0.239174
1154 1155 0.184506
1155 1156 10.09504
1155 1157 10.230250999999999
1154 1158 10.113879
1153 1159 0.37102799999999997
1159 1160 9.979894
1159 1161 9.805637
1152 1162 0.082091
1162 1163 0.032468
1163 1164 0.134998
1164 1165 10.348673
1164 1166 10.180285999999999
1163 1167 0.18129699999999999
1167 1168 10.362804
1167 1169 0.310399
1169 1170 10.273267
1169 1171 10.052024
1162 1172 0.20508
1172 1173 0.022122
1173 1174 0.540224
1174 1175 10.918084
1174 1176 10.708882000000001
1173 1177 0.130013
1177 1178 0.144705
1178 1179 0.369002
1179 1180 0.344157
1180 1181 10.409432
1180 1182 11.356196
1179 1183 0.200584
1183 1184 0.327161
1184 1185 10.777251999999999
1184 1186 10.573338
1183 1187 10.486204
1178 1188 0.123131
1188 1189 0.408844
1189 1190 11.073172000000001
1189 1191 11.180278000000001
1188 1192 0.144661
1192 1193 12.452483
1192 1194 10.717391
1177 1195 0.07495299999999999
1195 1196 10.971364
1195 1197 0.075137
1197 1198 11.123309
1197 1199 0.213191
1199 1200 0.22933699999999999
1200 1201 10.413427
1200 1202 11.144327
1199 1203 10.068228999999999
1172 1204 0.083588
1204 1205 0.084022
1205 1206 0.297012
1206 1207 10.088080000000001
1206 1208 10.577042
1205 1209 10.859677
1204 1210 0.187773
1210 1211 0.288593
1211 1212 0.506288
1212 1213 9.990461
1212 1214 10.267093
1211 1215 10.577807
1210 1216 0.031233999999999998
1216 1217 0.06407099999999999
1217 1218 0.34270300000000004
1218 1219 10.200257
1218 1220 10.057297
1217 1221 0.145505
1221 1222 0.104225
1222 1223 0.019122
1223 1224 0.091242
1224 1225 0.07281699999999999
1225 1226 0.072327
1226 1227 0.091882
1227 1228 0.15218199999999998
1228 1229 0.10431900000000001
1229 1230 10.817485
1229 1231 10.533104
1228 1232 12.248541
1227 1233 0.063186
1233 1234 0.132755
1234 1235 0.361594
1235 1236 9.972874
1235 1237 10.352416
1234 1238 0.25566500000000003
1238 1239 10.495548000000001
1238 1240 11.062206
1233 1241 0.119604
1241 1242 10.634336
1241 1243 0.314524
1243 1244 10.440635
1243 1245 10.156367
1226 1246 0.158281
1246 1247 0.069337
1247 1248 11.047513
1247 1249 0.181892
1249 1250 11.794239
1249 1251 11.803259
1246 1252 0.124365
1252 1253 11.199622
1252 1254 10.914050999999999
1225 1255 0.174621
1255 1256 0.108727
1256 1257 0.15517
1257 1258 12.290929
1257 1259 0.48302500000000004
1259 1260 12.057879
1259 1261 11.611180000000001
1256 1262 0.18587700000000001
1262 1263 11.710318000000001
1262 1264 0.517722
1264 1265 11.813424
1264 1266 11.143748
1255 1267 0.289924
1267 1268 0.41245600000000004
1268 1269 12.353762999999999
1268 1270 0.247868
1270 1271 11.786534999999999
1270 1272 13.111876
1267 1273 0.880999
1273 1274 11.446355
1273 1275 12.509777
1224 1276 0.130548
1276 1277 10.43503
1276 1278 10.503345999999999
1223 1279 0.293678
1279 1280 10.560853
1279 1281 10.377523
1222 1282 0.42450099999999996
1282 1283 10.425716999999999
1282 1284 10.307602000000001
1221 1285 0.406065
1285 1286 10.535349
1285 1287 10.677524
1216 1288 0.253292
1288 1289 11.11904
1288 1290 10.300525
141 1291 0.174396
1291 1292 9.573667
1291 1293 9.27887
140 1294 0.31887899999999997
1294 1295 9.948247
1294 1296 9.036682
139 1297 0.12438099999999999
1297 1298 0.6668310000000001
1298 1299 9.502054
1298 1300 9.881831
1297 1301 0.243698
1301 1302 0.157175
1302 1303 10.214966
1302 1304 0.19903500000000002
1304 1305 9.248671
1304 1306 0.24374200000000001
1306 1307 0.31086199999999997
1307 1308 0.203086
1308 1309 9.954027
1308 1310 0.046128999999999996
1310 1311 0.10657799999999999
1311 1312 0.17874600000000002
1312 1313 10.034609999999999
1312 1314 10.155284
1311 1315 0.550101
1315 1316 10.000385000000001
1315 1317 9.785146000000001
1310 1318 0.17614
1318 1319 0.124085
1319 1320 10.951584
1319 1321 9.986791
1318 1322 10.450083000000001
1307 1323 0.23618799999999998
1323 1324 0.40670999999999996
1324 1325 9.366879
1324 1326 9.221757
1323 1327 9.88338
1306 1328 0.337432
1328 1329 9.443699
1328 1330 10.746195
1301 1331 9.077119999999999
138 1332 8.952955999999999
137 1333 2.880226
1333 1334 6.494056
1333 1335 5.858617
136 1336 0.357979
1336 1337 0.286669
1337 1338 7.875630999999999
1337 1339 8.200211
1336 1340 0.078116
1340 1341 0.149508
1341 1342 8.836174
1341 1343 8.193395
1340 1344 0.105578
1344 1345 0.10589200000000001
1345 1346 0.033936
1346 1347 0.266345
1347 1348 8.892714
1347 1349 0.138813
1349 1350 8.465836
1349 1351 8.885141
1346 1352 0.066301
1352 1353 0.21639099999999997
1353 1354 0.8198340000000001
1354 1355 9.200157
1354 1356 9.388479
1353 1357 9.470368
1352 1358 0.14607900000000001
1358 1359 0.14898
1359 1360 0.084435
1360 1361 9.009934
1360 1362 9.185045
1359 1363 0.031122
1363 1364 0.337438
1364 1365 10.047907
1364 1366 9.003329
1363 1367 8.96049
1358 1368 0.152642
1368 1369 0.102959
1369 1370 0.152932
1370 1371 0.09846099999999999
1371 1372 0.09953200000000001
1372 1373 0.072539
1373 1374 0.039457
1374 1375 0.12493800000000001
1375 1376 8.106619
1375 1377 8.032319000000001
1374 1378 0.143635
1378 1379 0.42035900000000004
1379 1380 8.370885999999999
1379 1381 8.402823
1378 1382 8.705213
1373 1383 0.10988300000000001
1383 1384 8.133608
1383 1385 0.253351
1385 1386 8.269229
1385 1387 8.376971
1372 1388 8.437341
1371 1389 0.193913
1389 1390 0.083186
1390 1391 8.128247
1390 1392 8.073857
1389 1393 0.202616
1393 1394 8.106235
1393 1395 8.285779999999999
1370 1396 0.159712
1396 1397 0.071794
1397 1398 0.06202
1398 1399 0.12872999999999998
1399 1400 0.10251800000000001
1400 1401 9.553732
1400 1402 0.34016599999999997
1402 1403 9.510887
1402 1404 10.341849
1399 1405 9.339485999999999
1398 1406 0.341281
1406 1407 8.970108
1406 1408 9.421372
1397 1409 0.10655300000000001
1409 1410 9.135851
1409 1411 8.733077
1396 1412 0.045694000000000005
1412 1413 0.40192700000000003
1413 1414 0.277185
1414 1415 10.214234
1414 1416 8.903384
1413 1417 0.124292
1417 1418 8.982769
1417 1419 9.540076000000001
1412 1420 0.110986
1420 1421 0.165685
1421 1422 9.077399999999999
1421 1423 8.661610999999999
1420 1424 0.42252899999999993
1424 1425 10.631522
1424 1426 8.287174
1369 1427 0.039637
1427 1428 0.266038
1428 1429 0.194824
1429 1430 9.218121
1429 1431 9.239005
1428 1432 0.240836
1432 1433 0.066122
1433 1434 9.332356
1433 1435 8.797267999999999
1432 1436 0.081961
1436 1437 9.187849
1436 1438 8.876493
1427 1439 0.161199
1439 1440 9.73097
1439 1441 8.66051
1368 1442 0.174089
1442 1443 0.212389
1443 1444 8.101825
1443 1445 0.155434
1445 1446 7.508901
1445 1447 7.877381999999999
1442 1448 0.192866
1448 1449 8.412815
1448 1450 7.915827
1345 1451 0.055
1451 1452 0.23744099999999999
1452 1453 0.147991
1453 1454 8.97468
1453 1455 8.505357
1452 1456 0.074974
1456 1457 0.156922
1457 1458 0.156669
1458 1459 0.198656
1459 1460 9.958681
1459 1461 0.405388
1461 1462 6.874546
1462 1463 3.439714
1462 1464 3.301294
1461 1465 3.1392459999999995
1465 1466 49.22865
1465 1467 16.100229
1458 1468 10.985079
1457 1469 10.232785
1456 1470 9.420902
1451 1471 0.20442899999999997
1471 1472 0.104144
1472 1473 8.279003999999999
1472 1474 8.686494999999999
1471 1475 0.032377
1475 1476 9.123424
1475 1477 0.486762
1477 1478 8.183411999999999
1477 1479 8.399137
1344 1480 0.190116
1480 1481 0.122258
1481 1482 8.376029
1481 1483 8.142939
1480 1484 8.296736000000001
135 1485 0.110662
1485 1486 7.625640000000001
1485 1487 0.152147
1487 1488 0.292319
1488 1489 0.667111
1489 1490 9.547931
1489 1491 8.320997
1488 1492 0.20637199999999997
1492 1493 9.221258
1492 1494 9.367378
1487 1495 0.165464
1495 1496 0.062655
1496 1497 0.266772
1497 1498 8.883831
1497 1499 0.09985000000000001
1499 1500 0.10515
1500 1501 8.454119
1500 1502 0.153886
1502 1503 0.459648
1503 1504 7.608179
1503 1505 7.467375
1502 1506 7.984114000000001
1499 1507 0.178676
1507 1508 6.974083
1507 1509 0.163839
1509 1510 7.0378419999999995
1509 1511 7.176526
1496 1512 7.817844
1495 1513 0.193465
1513 1514 9.635995999999999
1513 1515 8.624411
134 1516 0.15581499999999998
1516 1517 7.33597
1516 1518 0.13883800000000002
1518 1519 7.24233
1518 1520 6.972037
127 1521 0.105228
1521 1522 0.047617
1522 1523 0.221381
1523 1524 7.424185
1523 1525 7.713381
1522 1526 0.104936
1526 1527 8.538036
1526 1528 0.11135400000000001
1528 1529 0.087872
1529 1530 7.877769
1529 1531 7.94637
1528 1532 0.24437399999999998
1532 1533 8.327076
1532 1534 7.938262
1521 1535 7.719396000000001
126 1536 0.209625
1536 1537 7.293125
1536 1538 7.596795
125 1539 7.193344
68 1540 0.141325
1540 1541 7.3348700000000004
1540 1542 7.431627000000001
67 1543 7.13486
66 1544 0.33305399999999996
1544 1545 0.099153
1545 1546 8.111709000000001
1545 1547 7.150081
1544 1548 6.609212
65 1549 0.173464
1549 1550 0.119958
1550 1551 0.155816
1551 1552 0.121815
1552 1553 0.186462
1553 1554 7.144989
1553 1555 0.145745
1555 1556 6.915826999999999
1555 1557 7.237520999999999
1552 1558 0.070243
1558 1559 0.272581
1559 1560 7.747261
1559 1561 7.452383
1558 1562 0.241577
1562 1563 7.614114
1562 1564 7.337618
1551 1565 7.244064999999999
1550 1566 6.935426
1549 1567 0.11123699999999999
1567 1568 0.11368800000000001
1568 1569 6.807148000000001
1568 1570 6.438689
1567 1571 0.166267
1571 1572 6.267863999999999
1571 1573 0.177102
1573 1574 7.255476
1573 1575 6.412061
64 1576 0.187912
1576 1577 0.166865
1577 1578 0.111081
1578 1579 6.448168
1578 1580 0.146643
1580 1581 0.23104000000000002
1581 1582 0.15314899999999998
1582 1583 7.035632
1582 1584 7.3621870000000005
1581 1585 0.078427
1585 1586 0.223563
1586 1587 8.149455
1586 1588 6.7404649999999995
1585 1589 7.410376
1580 1590 0.554245
1590 1591 6.265426000000001
1590 1592 6.800642
1577 1593 0.094736
1593 1594 0.111506
1594 1595 6.8605
1594 1596 6.867536
1593 1597 0.085626
1597 1598 6.928191
1597 1599 0.10453599999999999
1599 1600 0.184945
1600 1601 0.336842
1601 1602 7.385510000000001
1601 1603 7.8762799999999995
1600 1604 7.232746
1599 1605 6.752445999999999
1576 1606 0.080751
1606 1607 0.124391
1607 1608 0.24344200000000002
1608 1609 5.501148000000001
1608 1610 5.85619
1607 1611 0.121644
1611 1612 6.398333000000001
1611 1613 6.191134
1606 1614 0.06050199999999999
1614 1615 0.154891
1615 1616 0.112155
1616 1617 0.175815
1617 1618 6.364353
1617 1619 0.319223
1619 1620 6.838444000000001
1619 1621 6.347407
1616 1622 0.110301
1622 1623 6.458079999999999
1622 1624 0.134845
1624 1625 6.523134
1624 1626 6.542934000000001
1615 1627 5.957977
1614 1628 0.12401999999999999
1628 1629 0.595335
1629 1630 6.340649
1629 1631 5.9529819999999996
1628 1632 5.729076
63 1633 0.15914799999999998
1633 1634 0.111524
1634 1635 0.10605099999999999
1635 1636 0.059566
1636 1637 0.119568
1637 1638 6.378341999999999
1637 1639 6.5681970000000005
1636 1640 0.087196
1640 1641 0.07298400000000001
1641 1642 0.089863
1642 1643 0.337862
1643 1644 6.4870280000000005
1643 1645 7.180509
1642 1646 6.499807000000001
1641 1647 0.05967
1647 1648 0.037464
1648 1649 0.19761399999999998
1649 1650 6.487417
1649 1651 7.1196850000000005
1648 1652 7.489268
1647 1653 0.331285
1653 1654 6.934398
1653 1655 7.157997000000001
1640 1656 0.715951
1656 1657 7.121136999999999
1656 1658 7.276681
1635 1659 0.20757499999999998
1659 1660 6.389932
1659 1661 6.25889
1634 1662 0.193521
1662 1663 0.21092200000000003
1663 1664 6.251352000000001
1663 1665 0.132349
1665 1666 6.410023
1665 1667 6.715904999999999
1662 1668 6.397431000000001
1633 1669 0.095625
1669 1670 0.033285999999999996
1670 1671 0.11796899999999999
1671 1672 0.11842000000000001
1672 1673 0.35490700000000003
1673 1674 5.509074
1673 1675 5.501175
1672 1676 5.963519
1671 1677 0.095358
1677 1678 5.6028389999999995
1677 1679 6.220681
1670 1680 0.051544000000000006
1680 1681 6.082371
1680 1682 0.181325
1682 1683 5.975898
1682 1684 5.730709
1669 1685 0.228273
1685 1686 0.15148799999999998
1686 1687 6.218248
1686 1688 6.430574
1685 1689 5.995077
62 1690 0.180255
1690 1691 0.078936
1691 1692 0.077345
1692 1693 0.080317
1693 1694 5.5102199999999995
1693 1695 5.789118
1692 1696 6.006018
1691 1697 0.045094
1697 1698 0.13303099999999998
1698 1699 5.951165
1698 1700 5.755443
1697 1701 0.086963
1701 1702 0.167458
1702 1703 0.096605
1703 1704 6.99796
1703 1705 6.428222
1702 1706 6.048002
1701 1707 0.039761
1707 1708 0.148112
1708 1709 6.1542069999999995
1708 1710 0.140433
1710 1711 6.277728000000001
1710 1712 6.0749450000000005
1707 1713 0.053052999999999996
1713 1714 6.531256000000001
1713 1715 5.821417
1690 1716 0.06657300000000001
1716 1717 6.374115
1716 1718 0.068387
1718 1719 5.720949
1718 1720 0.072908
1720 1721 0.22429899999999997
1721 1722 6.3951579999999995
1721 1723 6.016621
1720 1724 5.864561
61 1725 0.114872
1725 1726 0.057851
1726 1727 0.109682
1727 1728 5.301049
1727 1729 5.0784709999999995
1726 1730 0.04469
1730 1731 5.049443
1730 1732 0.11096199999999999
1732 1733 5.548893
1732 1734 0.271716
1734 1735 5.178561
1734 1736 5.200959
1725 1737 5.298235
60 1738 0.053896
1738 1739 0.031424
1739 1740 0.090789
1740 1741 0.189354
1741 1742 5.324064
1741 1743 5.169599
1740 1744 0.15493200000000001
1744 1745 5.299338
1744 1746 5.308705
1739 1747 0.032915
1747 1748 0.195198
1748 1749 5.62911
1748 1750 5.902589
1747 1751 0.034999999999999996
1751 1752 0.14724199999999998
1752 1753 5.541247
1752 1754 5.066796
1751 1755 0.225392
1755 1756 4.920636
1755 1757 5.231305
1738 1758 0.036827000000000006
1758 1759 0.42658799999999997
1759 1760 5.241148
1759 1761 4.967599
1758 1762 0.04562
1762 1763 0.075988
1763 1764 1.097548
1764 1765 3.898194
1764 1766 5.018687
1763 1767 0.120584
1767 1768 0.096833
1768 1769 0.186795
1769 1770 4.774653
1769 1771 5.0376780000000005
1768 1772 0.140865
1772 1773 5.494721
1772 1774 4.827815
1767 1775 5.6308240000000005
1762 1776 0.212722
1776 1777 5.417377999999999
1776 1778 6.347656
41 1779 0.21145999999999998
1779 1780 4.534429
1779 1781 4.772404
40 1782 0.363193
1782 1783 4.6531910000000005
1782 1784 4.5419410000000005
39 1785 0.431908
1785 1786 5.356013
1785 1787 5.137649
28 1788 0.147893
1788 1789 0.084607
1789 1790 0.073891
1790 1791 0.136077
1791 1792 4.914831
1791 1793 0.094425
1793 1794 4.041363
1793 1795 3.885471
1790 1796 0.052718
1796 1797 0.133716
1797 1798 4.637281
1797 1799 0.069677
1799 1800 0.146886
1800 1801 4.517782
1800 1802 4.677351
1799 1803 0.075396
1803 1804 0.07185
1804 1805 0.025878
1805 1806 0.109706
1806 1807 4.756126
1806 1808 4.774795
1805 1809 0.13007400000000002
1809 1810 4.771889
1809 1811 4.984045
1804 1812 0.28190200000000004
1812 1813 4.191467
1812 1814 4.725414
1803 1815 0.17002499999999998
1815 1816 4.456473
1815 1817 4.682895
1796 1818 0.8061590000000001
1818 1819 4.487558
1818 1820 4.152489
1789 1821 0.156468
1821 1822 0.125894
1822 1823 0.284614
1823 1824 3.851453
1823 1825 3.966489
1822 1826 0.214943
1826 1827 5.352413
1826 1828 4.010356000000001
1821 1829 0.056087
1829 1830 4.503985
1829 1831 0.18850799999999998
1831 1832 0.153491
1832 1833 5.00221
1832 1834 4.5287109999999995
1831 1835 0.38801199999999997
1835 1836 4.954718000000001
1835 1837 5.424802
1788 1838 3.877266
27 1839 0.20782299999999998
1839 1840 0.050708
1840 1841 0.088201
1841 1842 0.07263700000000001
1842 1843 0.146942
1843 1844 3.4551760000000002
1843 1845 0.12966
1845 1846 3.4538819999999997
1845 1847 4.146934
1842 1848 0.071537
1848 1849 3.9733129999999997
1848 1850 3.519269
1841 1851 0.22386799999999998
1851 1852 0.281202
1852 1853 3.85705
1852 1854 4.672657999999999
1851 1855 4.398934000000001
1840 1856 0.14446599999999998
1856 1857 0.203528
1857 1858 0.034859
1858 1859 3.530519
1858 1860 0.081009
1860 1861 3.668071
1860 1862 3.608695
1857 1863 0.261976
1863 1864 4.345439
1863 1865 4.184268
1856 1866 0.19705399999999998
1866 1867 0.120276
1867 1868 3.539389
1867 1869 4.278554
1866 1870 0.18235
1870 1871 3.948114
1870 1872 4.361588
1839 1873 0.17045000000000002
1873 1874 3.845551
1873 1875 0.139789
1875 1876 0.495375
1876 1877 0.698531
1877 1878 5.342087
1877 1879 6.364520999999999
1876 1880 4.663342
1875 1881 4.344149
26 1882 0.13150799999999999
1882 1883 0.161853
1883 1884 4.103268
1883 1885 0.334302
1885 1886 0.139035
1886 1887 0.185257
1887 1888 0.243143
1888 1889 0.038896
1889 1890 0.094175
1890 1891 3.14698
1890 1892 3.8612349999999998
1889 1893 0.027128
1893 1894 3.5974890000000004
1893 1895 0.127655
1895 1896 0.180449
1896 1897 0.17403500000000002
1897 1898 0.044058
1898 1899 3.4712739999999997
1898 1900 3.751673
1897 1901 3.112303
1896 1902 0.148876
1902 1903 3.4555330000000004
1902 1904 3.499133
1895 1905 0.06275599999999999
1905 1906 0.045461999999999995
1906 1907 0.195258
1907 1908 0.189528
1908 1909 3.125758
1908 1910 3.084828
1907 1911 2.78399
1906 1912 3.868312
1905 1913 3.152022
1888 1914 0.11071
1914 1915 3.5462439999999997
1914 1916 3.248098
1887 1917 0.176538
1917 1918 3.706007
1917 1919 3.840665
1886 1920 0.178063
1920 1921 0.187891
1921 1922 0.204115
1922 1923 4.16848
1922 1924 5.870024
1921 1925 0.058508
1925 1926 4.229157
1925 1927 3.970876
1920 1928 0.385658
1928 1929 5.651285000000001
1928 1930 4.330588
1885 1931 5.261529
1882 1932 6.073593
25 1933 4.157001
24 1934 0.067519
1934 1935 0.04897700000000001
1935 1936 0.079514
1936 1937 0.19403499999999999
1937 1938 0.15409499999999998
1938 1939 0.087381
1939 1940 2.235191
1939 1941 3.293695
1938 1942 2.2644439999999997
1937 1943 0.192063
1943 1944 2.994243
1943 1945 0.29184699999999997
1945 1946 2.2758480000000003
1945 1947 2.734592
1936 1948 0.257249
1948 1949 3.659461
1948 1950 0.184024
1950 1951 2.694616
1950 1952 0.122444
1952 1953 2.9021310000000002
1952 1954 2.5746789999999997
1935 1955 0.012837999999999999
1955 1956 0.323465
1956 1957 0.2153
1957 1958 2.3564290000000003
1957 1959 2.294127
1956 1960 0.245845
1960 1961 3.5667949999999995
1960 1962 3.441419
1955 1963 0.19264499999999998
1963 1964 0.092002
1964 1965 2.258085
1964 1966 2.392471
1963 1967 2.3358730000000003
1934 1968 0.275598
1968 1969 0.069962
1969 1970 0.07306800000000001
1970 1971 2.8020389999999997
1970 1972 0.171663
1972 1973 3.117055
1972 1974 0.173448
1974 1975 3.1390059999999997
1974 1976 3.177241
1969 1977 0.049849
1977 1978 3.56155
1977 1979 0.11377
1979 1980 0.057572000000000005
1980 1981 0.24245299999999997
1981 1982 2.718557
1981 1983 2.862456
1980 1984 3.0460089999999997
1979 1985 3.008118
1968 1986 0.278142
1986 1987 4.040877
1986 1988 2.7001299999999997
23 1989 4.118843
22 1990 0.20752700000000002
1990 1991 5.301587
1990 1992 0.344568
1992 1993 2.225593
1992 1994 4.7290730000000005
21 1995 1.977798
18 1996 1.916262
17 1997 1.038693
1 1998 4.618766
