21684 2
10508 5
27938 7
15735 8
27565 12
17903 13
19787 15
25467 16
5178 20
14747 31
18377 32
21258 35
3358 37
6048 38
3012 46
29488 47
15043 50
22492 51
4536 52
20678 55
5788 56
11029 58
14138 59
2436 72
28382 73
31523 75
64 78
8176 81
1285 83
30218 84
24209 94
8185 95
19387 96
2316 98
15533 99
14753 102
21166 103
8606 104
24492 105
17474 107
4926 109
27886 110
26965 112
20221 114
9060 115
17572 117
23212 118
14224 120
31063 121
20393 123
1044 124
21130 130
13458 131
27509 133
22163 151
2980 154
3549 155
7886 157
31076 163
4157 167
6258 168
21213 176
7787 177
5778 178
22199 179
28643 181
10708 182
14832 184
16848 186
9538 187
8096 190
24023 191
17667 192
24579 195
31025 196
21949 197
30071 198
23090 201
10008 202
23795 203
27039 206
10972 207
29741 209
7345 210
9473 215
19257 216
7543 218
27167 219
14748 225
26527 226
4782 228
5716 229
21381 239
2774 240
2357 242
6439 243
6316 245
29560 246
24906 252
20124 255
789 257
27148 258
16532 260
28126 261
26694 262
787 266
325 267
30735 268
20071 270
23105 271
30670 272
6472 275
6968 276
15962 279
15990 281
12305 282
15787 284
17243 285
5049 289
20615 290
3855 291
4349 296
18441 297
15847 303
7384 304
21172 306
15074 307
15457 312
6778 313
16084 315
25810 316
6831 318
28468 319
29218 320
1752 322
24507 323
4009 325
3228 326
29739 330
3373 332
2259 333
22665 335
7693 336
28431 337
14448 338
14023 342
23401 344
4183 345
11770 348
5828 349
26132 350
27676 352
28073 357
3237 358
3493 363
15933 368
29789 370
15361 371
24193 380
23597 381
5713 382
6804 385
6305 387
18825 388
16791 398
29462 399
6113 402
25519 404
1055 405
20754 406
22958 410
27974 411
10568 412
8745 413
15438 420
31184 423
28344 424
16020 425
30025 427
31 428
242 431
8432 432
14118 435
19139 436
23780 437
17459 440
1690 442
21164 443
20973 445
21259 449
19002 450
7155 451
13416 454
28727 455
5274 456
29948 462
8711 463
12442 464
11357 465
10888 468
21226 470
3567 471
18740 473
20724 475
21799 476
23161 477
18915 480
3992 481
30704 482
12189 483
28102 484
28978 485
10597 486
20337 488
6577 489
14989 491
13911 492
31324 493
235 497
9296 498
21471 501
20677 503
25560 505
30500 506
29831 508
10378 509
8970 512
13945 513
23232 514
18779 516
31342 518
5585 520
17437 524
25882 526
27376 528
23705 529
27415 530
15659 531
26259 533
28050 534
10727 535
24409 538
7330 539
28990 541
28697 542
29220 543
20384 544
11625 547
7429 548
25573 555
31349 556
3148 561
9976 562
21880 565
7226 566
29816 567
15879 569
12700 570
11398 576
28696 581
6919 582
13174 588
3177 589
20629 591
17664 593
11271 594
17935 597
27653 598
30259 602
4848 603
24128 604
4804 608
29991 609
6775 615
29675 618
19102 619
15887 620
3000 621
7799 622
17688 624
4160 625
22716 628
24067 629
30354 631
4802 632
15742 635
30668 637
23143 638
29062 642
13943 643
29386 644
27194 645
29170 654
23108 655
16623 657
19378 659
23788 660
14726 663
5307 664
9728 671
28920 672
13817 674
18256 675
11540 678
6902 679
18563 680
9927 684
14739 686
13504 687
17189 689
16982 690
20146 691
717 695
6060 696
618 697
21637 698
10211 699
16039 701
16518 702
26558 703
321 705
13924 708
8975 709
9897 711
23851 716
28512 718
15271 719
11158 720
2842 721
30580 722
7052 723
19327 724
29149 726
7106 728
22346 729
12220 737
18824 738
9314 739
12223 743
17934 745
28789 746
21890 749
9999 751
14349 752
4986 753
15896 756
20271 757
8768 763
13015 766
18723 767
5270 768
30494 770
7022 771
21720 773
27375 775
10265 777
3047 778
16135 779
18067 781
26288 782
26127 785
14167 786
24485 787
7965 789
19030 791
12730 792
19665 794
31456 796
26736 797
29763 799
29117 801
1560 802
23556 803
30887 805
16801 806
20231 809
27746 810
15945 811
16594 813
2089 817
16641 818
2592 820
20946 821
187 824
31177 825
2174 826
15175 827
2850 833
6681 834
18053 835
14946 836
19664 838
25106 840
26198 841
2977 846
26866 847
3943 848
20681 850
22792 851
2125 855
10907 856
24984 859
10402 861
7550 862
31278 864
20813 865
17717 867
31420 869
25137 870
16814 871
3318 872
11321 874
13519 875
31417 876
22360 877
25727 884
9036 885
6597 891
14243 892
15519 894
1907 895
20819 896
1377 898
25472 899
1342 901
989 902
10418 904
1325 905
3851 906
28407 910
13719 911
17786 919
22604 921
3492 922
26254 927
17433 928
12336 929
12887 931
20219 933
7225 936
9713 937
26151 939
30880 940
6313 942
10247 943
8985 945
11300 946
20732 948
30266 950
5731 951
13605 953
28592 954
9260 956
10187 957
21969 959
4821 961
22208 962
16843 963
20174 965
8354 967
11020 968
26549 970
8385 971
17604 975
30265 976
9003 977
10970 982
25464 983
24535 985
9565 986
5472 990
23593 991
21064 995
9526 996
15417 998
7583 1001
18327 1002
14071 1005
23686 1007
21962 1008
1547 1011
28541 1012
16237 1013
16933 1014
9593 1016
20397 1017
15536 1019
23318 1021
16316 1022
10353 1025
29867 1026
10399 1028
3388 1030
1946 1031
8546 1033
23354 1034
19165 1036
12290 1037
22074 1039
8943 1040
9618 1043
17989 1044
25887 1045
10452 1048
29259 1049
30039 1050
15343 1052
14952 1059
27498 1060
13162 1062
6248 1063
16488 1064
13267 1067
2363 1070
5182 1071
20682 1072
4552 1074
26697 1075
18508 1078
18902 1079
3483 1082
5960 1083
1795 1084
14024 1086
10263 1087
29527 1089
8600 1090
22220 1092
21768 1093
15334 1094
27859 1097
10134 1098
297 1100
17397 1102
7122 1103
5635 1108
29927 1109
12421 1112
22007 1113
1424 1115
18739 1118
12999 1119
17421 1120
6381 1123
5083 1124
12082 1125
1570 1129
30578 1130
5777 1136
23298 1137
9163 1139
19369 1140
11969 1141
13906 1142
3998 1145
17832 1147
13450 1148
6620 1150
2950 1151
28309 1156
6560 1157
27244 1158
4899 1160
23209 1161
25992 1165
23656 1166
5201 1168
18710 1170
8274 1171
28444 1175
5485 1176
6813 1181
17350 1182
22498 1185
5610 1186
5354 1187
15045 1190
19032 1191
22820 1193
12913 1194
30773 1196
14188 1198
29082 1201
3711 1202
7123 1203
20485 1207
7710 1208
10066 1209
21270 1213
18995 1214
3721 1215
7537 1219
17878 1220
1518 1230
15382 1231
14956 1232
1977 1236
30172 1237
21038 1239
26811 1240
3306 1242
31254 1244
1721 1245
19016 1248
29250 1250
26038 1251
22274 1253
7474 1254
18043 1258
1826 1260
8442 1261
3481 1263
11631 1265
13792 1266
2057 1269
19569 1271
29187 1272
518 1274
24293 1275
944 1277
2485 1278
5464 1280
29165 1281
22404 1283
24962 1284
28625 1286
30990 1287
28750 1289
19193 1290
1708 1292
7506 1293
13269 1295
871 1296
16662 1299
14438 1300
29694 1303
21822 1305
22632 1309
24797 1313
28518 1314
24421 1316
3155 1317
28584 1320
8306 1321
5969 1322
15049 1325
11164 1326
3949 1327
18236 1329
22698 1330
26330 1331
15005 1332
3844 1334
27405 1335
12589 1338
23091 1339
23904 1342
22290 1343
5561 1348
7642 1350
6479 1351
11510 1355
12167 1356
8964 1357
16282 1361
29788 1362
24529 1365
4484 1366
26966 1367
17038 1376
30442 1377
18932 1380
11319 1381
21240 1382
29900 1384
445 1386
11246 1387
7372 1388
7842 1391
21739 1392
13933 1394
14492 1395
18913 1401
22961 1403
17173 1404
5631 1405
12429 1407
11291 1408
20885 1410
11823 1411
8000 1415
28106 1416
28016 1418
11269 1419
11419 1422
2247 1423
12538 1425
2002 1426
5286 1430
8069 1431
2880 1434
6390 1435
19771 1437
9129 1438
25571 1440
26086 1441
14916 1444
22736 1446
8593 1447
22442 1449
30225 1450
21974 1454
1741 1455
28860 1460
6749 1463
11283 1464
9041 1466
14172 1467
28161 1468
21382 1469
10868 1470
15880 1473
10861 1474
15670 1476
3015 1478
13671 1479
10251 1482
9658 1483
13757 1484
31024 1486
26852 1490
25609 1491
7263 1493
794 1494
30465 1498
10361 1501
12936 1504
25357 1505
25733 1506
735 1508
22488 1510
18382 1511
2364 1512
28891 1514
10393 1515
6413 1517
17365 1519
14119 1520
20544 1524
1329 1525
26809 1527
18612 1530
11339 1531
12106 1533
23896 1534
19316 1535
28451 1537
2504 1538
6504 1539
12000 1541
22118 1542
28951 1543
22664 1546
6383 1547
483 1548
9933 1554
710 1556
16854 1557
26427 1560
9184 1561
3646 1563
11341 1564
14754 1565
13100 1566
13395 1569
23285 1570
21376 1572
28645 1574
28132 1575
15100 1579
31164 1583
18295 1584
10335 1587
19353 1588
10421 1589
9605 1591
8503 1592
28308 1595
14199 1596
14480 1598
436 1602
5658 1603
26652 1604
14530 1605
26822 1609
26057 1610
30519 1612
30526 1613
22781 1618
20423 1620
3034 1621
18241 1623
18992 1625
28343 1626
26176 1627
24136 1630
20158 1631
3612 1632
1454 1638
5326 1639
27983 1644
20904 1645
24821 1646
20748 1650
31383 1651
1897 1652
28725 1654
15016 1655
21920 1657
19243 1658
2369 1660
25518 1661
27171 1664
11533 1666
21031 1667
24068 1668
23168 1674
4094 1675
7904 1676
20749 1678
6106 1679
27716 1681
26788 1683
1680 1684
20287 1687
2986 1688
11081 1689
10303 1694
6111 1695
5715 1696
2043 1699
30807 1700
24646 1704
16099 1705
30729 1706
9454 1709
11923 1711
31246 1712
10513 1714
10537 1715
2380 1717
22926 1719
3490 1722
26913 1723
28481 1724
6470 1728
14316 1729
15582 1731
25443 1733
27142 1735
27828 1736
31516 1737
25460 1742
12873 1743
284 1745
24966 1746
11729 1749
21914 1750
23812 1753
22375 1754
24586 1756
798 1757
30605 1760
28940 1761
25109 1765
2386 1766
1098 1770
2261 1771
9628 1773
25577 1774
11232 1775
25447 1777
17444 1778
15291 1780
17425 1781
11171 1783
22584 1784
22764 1786
6662 1787
16127 1792
27904 1794
4035 1795
9594 1798
25099 1801
31098 1802
12925 1807
26798 1808
27693 1810
25338 1811
21181 1813
22454 1814
28846 1816
900 1817
25066 1819
6215 1820
11962 1824
24397 1825
23799 1827
24498 1828
10601 1830
6873 1833
10329 1834
1170 1836
30417 1837
17001 1838
19850 1844
28280 1846
11201 1847
29231 1849
8908 1850
25256 1853
31450 1854
19225 1855
22221 1859
24511 1861
10769 1862
15547 1864
14376 1865
750 1868
20390 1869
14878 1871
20199 1872
26844 1874
5694 1878
6771 1879
26696 1880
12600 1881
5542 1884
27240 1891
31414 1892
15154 1894
10815 1899
18063 1900
19218 1901
3617 1903
8959 1904
13266 1909
23235 1910
1021 1911
15419 1912
13847 1913
14047 1915
27083 1916
17773 1918
13929 1919
29336 1923
4809 1924
7441 1926
302 1927
29398 1929
29510 1930
6696 1931
17586 1932
20842 1933
5516 1940
3234 1941
24220 1942
25719 1944
21873 1946
24456 1947
6129 1949
26192 1951
25932 1953
24104 1954
14612 1958
14513 1959
10022 1961
29169 1962
13597 1965
17676 1966
30208 1967
30394 1971
12309 1973
17295 1975
9777 1976
26646 1978
10321 1982
11105 1983
20736 1984
28700 1985
25892 1987
5168 1988
6511 1989
13000 1991
16131 1993
13120 1994
12822 1995
26436 1996
8849 1997
5339 1998
