41562 5
545 6
36247 11
3897 13
43138 16
38767 21
1811 22
24674 24
20305 25
9730 31
30394 32
32042 33
22082 36
26832 37
5741 40
41277 41
4339 45
33941 47
16606 48
23534 56
36975 58
32501 59
40919 60
35124 61
34307 62
18220 63
14687 67
35973 68
14285 73
31598 74
8430 78
23526 79
26201 81
34636 82
21434 84
37064 85
25480 86
10459 95
38508 96
7370 99
13138 100
29303 102
43322 103
33728 109
39886 111
34734 112
11643 113
44108 115
3266 118
32546 119
38673 122
11702 125
18240 126
10871 127
11967 128
30203 132
31463 133
40957 135
14529 136
35648 137
14451 144
35680 146
22435 147
33726 148
34456 150
36703 154
34002 157
27016 158
43767 159
18598 160
7478 162
26198 163
22910 166
23148 167
30750 168
16167 172
36189 173
15578 175
22934 178
21452 179
7520 180
13397 184
34649 185
36409 187
26545 191
33259 196
40544 197
35034 199
18004 200
1665 202
20116 203
42739 205
15026 206
13390 207
105 208
17920 211
19916 212
44093 213
26159 217
17915 218
10145 220
16657 221
32838 225
39696 226
6337 227
2543 231
21539 233
16241 244
42568 251
22862 252
29141 255
2550 256
8999 262
44174 263
7314 264
36800 267
29885 268
33053 270
417 272
39987 274
6883 275
7357 289
30912 291
3622 294
17900 295
19414 297
14900 304
38057 305
20575 306
27400 308
16429 309
9413 310
15555 314
4042 315
39673 318
19759 319
44310 321
31799 322
16140 325
40302 326
24320 327
14405 330
12360 331
29833 332
19102 334
32535 335
15582 338
34643 339
39631 340
27643 348
35096 349
6154 352
11701 353
32080 358
43319 359
4896 360
22562 361
35296 366
10101 368
38876 369
4548 370
33275 371
8081 373
36365 375
23016 376
26730 378
27788 379
28814 380
23907 381
32346 385
17070 386
43609 387
31575 391
17769 393
15732 397
31505 399
37863 400
3945 401
35389 403
36726 405
39711 406
21114 407
35749 412
33128 415
20377 416
2053 417
6821 420
7235 421
41387 422
12033 423
21800 424
17505 428
13507 430
23592 431
15474 433
4262 434
25649 436
36721 437
13741 439
29487 440
36216 442
35292 443
6717 446
19500 447
34865 448
5469 450
6239 451
42413 453
10687 454
41422 455
21136 460
11846 461
33289 463
5979 464
11448 467
13310 469
7400 470
16273 471
41675 476
21847 477
29896 482
7325 484
10068 485
14509 487
7927 488
29615 490
13216 491
20058 493
19956 494
6340 498
41567 500
25035 501
31275 502
19736 503
27717 505
19615 508
7753 509
35353 510
19871 514
1555 515
9701 518
8671 519
3571 520
15693 521
38981 525
34885 526
34851 528
31848 529
41154 532
21970 534
1501 536
41553 537
29095 542
9560 544
14211 545
32028 549
1074 551
19716 552
20619 555
8568 556
7732 558
36199 559
13247 561
28410 562
8931 564
438 565
35718 566
5937 570
11825 571
32889 572
16502 573
23961 577
7745 578
3664 581
40180 582
28174 584
6316 586
6789 587
20614 588
40388 589
14004 590
22325 591
2016 594
25963 602
22384 603
26811 605
23071 606
21716 607
39267 608
6792 609
14380 613
41667 614
7862 615
37609 618
37081 619
33372 620
34319 621
26257 623
41512 624
42404 628
4130 629
35066 631
22903 633
37813 634
3368 636
41552 639
14220 640
33778 642
11202 644
14346 645
13805 650
25328 651
7330 655
25796 656
32179 657
26109 658
31839 659
30707 663
15847 664
950 665
32938 668
3206 669
36985 670
38271 673
17775 674
15520 677
34569 678
5473 679
4907 681
5342 682
21571 687
18188 688
6023 690
11934 691
42130 692
35496 698
41966 699
2666 703
38706 704
12707 705
26288 709
42102 710
19357 711
19600 712
26239 714
38119 715
39507 717
43360 718
36831 720
19728 721
22860 723
27629 724
31040 727
5737 729
17656 731
20548 732
3669 733
6862 735
29605 736
44244 739
34989 740
4944 741
12465 743
28192 745
11442 746
24705 748
15374 749
39334 751
15286 753
22647 754
5707 755
13808 757
14491 759
16582 760
34428 763
3444 764
17023 765
34644 768
26499 771
9939 772
39983 775
33389 776
26924 777
15617 780
14792 781
22736 782
21165 785
18919 787
22992 789
33477 791
8410 792
4024 793
11345 794
1370 799
36531 801
28713 803
32341 804
9802 805
19629 806
40497 807
37532 810
18418 812
19267 813
37254 816
35638 817
19808 819
23960 820
11927 822
29378 823
20185 824
12159 826
2903 827
21669 830
10760 831
6978 832
7681 838
1606 839
34261 842
7 843
21408 844
3668 846
22868 847
6199 852
6605 853
41044 855
17888 859
22867 860
2007 862
16609 865
21911 869
33326 870
42056 871
39648 873
28627 874
43185 881
35275 882
36026 883
14542 887
38766 888
14248 890
30736 893
25220 894
29860 895
23463 904
27246 905
27884 907
39438 908
35547 909
24760 914
39071 915
3211 922
43232 923
14898 930
38566 931
30795 932
10862 938
37410 940
4701 941
16705 942
38410 943
4095 948
9173 950
38851 951
21952 952
43018 954
23928 955
2535 959
40575 960
18479 962
8298 963
35378 967
41039 968
23339 972
38653 973
14568 975
10211 978
14007 980
18323 981
1292 989
20565 991
24516 992
35635 998
13879 999
6736 1005
41676 1007
24066 1008
31432 1010
2052 1016
28569 1022
39831 1027
33959 1031
13181 1032
14388 1033
11153 1034
19422 1039
40883 1040
5307 1041
12601 1044
30571 1045
8270 1046
22906 1047
24326 1049
29298 1050
33909 1052
3346 1053
41527 1054
37694 1058
39028 1061
2199 1069
34816 1070
36640 1071
16968 1072
20891 1074
21465 1075
31901 1079
40317 1080
27824 1081
13415 1091
9520 1092
30877 1093
32474 1094
15514 1095
1443 1096
32617 1100
13814 1101
1223 1102
6215 1103
44004 1106
31032 1109
30739 1110
28645 1111
40664 1114
6814 1115
25680 1118
42473 1119
23236 1120
32079 1122
5142 1123
15821 1125
37111 1127
17046 1128
18153 1134
8202 1142
22706 1146
32793 1147
23640 1149
10441 1150
23849 1151
40622 1152
21356 1154
8418 1155
18971 1158
22398 1159
7593 1160
25854 1161
43916 1162
11524 1163
11426 1164
25586 1169
39013 1170
14869 1173
37276 1174
40223 1176
30157 1179
1670 1180
1104 1181
32973 1183
25577 1184
25023 1185
7333 1190
36899 1191
101 1192
10227 1195
34925 1199
34711 1201
18789 1203
38066 1205
8938 1206
13050 1207
21876 1208
11000 1213
38217 1214
11207 1216
32097 1217
20820 1218
39090 1222
17504 1223
22593 1227
42865 1228
21245 1229
28375 1231
33639 1232
27570 1233
23001 1234
25289 1235
12716 1237
31704 1238
18978 1239
11541 1245
17793 1246
9149 1247
33305 1251
2099 1252
25069 1257
9397 1258
35090 1259
8580 1261
40381 1263
16745 1264
18396 1267
9881 1268
28478 1270
24435 1271
17927 1274
36994 1275
27491 1276
21028 1277
27466 1278
41196 1281
15537 1282
43927 1285
38625 1287
38149 1289
24962 1290
17661 1296
19130 1297
35493 1298
19211 1304
9310 1305
20151 1307
8285 1309
24183 1310
18672 1311
27688 1319
730 1320
35777 1322
42289 1323
42296 1324
32591 1325
2711 1327
17706 1328
17184 1330
13283 1331
43477 1333
42166 1335
2227 1336
4307 1338
34775 1339
5750 1340
5127 1341
39425 1343
3611 1344
34819 1346
24271 1349
40573 1350
3227 1351
42525 1353
41221 1355
32289 1356
1128 1358
12075 1359
30361 1361
18979 1362
18818 1368
36045 1370
21689 1371
9896 1374
29161 1375
2178 1376
28387 1379
31150 1380
13803 1383
1087 1385
11803 1386
8290 1388
36628 1389
29196 1391
5023 1393
15249 1395
4692 1397
1944 1398
42398 1401
32171 1402
24091 1406
8526 1407
36378 1408
22209 1409
23508 1410
42637 1413
25844 1414
33858 1415
24859 1419
16120 1420
41363 1423
11451 1424
20362 1427
9526 1430
19320 1432
32284 1433
7181 1434
36337 1435
41535 1437
23564 1439
16099 1440
20451 1447
39771 1448
27981 1452
6067 1453
15056 1454
21252 1456
9795 1457
42863 1460
36938 1462
19322 1463
15673 1464
5595 1467
12213 1468
15163 1469
36572 1471
40683 1473
22142 1474
11441 1475
17342 1479
12423 1480
28529 1482
35552 1483
12267 1486
42150 1488
1653 1489
15255 1491
31081 1492
43742 1493
38945 1495
899 1503
26596 1504
32921 1506
31392 1507
41004 1511
43920 1513
9580 1514
41211 1516
23535 1518
24144 1519
21529 1526
16096 1527
21255 1529
42199 1530
37293 1532
22173 1534
23772 1535
29936 1537
22668 1538
6670 1543
27355 1545
43277 1546
23604 1547
31420 1548
26781 1550
35342 1553
37673 1554
2292 1556
40690 1557
38334 1560
11303 1561
26375 1564
19740 1566
1783 1567
31622 1571
32413 1572
4768 1575
23358 1576
5599 1577
5188 1579
42412 1580
20544 1581
24358 1584
8612 1586
4687 1587
4512 1588
34416 1589
35098 1591
9595 1593
14458 1594
2215 1596
12327 1598
35391 1599
29758 1600
21736 1603
43117 1604
30628 1605
40017 1607
2006 1608
43182 1611
32551 1613
10723 1614
5991 1615
17020 1618
29245 1619
11070 1620
30210 1623
4092 1624
26937 1626
33010 1627
7025 1629
29732 1630
37012 1632
18162 1633
29258 1636
5940 1637
28596 1638
13580 1641
22967 1643
25672 1644
23933 1645
18926 1650
5815 1651
9963 1652
9715 1654
22513 1656
14962 1657
42764 1660
11572 1662
8481 1663
15060 1665
43648 1668
25306 1669
15415 1670
3666 1673
4200 1674
4558 1675
35329 1677
12409 1678
17992 1680
15636 1681
24352 1682
13005 1684
665 1685
19393 1687
37372 1688
38888 1691
11785 1692
25725 1695
1634 1696
7300 1699
25265 1700
27437 1702
24471 1704
30042 1705
15388 1707
18159 1708
40130 1712
2950 1713
630 1714
304 1719
29374 1720
27992 1721
28475 1725
36836 1726
4313 1727
28110 1730
22402 1731
20698 1733
17429 1735
21029 1737
16449 1738
42377 1742
29265 1743
16763 1744
8230 1750
28286 1752
13074 1755
38828 1757
1067 1758
30138 1761
10530 1762
39197 1763
41256 1764
7413 1767
26385 1769
2024 1773
21698 1776
23478 1778
7159 1780
38159 1781
5601 1782
13273 1785
38555 1786
7354 1787
10853 1790
15935 1791
37948 1793
17159 1794
7864 1795
41076 1798
16053 1799
25125 1801
19540 1802
16604 1804
19866 1808
29163 1809
14846 1812
38379 1813
20569 1814
21584 1816
3796 1817
25613 1818
1062 1820
17294 1821
43419 1822
7480 1825
2788 1826
26443 1832
3947 1836
40614 1838
29665 1840
8542 1842
13516 1843
7068 1846
22095 1847
3486 1850
6311 1851
37091 1852
24627 1854
14664 1855
42616 1857
14502 1858
15749 1862
29991 1863
3932 1866
7660 1867
35119 1869
8460 1870
30435 1873
17281 1874
15897 1878
26113 1879
14919 1880
20449 1884
16494 1885
12887 1888
21317 1889
36251 1890
26959 1892
39037 1893
30225 1896
27142 1897
17421 1899
32203 1901
87 1902
26644 1903
6315 1904
24219 1907
39337 1908
42074 1909
21383 1915
8113 1922
30098 1928
4632 1929
37095 1930
2452 1936
43273 1937
9463 1938
44277 1939
5942 1941
41509 1942
3760 1944
25769 1949
40314 1950
32477 1951
12589 1952
10271 1954
36602 1955
298 1957
12222 1958
7345 1960
38400 1961
35622 1963
3372 1964
33804 1966
37249 1969
4108 1970
40527 1972
4475 1974
23829 1975
23197 1978
23406 1979
40898 1981
27150 1982
35077 1984
41540 1985
4995 1986
28835 1988
25391 1989
8623 1990
4367 1991
8175 1994
19453 1995
42028 1996
23459 1997
2077 1998
