1 2 0.31230199999999997
2 3 0.57413
3 4 0.324892
4 5 0.40291099999999996
5 6 0.380718
6 7 0.676503
7 8 10.104011999999999
7 9 11.294428
6 10 11.858181
5 11 0.13223600000000002
11 12 0.250639
12 13 0.140455
13 14 0.21078999999999998
14 15 0.5371670000000001
15 16 0.329437
16 17 0.092317
17 18 0.24268900000000002
18 19 0.34148999999999996
19 20 0.275941
20 21 0.371255
21 22 0.451367
22 23 17.472639
22 24 15.262554999999999
21 25 14.762594000000002
20 26 0.770747
26 27 14.487647
26 28 17.314885
19 29 0.109348
29 30 0.156613
30 31 0.360738
31 32 15.196380000000001
31 33 0.288335
33 34 15.936093000000001
33 35 0.727381
35 36 0.653655
36 37 19.887306
36 38 0.532868
38 39 20.199919
38 40 0.35220799999999997
40 41 0.9692829999999999
41 42 24.160525999999997
41 43 22.368731999999998
40 44 21.733839999999997
35 45 16.381367
30 46 0.43816000000000005
46 47 14.767721
46 48 14.849146999999999
29 49 0.181422
49 50 0.5648270000000001
50 51 15.997126
50 52 15.528165
49 53 0.711944
53 54 16.706758999999998
53 55 0.813179
55 56 19.509812
55 57 16.596574
18 58 0.062054000000000005
58 59 17.843905
58 60 19.659526
17 61 0.286651
61 62 0.293583
62 63 0.220095
63 64 3.89283
64 65 13.45149
64 66 15.630272000000001
63 67 0.087186
67 68 0.6566179999999999
68 69 0.49465000000000003
69 70 0.288457
70 71 0.564063
71 72 16.075091
71 73 0.561623
73 74 0.612395
74 75 0.340901
75 76 21.619085
75 77 17.413443
74 78 0.698104
78 79 0.739504
79 80 7.700216
80 81 15.48465
80 82 11.500266
79 83 17.758950000000002
78 84 10.462429
84 85 2.199253
85 86 9.711538000000001
85 87 11.061906
84 88 13.344024
73 89 18.658465
70 90 0.31666
90 91 0.19599499999999997
91 92 3.384938
92 93 12.038748
92 94 13.333993
91 95 7.366132
95 96 10.982721
95 97 8.407809
90 98 17.796228
69 99 1.179344
99 100 18.873548
99 101 1.79527
101 102 16.218766000000002
101 103 1.533555
103 104 2.445445
104 105 1.6731150000000001
105 106 15.334684000000001
105 107 1.587825
107 108 11.01785
107 109 11.012106000000001
104 110 0.23994
110 111 15.238023
110 112 10.470702
103 113 3.060939
113 114 9.249477
113 115 9.838042
68 116 0.229935
116 117 0.73267
117 118 0.9241940000000001
118 119 17.226639
118 120 19.077579
117 121 26.666357
116 122 0.64455
122 123 0.274666
123 124 0.10911199999999999
124 125 1.158092
125 126 23.639338
125 127 4.232884
127 128 20.492417
127 129 19.369654999999998
124 130 1.085382
130 131 20.162528
130 132 23.668941
123 133 0.6184270000000001
133 134 0.302172
134 135 6.986404
135 136 13.347073000000002
136 137 4.5611749999999995
136 138 2.750804
135 139 16.989303
134 140 0.24926399999999999
140 141 0.704424
141 142 0.173201
142 143 0.728119
143 144 0.280777
144 145 0.366844
145 146 0.24427400000000002
146 147 0.5659639999999999
147 148 26.027768000000002
148 149 6.454911000000001
148 150 5.662397
147 151 0.7661789999999999
151 152 17.363254
152 153 17.777376
152 154 17.73895
151 155 0.779203
155 156 33.833633
155 157 34.396858
146 158 2.4096610000000003
158 159 26.725954
158 160 27.646592
145 161 1.07388
161 162 30.133729999999996
161 163 2.627026
163 164 25.835364
163 165 8.006753
165 166 24.461392
165 167 25.346380000000003
144 168 0.667655
168 169 0.336468
169 170 26.962252
169 171 1.9932310000000002
171 172 10.839694
172 173 7.789931999999999
173 174 4.716625
173 175 4.721552
172 176 19.866395
171 177 27.588274000000002
168 178 0.35021399999999997
178 179 0.21591700000000003
179 180 0.5705629999999999
180 181 2.516612
181 182 3.5694440000000003
182 183 23.391021000000002
182 184 23.367639
181 185 3.594596
185 186 25.303684999999998
185 187 2.795848
187 188 23.973518
187 189 23.477688
180 190 0.25815
190 191 6.440946
191 192 19.963302
191 193 34.282209
190 194 2.098441
194 195 27.126794999999998
194 196 27.628119
179 197 0.400833
197 198 12.374998
198 199 16.46544
198 200 2.195803
200 201 12.222902
201 202 2.27916
201 203 2.342968
200 204 7.095968
204 205 11.675854
204 206 9.331206
197 207 1.182652
207 208 28.053282000000003
207 209 3.048211
209 210 0.611235
210 211 1.070905
211 212 39.600191
211 213 0.282994
213 214 37.192136999999995
213 215 42.667112
210 216 4.830192
216 217 25.303462
216 218 38.086181
209 219 43.529574
178 220 0.579413
220 221 0.450125
221 222 0.337677
222 223 0.22712000000000002
223 224 0.268519
224 225 0.903548
225 226 2.373902
226 227 28.082894000000003
226 228 1.0129290000000002
228 229 0.201837
229 230 2.081601
230 231 1.5659340000000002
231 232 0.741452
232 233 35.084314
232 234 42.557593
231 235 1.851115
235 236 4.886902
236 237 52.893661
236 238 1.789547
238 239 49.385634
238 240 45.847677999999995
235 241 2.138853
241 242 56.006125
241 243 44.882404
230 244 2.847264
244 245 3.16359
245 246 2.389823
246 247 62.945618
246 248 51.766124999999995
245 249 44.370363000000005
244 250 0.39287000000000005
250 251 36.460282
250 252 40.510345
229 253 39.218334
228 254 32.803412
225 255 24.716657
224 256 0.187967
256 257 0.6499729999999999
257 258 22.484109999999998
257 259 1.872032
259 260 27.305733
259 261 24.565305000000002
256 262 23.417136
223 263 23.550834000000002
222 264 3.9730950000000003
264 265 22.112364
264 266 1.044631
266 267 1.288537
267 268 14.805331999999998
267 269 2.5825810000000002
269 270 7.196026
270 271 16.197782999999998
270 272 11.131851
269 273 3.334536
273 274 0.999618
274 275 11.364885
274 276 3.9043550000000002
276 277 6.323281
276 278 7.024408
278 279 5.076286
278 280 5.652549
273 281 10.083729
266 282 17.965587
221 283 0.52184
283 284 23.321284000000002
283 285 25.534858999999997
220 286 24.29994
143 287 0.432676
287 288 6.289090999999999
288 289 7.572751
289 290 19.982332
289 291 8.217364
288 292 21.300705
287 293 0.128329
293 294 0.5283150000000001
294 295 0.732642
295 296 2.3651869999999997
296 297 6.690168000000001
297 298 21.036998
298 299 12.827416
298 300 7.635944
297 301 31.921588
296 302 32.28138
295 303 26.686486
294 304 5.435271
304 305 23.50666
304 306 2.588193
306 307 23.976822000000002
306 308 20.519714999999998
293 309 1.245897
309 310 0.547577
310 311 4.226255
311 312 23.046249999999997
311 313 11.80238
313 314 13.021969
313 315 16.237669
310 316 0.729645
316 317 3.893672
317 318 22.12103
317 319 22.934459
316 320 9.803261000000001
320 321 8.789523
321 322 11.776606000000001
321 323 6.0401370000000005
320 324 19.249107
309 325 6.018387
325 326 3.518744
326 327 34.462477
326 328 6.64179
328 329 1.789398
329 330 15.268195
329 331 21.036024
328 332 19.191208
325 333 28.728633999999996
142 334 0.657621
334 335 0.69799
335 336 5.527625
336 337 17.172896
337 338 11.137376
337 339 9.947757
336 340 25.531524
335 341 28.695799
334 342 5.137585
342 343 27.643120999999997
343 344 0.63965
343 345 0.5996279999999999
342 346 13.598464
346 347 11.937532
346 348 19.128279
141 349 0.316987
349 350 1.228087
350 351 1.304068
351 352 1.069415
352 353 0.670983
353 354 0.08249899999999999
354 355 0.456041
355 356 0.663663
356 357 32.080877
356 358 1.2826199999999999
358 359 9.97842
359 360 23.958458
359 361 23.492749
358 362 0.28304799999999997
362 363 1.627135
363 364 0.308678
364 365 9.871323
365 366 12.972154999999999
366 367 13.802344
366 368 15.279418
365 369 12.681301000000001
369 370 22.022416
369 371 19.850167
364 372 0.9701879999999999
372 373 0.29422200000000004
373 374 2.6902269999999997
374 375 55.280985
374 376 33.840298000000004
373 377 30.602396999999996
372 378 35.316418999999996
363 379 1.6797900000000001
379 380 15.031928
380 381 23.581288999999998
380 382 22.833537
379 383 1.490009
383 384 2.445846
384 385 42.916922
385 386 13.720534
385 387 12.665608
384 388 2.99763
388 389 41.986095
388 390 52.033547
383 391 2.890258
391 392 7.0384530000000005
392 393 1.286024
393 394 2.675506
394 395 26.465674
395 396 19.790394
395 397 13.416112
394 398 6.080766
398 399 13.202894
399 400 39.538468
399 401 3.961428
401 402 2.167822
402 403 42.261893
402 404 31.266284
401 405 25.207039999999996
398 406 10.957775999999999
406 407 13.302117999999998
407 408 21.72725
407 409 3.645491
406 410 26.395521
393 411 3.064559
411 412 15.373725999999998
412 413 15.96843
412 414 31.715083999999997
411 415 33.265223999999996
392 416 12.464401
416 417 37.813213000000005
416 418 32.095412
391 419 1.830947
419 420 57.099246
419 421 61.88243799999999
362 422 10.293408
422 423 28.072598
422 424 29.54543
355 425 1.810104
425 426 2.294568
426 427 12.257121999999999
427 428 35.468701
427 429 33.672996
426 430 1.419402
430 431 2.960252
431 432 46.41746
431 433 0.947828
433 434 53.852087000000004
433 435 48.338017
430 436 39.921631000000005
425 437 0.37056300000000003
437 438 0.286721
438 439 1.015709
439 440 2.430875
440 441 46.349781
440 442 40.507245
439 443 41.25904
438 444 20.176363
444 445 15.229854000000001
444 446 11.927185999999999
437 447 37.140261
354 448 30.270044000000002
353 449 0.635975
449 450 0.288001
450 451 4.43187
451 452 22.903541
451 453 14.813935
453 454 12.825296999999999
453 455 11.715307
450 456 27.633865
449 457 1.071569
457 458 3.324872
458 459 55.026443
458 460 38.392015
457 461 27.1492
352 462 8.772275
462 463 3.633001
463 464 16.106702000000002
463 465 17.099804
462 466 21.27425
351 467 30.246783999999998
350 468 10.118449
468 469 1.630996
469 470 8.504011
470 471 11.649464
470 472 10.858471
469 473 15.710842999999999
468 474 8.199912
474 475 21.993662
474 476 35.757033
349 477 3.3415019999999998
477 478 24.148600000000002
477 479 10.010571
479 480 23.109819
479 481 17.591779
140 482 0.137994
482 483 0.44249900000000003
483 484 0.34528
484 485 8.029264
485 486 17.146061000000003
485 487 15.683127999999998
484 488 13.094422
488 489 11.025787
488 490 10.529916
483 491 10.013936
491 492 7.478543
492 493 7.320212
492 494 4.463348
491 495 13.633212
482 496 0.197044
496 497 0.219985
497 498 6.9602010000000005
498 499 14.701165999999999
499 500 8.533843000000001
499 501 3.316307
498 502 17.611114
497 503 24.748845
496 504 15.179314999999999
504 505 12.066366
504 506 10.923318
133 507 0.30825
507 508 0.48946399999999995
508 509 0.33331099999999997
509 510 25.133691000000002
509 511 25.516818
508 512 1.041688
512 513 24.084514000000002
512 514 20.30075
507 515 14.170352999999999
515 516 9.299968
515 517 7.056137
122 518 0.9042959999999999
518 519 21.327971
518 520 3.4744509999999997
520 521 17.671597
520 522 26.713668000000002
67 523 0.5921690000000001
523 524 5.795121
524 525 10.976663
524 526 11.6113
523 527 1.955753
527 528 9.033864
528 529 8.868924999999999
528 530 7.776394000000001
527 531 17.631131
62 532 0.198263
532 533 2.381519
533 534 0.510844
534 535 1.239148
535 536 1.971285
536 537 3.7966420000000003
537 538 8.957447
537 539 8.933295
536 540 11.555537000000001
535 541 0.810431
541 542 1.000269
542 543 13.350109
542 544 1.913484
544 545 4.787783999999999
545 546 8.376346
545 547 5.542533000000001
547 548 1.741062
547 549 1.274607
544 550 9.849341
541 551 18.74652
534 552 3.057048
552 553 8.717907
553 554 7.347332
553 555 6.444400999999999
555 556 0.8993650000000001
555 557 0.888396
552 558 4.266284
558 559 11.412785
558 560 9.750522
533 561 4.91544
561 562 12.704307
561 563 11.919013
532 564 0.455587
564 565 0.193441
565 566 0.367589
566 567 0.172443
567 568 0.509623
568 569 0.286758
569 570 0.679423
570 571 18.231173000000002
570 572 18.073046
569 573 0.27522599999999997
573 574 0.48025
574 575 20.450573
574 576 1.259801
576 577 19.283842
576 578 16.625286
573 579 0.23675100000000002
579 580 0.306299
580 581 19.290082
580 582 0.7447900000000001
582 583 21.150159
582 584 19.868873
579 585 0.399232
585 586 0.322696
586 587 0.376575
587 588 0.49662500000000004
588 589 0.26341400000000004
589 590 0.278646
590 591 0.281465
591 592 0.5121439999999999
592 593 0.326595
593 594 0.30622900000000003
594 595 0.803127
595 596 31.355789
595 597 24.817531000000002
594 598 0.36362
598 599 1.1290339999999999
599 600 23.231399
599 601 21.824089999999998
598 602 23.447699999999998
593 603 0.49154899999999996
603 604 0.478898
604 605 2.4710240000000003
605 606 1.492952
606 607 16.880285999999998
606 608 0.9989
608 609 14.309190999999998
608 610 15.128815000000001
605 611 0.608547
611 612 20.102610000000002
611 613 1.218617
613 614 3.145977
614 615 12.448345
614 616 0.394015
616 617 13.600777
616 618 9.955770999999999
613 619 20.642623
604 620 23.375014999999998
603 621 21.420275
592 622 0.198115
622 623 1.488526
623 624 27.758497
623 625 0.8346040000000001
625 626 25.876048
625 627 0.27265
627 628 24.689059999999998
627 629 28.924404
622 630 0.38569
630 631 0.8724590000000001
631 632 28.905908000000004
631 633 0.8890199999999999
633 634 24.516564
633 635 25.41102
630 636 0.28468
636 637 0.330093
637 638 0.9486249999999999
638 639 0.5335989999999999
639 640 0.684836
640 641 3.442482
641 642 27.936387
641 643 35.595843
640 644 1.35504
644 645 0.569388
645 646 44.263960000000004
645 647 0.761534
647 648 34.00728
647 649 33.771288
644 650 34.352257
639 651 0.717939
651 652 1.314099
652 653 1.9466899999999998
653 654 33.236827000000005
653 655 31.589998
652 656 34.629591
651 657 1.25756
657 658 33.275928
657 659 1.254919
659 660 29.493029999999997
659 661 46.977463
638 662 0.5665640000000001
662 663 1.1313280000000001
663 664 32.238607
663 665 27.66561
662 666 1.318391
666 667 37.98258
666 668 35.385014999999996
637 669 1.08
669 670 30.301841000000003
669 671 4.809585
671 672 23.808584
671 673 29.553511999999998
636 674 0.9262619999999999
674 675 0.283837
675 676 32.513555
675 677 25.503145999999997
674 678 30.406506999999998
591 679 0.9682949999999999
679 680 1.0648410000000001
680 681 22.008807
680 682 31.604657000000003
679 683 25.387977
590 684 1.2837690000000002
684 685 29.298204
684 686 1.2837480000000001
686 687 18.837722
686 688 25.881876999999996
589 689 20.984391
588 690 0.664581
690 691 20.531986
691 692 3.309444
691 693 3.453519
690 694 0.776253
694 695 33.661986999999996
694 696 22.251507
587 697 22.528301
586 698 0.328725
698 699 23.668863
698 700 19.832367
585 701 0.39558099999999996
701 702 0.12426799999999999
702 703 21.083965
702 704 22.527175999999997
701 705 24.316373
568 706 17.594098
567 707 0.478605
707 708 5.37563
708 709 13.282158999999998
708 710 3.08494
710 711 10.580101
710 712 18.679537
707 713 2.997225
713 714 4.28795
714 715 18.286033
714 716 15.109938
713 717 21.150871
566 718 0.169255
718 719 0.383764
719 720 2.599487
720 721 0.623535
721 722 0.499475
722 723 0.7952600000000001
723 724 3.00319
724 725 10.871678
724 726 12.441286999999999
723 727 3.5015419999999997
727 728 13.382916
727 729 13.173726
722 730 2.580595
730 731 12.534342
730 732 12.079864
732 733 0.164621
732 734 0.10219
721 735 1.867068
735 736 21.969123
735 737 22.750476
720 738 1.323048
738 739 8.178477
739 740 13.246334000000001
739 741 5.215408
741 742 8.3054
741 743 9.069304
738 744 5.779837000000001
744 745 12.073089
744 746 11.483458
719 747 1.05787
747 748 18.319622
747 749 15.935675
718 750 5.030085
750 751 1.1388779999999998
751 752 12.177733
751 753 3.3916880000000003
753 754 8.864765
753 755 12.533674999999999
750 756 13.642921
565 757 0.5860040000000001
757 758 0.217066
758 759 8.946218
759 760 4.291562
760 761 9.06116
760 762 6.649443
759 763 11.494538
758 764 0.357548
764 765 1.938714
765 766 23.744317000000002
765 767 8.732774000000001
767 768 10.629840999999999
767 769 11.320815
764 770 16.126002
770 771 5.489879999999999
771 772 0.145645
771 773 0.228291
770 774 7.064381999999999
774 775 0.27359900000000004
774 776 0.369158
757 777 0.195073
777 778 0.499724
778 779 0.48674800000000007
779 780 9.105374
780 781 19.972365
780 782 13.250172
782 783 9.301502000000001
782 784 1.689138
779 785 4.935928
785 786 15.388177
785 787 16.692771
778 788 4.235619
788 789 4.490391
789 790 11.629598
789 791 19.803539
788 792 15.638126
777 793 0.9272819999999999
793 794 4.628485
794 795 15.982229
794 796 15.635346
793 797 19.68656
564 798 0.217175
798 799 0.253575
799 800 0.25567300000000004
800 801 0.242179
801 802 0.260948
802 803 0.515746
803 804 16.994873
803 805 16.781655
802 806 17.382352
801 807 3.187868
807 808 14.173918999999998
807 809 0.745589
809 810 3.650043
810 811 10.658498
810 812 10.348562
809 813 14.357835999999999
800 814 0.191803
814 815 0.31405700000000003
815 816 0.286872
816 817 16.045596
816 818 14.473071000000001
815 819 0.555916
819 820 13.680956
819 821 16.475486
814 822 0.3804
822 823 16.179631999999998
822 824 0.28676399999999996
824 825 0.748564
825 826 9.853881000000001
826 827 4.926603
826 828 5.802232
825 829 3.113346
829 830 11.945252
829 831 14.186002
824 832 9.104093
832 833 5.537789
832 834 6.8479600000000005
799 835 0.346941
835 836 0.391415
836 837 0.210785
837 838 0.310598
838 839 17.899176
838 840 0.667632
840 841 20.705838
840 842 17.915607
837 843 0.29017600000000005
843 844 0.05752
844 845 0.10277299999999999
845 846 0.38727100000000003
846 847 0.551079
847 848 17.429602
847 849 17.211190000000002
846 850 0.32700300000000004
850 851 17.673296999999998
850 852 16.678166
845 853 0.773961
853 854 19.508374
853 855 20.249461999999998
844 856 0.324793
856 857 0.457986
857 858 18.796017000000003
857 859 20.961819000000002
856 860 0.820286
860 861 3.7174400000000003
861 862 18.844497
861 863 2.08875
863 864 17.222604
863 865 16.458581
860 866 23.444759
843 867 17.843435999999997
836 868 16.840707
835 869 16.71935
798 870 0.46458699999999997
870 871 1.879501
871 872 14.778970999999999
871 873 16.562141
870 874 0.36997
874 875 2.7554849999999997
875 876 15.040941
875 877 14.218696999999999
874 878 17.44914
61 879 0.219555
879 880 2.81414
880 881 0.608965
881 882 13.825052
881 883 2.016525
883 884 7.149581
884 885 4.354534999999999
884 886 5.854389
883 887 5.020967
887 888 4.960491
887 889 7.425257
880 890 2.851531
890 891 1.038508
891 892 12.879245000000001
891 893 8.362338
890 894 12.805192000000002
879 895 0.9356909999999999
895 896 6.700429
896 897 11.248806
896 898 11.821538
895 899 0.165332
899 900 3.4973120000000004
900 901 2.785245
901 902 7.849415
902 903 0.964766
903 904 3.311191
903 905 2.429974
902 906 2.178859
901 907 8.259872
907 908 2.770591
907 909 2.673769
900 910 15.497213000000002
899 911 20.542642999999998
16 912 0.243325
912 913 0.283339
913 914 0.37931000000000004
914 915 0.33076500000000003
915 916 0.44757699999999995
916 917 1.8243809999999998
917 918 0.761082
918 919 1.9704659999999998
919 920 9.044207
920 921 2.277285
920 922 1.066445
922 923 1.364601
922 924 1.425606
919 925 9.613207
918 926 12.784611000000002
917 927 2.1342719999999997
927 928 2.641715
928 929 13.214353000000001
928 930 13.942688
927 931 5.812046
931 932 7.046055
931 933 4.928705
933 934 0.02712
934 935 0.677366
934 936 0.616493
933 937 0.61984
916 938 14.927895999999999
915 939 0.9635370000000001
939 940 16.664619
939 941 6.237087
941 942 1.9567020000000002
942 943 0.577611
943 944 1.212388
944 945 11.560953999999999
944 946 16.28929
943 947 0.7660089999999999
947 948 14.96312
947 949 11.935908000000001
942 950 9.619959
941 951 10.81391
914 952 0.35995900000000003
952 953 17.619204
952 954 14.9284
913 955 0.17441600000000002
955 956 4.195873
956 957 2.221772
957 958 2.941342
958 959 4.688116
959 960 4.247049
959 961 5.510955
958 962 2.7695440000000002
962 963 3.563585
962 964 5.55663
957 965 2.397339
965 966 14.270659
965 967 3.771827
967 968 4.827216
967 969 1.311769
969 970 3.415217
969 971 6.086776
956 972 10.469301999999999
955 973 14.422612
912 974 0.276174
974 975 0.227698
975 976 14.196017999999999
975 977 0.156827
977 978 14.474202
977 979 2.705943
979 980 11.122405
979 981 14.083018
974 982 0.09024499999999999
982 983 9.486714000000001
983 984 4.848848
983 985 5.230863
982 986 0.19688499999999998
986 987 0.32172
987 988 12.852414000000001
987 989 0.233584
989 990 0.179396
990 991 13.961070000000001
990 992 12.937958
989 993 13.143958
986 994 0.17205600000000001
994 995 13.813331000000002
994 996 0.811842
996 997 13.035308
996 998 9.846504
998 999 1.8988660000000002
999 1000 1.841746
999 1001 1.0610680000000001
998 1002 4.893794
15 1003 0.305362
1003 1004 2.737168
1004 1005 13.031789
1004 1006 13.269275
1003 1007 14.046012999999999
14 1008 6.690583
1008 1009 7.6905589999999995
1008 1010 9.684146
13 1011 0.187586
1011 1012 0.06608900000000001
1012 1013 0.186487
1013 1014 13.095044999999999
1013 1015 0.377205
1015 1016 0.309193
1016 1017 14.160290999999999
1016 1018 15.099345999999999
1015 1019 13.656491
1012 1020 14.245224
1011 1021 0.24763900000000003
1021 1022 0.9055199999999999
1022 1023 3.096813
1023 1024 9.432433
1023 1025 2.0056890000000003
1025 1026 4.709808
1025 1027 11.574218
1022 1028 11.284613
1021 1029 13.090210999999998
12 1030 0.265179
1030 1031 12.733726
1030 1032 13.652417
11 1033 0.275856
1033 1034 0.156383
1034 1035 0.33337900000000004
1035 1036 12.454409
1035 1037 2.122563
1037 1038 9.295592
1037 1039 10.552366000000001
1034 1040 8.132194
1040 1041 4.970097
1040 1042 4.27708
1033 1043 0.07610600000000001
1043 1044 0.795121
1044 1045 14.023036
1044 1046 0.335931
1046 1047 13.346947
1046 1048 13.810094000000001
1043 1049 0.630154
1049 1050 11.532675000000001
1049 1051 11.457008
4 1052 0.073061
1052 1053 11.301176
1052 1054 0.42781700000000006
1054 1055 0.319172
1055 1056 0.183889
1056 1057 10.619432
1056 1058 0.220366
1058 1059 0.459254
1059 1060 0.320171
1060 1061 0.204185
1061 1062 0.350115
1062 1063 0.937935
1063 1064 13.226387
1063 1065 13.415677
1062 1066 5.145089
1066 1067 10.025488000000001
1066 1068 7.717351
1061 1069 0.288499
1069 1070 0.156394
1070 1071 12.917185
1070 1072 0.39660700000000004
1072 1073 0.388005
1073 1074 12.988215
1073 1075 15.474829000000001
1072 1076 0.6510980000000001
1076 1077 15.285410999999998
1076 1078 15.415128
1069 1079 12.409802
1060 1080 2.597048
1080 1081 8.527617999999999
1080 1082 2.6585170000000002
1082 1083 3.773307
1083 1084 1.7203929999999998
1083 1085 1.977657
1082 1086 11.168135999999999
1059 1087 0.202784
1087 1088 0.264127
1088 1089 0.152547
1089 1090 0.19950400000000001
1090 1091 0.18021
1091 1092 9.072198
1091 1093 0.212092
1093 1094 0.211643
1094 1095 11.238384
1094 1096 9.457389
1093 1097 9.179132
1090 1098 0.39227300000000004
1098 1099 8.511465
1098 1100 10.500541
1089 1101 12.624849
1088 1102 0.185708
1102 1103 0.154865
1103 1104 0.57881
1104 1105 10.239213
1104 1106 11.237808000000001
1103 1107 10.122552
1102 1108 0.8093049999999999
1108 1109 8.818648
1108 1110 8.92419
1087 1111 0.467993
1111 1112 11.101903
1111 1113 0.347388
1113 1114 10.177967
1113 1115 10.907166
1058 1116 13.086484
1055 1117 14.851655
1054 1118 10.730848
3 1119 0.281028
1119 1120 11.687955
1119 1121 11.463157
2 1122 0.105625
1122 1123 0.083138
1123 1124 0.37773799999999996
1124 1125 10.61454
1124 1126 9.848821000000001
1123 1127 0.600266
1127 1128 0.062065
1128 1129 0.400886
1129 1130 8.539088
1129 1131 7.889186
1128 1132 0.087174
1132 1133 0.2382
1133 1134 0.19450599999999998
1134 1135 0.389178
1135 1136 0.262423
1136 1137 7.225296
1136 1138 9.058729999999999
1135 1139 0.197922
1139 1140 0.258829
1140 1141 7.459436
1140 1142 0.525196
1142 1143 6.182708
1142 1144 9.030782
1139 1145 0.09598999999999999
1145 1146 0.158032
1146 1147 0.44588400000000006
1147 1148 0.24697500000000003
1148 1149 0.44808499999999996
1149 1150 0.19686299999999998
1150 1151 0.6395460000000001
1151 1152 5.626601
1151 1153 0.220213
1153 1154 0.1798
1154 1155 0.494484
1155 1156 0.080849
1156 1157 6.727182
1156 1158 6.676809
1155 1159 6.041891
1154 1160 6.533154
1153 1161 6.865229
1150 1162 6.333200999999999
1149 1163 0.36241799999999996
1163 1164 6.117426
1163 1165 6.133941
1148 1166 6.704662
1147 1167 6.641033
1146 1168 0.279827
1168 1169 0.177433
1169 1170 0.41020700000000004
1170 1171 7.114691
1170 1172 6.495173
1169 1173 0.20856899999999998
1173 1174 0.17604599999999998
1174 1175 0.321289
1175 1176 6.414038
1175 1177 2.0650519999999997
1177 1178 6.361393
1177 1179 5.090407
1174 1180 6.70978
1173 1181 6.783925
1168 1182 0.16148300000000002
1182 1183 0.214904
1183 1184 0.158305
1184 1185 0.278486
1185 1186 5.216944
1185 1187 4.99198
1184 1188 7.272534
1183 1189 0.200485
1189 1190 0.12096100000000001
1190 1191 0.122619
1191 1192 0.225692
1192 1193 0.200176
1193 1194 0.360428
1194 1195 5.240443
1194 1196 5.033202
1193 1197 1.3063440000000002
1197 1198 3.479572
1197 1199 4.016673
1192 1200 0.380851
1200 1201 6.13369
1200 1202 7.270300000000001
1191 1203 0.09083000000000001
1203 1204 4.757575
1203 1205 0.314809
1205 1206 1.066094
1206 1207 3.642362
1206 1208 3.79239
1205 1209 4.400781
1190 1210 0.335208
1210 1211 0.8973810000000001
1211 1212 4.199907
1211 1213 0.575744
1213 1214 3.788546
1213 1215 3.8926009999999995
1210 1216 0.265688
1216 1217 0.15465800000000002
1217 1218 0.150526
1218 1219 0.227697
1219 1220 0.171047
1220 1221 0.083997
1221 1222 0.341231
1222 1223 0.190741
1223 1224 8.793979
1223 1225 0.107708
1225 1226 0.099665
1226 1227 1.153974
1226 1228 0.092018
1228 1229 0.136108
1229 1230 2.179399
1229 1231 0.073772
1231 1232 0.108547
1232 1233 0.020537
1233 1234 0.9805070000000001
1233 1235 0.12423899999999999
1235 1236 0.253789
1236 1237 0.745862
1236 1238 1.875897
1235 1239 0.586156
1232 1240 0.192301
1231 1241 0.131406
1241 1242 1.0973490000000001
1241 1243 8.660655
1228 1244 2.2675710000000002
1225 1245 0.9098820000000001
1222 1246 0.324056
1246 1247 0.210052
1247 1248 2.947698
1247 1249 2.733971
1246 1250 2.512027
1221 1251 0.188889
1251 1252 0.21620099999999998
1252 1253 0.584093
1253 1254 1.661546
1253 1255 1.6941830000000002
1252 1256 2.156822
1251 1257 0.335579
1257 1258 0.437683
1258 1259 1.20882
1258 1260 1.5251759999999999
1257 1261 2.066531
1220 1262 0.12198300000000001
1262 1263 0.11191000000000001
1263 1264 0.12776099999999999
1264 1265 0.133401
1265 1266 2.304876
1265 1267 2.20084
1264 1268 2.206945
1263 1269 2.416846
1262 1270 0.09667200000000001
1270 1271 0.691626
1271 1272 3.013232
1271 1273 0.18287
1273 1274 2.306951
1273 1275 2.783441
1270 1276 0.180003
1276 1277 0.22030600000000003
1277 1278 0.10122900000000001
1278 1279 3.8206909999999996
1278 1280 0.28021999999999997
1280 1281 3.870817
1280 1282 0.328743
1282 1283 0.313589
1283 1284 3.840234
1283 1285 0.5064660000000001
1285 1286 3.3507460000000004
1285 1287 5.516431
1282 1288 5.1417
1277 1289 2.874544
1276 1290 0.313643
1290 1291 0.31168799999999997
1291 1292 3.663956
1291 1293 2.077209
1290 1294 2.692985
1294 1295 0.078663
1294 1296 0.08125199999999999
1219 1297 0.09715499999999999
1297 1298 0.314546
1298 1299 0.390602
1299 1300 0.5686990000000001
1300 1301 7.753449
1300 1302 1.007824
1302 1303 4.442251
1302 1304 2.564022
1299 1305 0.092562
1305 1306 5.342066
1305 1307 0.47415
1307 1308 0.38103400000000004
1308 1309 0.44829800000000003
1309 1310 6.299201999999999
1309 1311 7.03633
1308 1312 2.180769
1312 1313 5.955241
1312 1314 4.969831
1307 1315 0.177873
1315 1316 13.404176000000001
1315 1317 1.189535
1317 1318 7.363469
1317 1319 6.246395
1298 1320 0.21481899999999998
1320 1321 4.576053
1320 1322 5.374748
1297 1323 3.974274
1218 1324 0.23003300000000002
1324 1325 0.070983
1325 1326 0.374729
1326 1327 3.435018
1326 1328 0.213822
1328 1329 5.033279
1328 1330 4.213898
1325 1331 0.722456
1331 1332 4.349563
1331 1333 4.328607
1324 1334 0.509165
1334 1335 4.196809
1334 1336 2.748532
1217 1337 0.487437
1337 1338 4.181157
1337 1339 3.5617660000000004
1216 1340 0.133361
1340 1341 0.247999
1341 1342 4.247015
1341 1343 0.108485
1343 1344 0.300222
1344 1345 2.660181
1344 1346 2.843406
1343 1347 0.451674
1347 1348 4.495973
1347 1349 3.619104
1340 1350 4.021172
1189 1351 0.159898
1351 1352 0.086524
1352 1353 7.375871
1352 1354 0.348059
1354 1355 7.329346
1354 1356 2.703206
1356 1357 9.348257
1357 1358 2.36046
1358 1359 0.8766029999999999
1359 1360 0.27013
1360 1361 0.124275
1361 1362 0.15778
1362 1363 0.199204
1363 1364 0.107264
1364 1365 0.29479900000000003
1364 1366 0.24025700000000003
1363 1367 0.429981
1362 1368 0.30863399999999996
1368 1369 0.25973599999999997
1368 1370 0.061354
1370 1371 0.074393
1371 1372 0.198225
1371 1373 0.015109999999999998
1370 1374 0.085866
1361 1375 0.257081
1375 1376 0.279685
1375 1377 0.417009
1360 1378 0.071598
1378 1379 0.124588
1379 1380 0.119057
1380 1381 0.799729
1380 1382 0.49413
1379 1383 0.192899
1383 1384 0.357361
1383 1385 0.17769400000000002
1378 1386 0.981251
1359 1387 0.559816
1387 1388 0.663037
1387 1389 0.093262
1389 1390 0.418281
1390 1391 0.22843400000000003
1390 1392 0.306622
1389 1393 0.5808190000000001
1358 1394 0.21997700000000003
1394 1395 0.336758
1395 1396 1.191077
1395 1397 0.400151
1397 1398 5.2086689999999995
1397 1399 0.48021199999999997
1399 1400 0.874545
1399 1401 0.22030499999999997
1401 1402 0.11242100000000001
1402 1403 0.036736
1403 1404 0.064634
1404 1405 0.049030000000000004
1405 1406 0.10880799999999999
1406 1407 0.492892
1406 1408 0.095985
1405 1409 0.321026
1404 1410 0.0421
1410 1411 0.581904
1410 1412 0.118289
1412 1413 0.356198
1412 1414 0.286559
1403 1415 0.24479599999999999
1402 1416 0.031224999999999996
1416 1417 0.469023
1416 1418 0.33571999999999996
1401 1419 0.808385
1419 1420 0.456615
1419 1421 0.242648
1421 1422 0.275451
1421 1423 0.15213500000000002
1394 1424 0.505186
1424 1425 0.281721
1425 1426 0.163814
1426 1427 0.060154
1427 1428 0.106407
1428 1429 0.063218
1429 1430 0.44564000000000004
1429 1431 0.521614
1428 1432 0.140756
1432 1433 0.03694
1433 1434 0.363708
1433 1435 0.657834
1432 1436 0.39260500000000004
1427 1437 0.055954
1437 1438 0.256813
1438 1439 0.242596
1438 1440 0.18498900000000001
1437 1441 0.084511
1441 1442 0.088488
1442 1443 0.19858599999999998
1443 1444 0.364295
1443 1445 0.06392099999999999
1445 1446 0.107606
1445 1447 0.052309999999999995
1442 1448 0.338863
1441 1449 0.09408
1449 1450 0.353691
1449 1451 0.10238599999999999
1451 1452 0.269579
1451 1453 0.211712
1426 1454 0.122422
1454 1455 0.290655
1454 1456 0.352102
1425 1457 0.10470900000000001
1457 1458 0.134466
1458 1459 0.37922
1458 1460 0.076569
1460 1461 0.18847899999999998
1460 1462 0.185458
1457 1463 0.175699
1463 1464 0.062904
1464 1465 0.291131
1464 1466 0.029213999999999997
1463 1467 0.204767
1424 1468 0.573071
1468 1469 0.28847500000000004
1469 1470 0.413137
1469 1471 0.08393400000000001
1471 1472 0.065415
1472 1473 0.462739
1472 1474 0.613148
1471 1475 0.321513
1475 1476 0.196358
1476 1477 0.05910000000000001
1476 1478 0.047453
1475 1479 0.193133
1479 1480 0.060555
1479 1481 0.367031
1468 1482 0.297321
1482 1483 0.20133099999999998
1482 1484 0.441426
1357 1485 4.050771
1485 1486 0.8943670000000001
1486 1487 0.9399360000000001
1486 1488 0.20167200000000002
1488 1489 0.594396
1488 1490 0.8088029999999999
1485 1491 0.844748
1491 1492 0.744057
1491 1493 0.22977499999999998
1493 1494 0.49071000000000004
1493 1495 0.31403400000000004
1356 1496 43.69776
1351 1497 5.423406
1182 1498 0.35199400000000003
1498 1499 7.377769000000001
1498 1500 7.202837
1145 1501 0.158175
1501 1502 6.946439
1501 1503 7.285569
1134 1504 0.137091
1504 1505 0.285784
1505 1506 0.29313500000000003
1506 1507 0.363958
1507 1508 9.850859
1507 1509 10.150359
1506 1510 0.5941420000000001
1510 1511 11.606687
1510 1512 10.502672
1505 1513 0.119637
1513 1514 0.29001899999999997
1514 1515 0.423419
1515 1516 0.379328
1516 1517 0.160465
1517 1518 1.5997970000000001
1518 1519 9.542124000000001
1518 1520 9.175228
1520 1521 0.452437
1520 1522 0.514817
1517 1523 13.754997
1516 1524 10.505188
1515 1525 0.284008
1525 1526 0.941782
1526 1527 5.336388
1527 1528 10.842975000000001
1527 1529 10.398608
1526 1530 0.577886
1530 1531 6.003289
1531 1532 9.143968
1531 1533 8.084128
1530 1534 0.49834399999999995
1534 1535 6.118305
1535 1536 8.398752
1535 1537 9.344087
1534 1538 0.301039
1538 1539 14.447384
1538 1540 16.435536
1525 1541 11.713488
1514 1542 0.7506320000000001
1542 1543 0.72673
1543 1544 3.7254250000000004
1544 1545 4.365253
1545 1546 0.5037480000000001
1546 1547 0.600166
1547 1548 0.083478
1548 1549 0.683112
1548 1550 0.501643
1547 1551 0.782369
1546 1552 0.458054
1552 1553 0.070447
1553 1554 0.280208
1553 1555 0.308669
1552 1556 0.223991
1545 1557 0.082991
1557 1558 0.653022
1558 1559 0.46638799999999997
1558 1560 0.338356
1557 1561 0.41435500000000003
1561 1562 1.6623929999999998
1561 1563 0.679847
1544 1564 4.725264
1564 1565 2.191735
1564 1566 0.9370379999999999
1543 1567 13.947875000000002
1542 1568 11.269133
1513 1569 0.172824
1569 1570 0.6633290000000001
1570 1571 11.742664
1570 1572 11.895293
1569 1573 0.11682699999999999
1573 1574 0.377615
1574 1575 0.33728600000000003
1575 1576 4.2975579999999995
1576 1577 9.701555
1576 1578 9.688975
1575 1579 1.484979
1579 1580 8.209573
1580 1581 2.848705
1581 1582 2.676307
1581 1583 2.237994
1580 1584 4.969659
1579 1585 12.025578000000001
1574 1586 1.25253
1586 1587 12.103203
1586 1588 3.1313069999999996
1588 1589 7.372729
1588 1590 9.636143
1573 1591 0.430746
1591 1592 0.340219
1592 1593 0.24079399999999998
1593 1594 1.565568
1594 1595 9.728876
1594 1596 9.88993
1593 1597 0.43044399999999994
1597 1598 0.248122
1598 1599 0.43148099999999995
1599 1600 9.188104
1599 1601 9.223246
1598 1602 0.643304
1602 1603 1.519575
1603 1604 7.512131
1603 1605 7.138451
1602 1606 1.687036
1606 1607 0.9195409999999999
1607 1608 0.876209
1608 1609 1.117428
1609 1610 3.6310729999999998
1609 1611 4.235615
1608 1612 0.974929
1612 1613 0.894447
1613 1614 0.914565
1614 1615 0.521672
1615 1616 3.2583439999999997
1615 1617 4.608344000000001
1614 1618 0.43940799999999997
1618 1619 0.341933
1619 1620 5.70815
1619 1621 3.032949
1618 1622 1.530385
1622 1623 2.12074
1622 1624 0.045052
1624 1625 2.533386
1624 1626 2.2054150000000003
1613 1627 3.575902
1612 1628 0.504427
1628 1629 3.517716
1628 1630 0.368551
1630 1631 2.05844
1630 1632 0.7189519999999999
1632 1633 1.215241
1633 1634 0.025757
1633 1635 0.027491
1632 1636 0.19342499999999999
1636 1637 0.7942370000000001
1636 1638 0.886886
1638 1639 0.052859
1638 1640 0.160476
1607 1641 0.386979
1641 1642 1.2400950000000002
1642 1643 1.180129
1643 1644 0.367144
1644 1645 1.24166
1645 1646 3.440616
1646 1647 1
1646 1648 1
1645 1649 2.122264
1644 1650 0.45251600000000003
1650 1651 1.4901980000000001
1651 1652 1.883891
1651 1653 1.871434
1650 1654 4.159166
1643 1655 2.747585
1642 1656 2.389352
1656 1657 0.8643
1657 1658 2.425474
1657 1659 3.1374069999999996
1659 1660 1
1659 1661 1
1656 1662 1.8284330000000002
1641 1663 3.1442829999999997
1663 1664 5.544719
1663 1665 1.2416770000000001
1665 1666 2.916386
1666 1667 2.2872369999999997
1666 1668 1.468088
1665 1669 1.912442
1606 1670 1.100922
1670 1671 5.5272809999999994
1670 1672 6.596897
1672 1673 0.043685
1672 1674 0.009564
1597 1675 0.276824
1675 1676 0.070451
1676 1677 11.77254
1676 1678 0.09422
1678 1679 10.722945000000001
1678 1680 0.383084
1680 1681 0.248421
1681 1682 0.8014830000000001
1682 1683 10.692277
1682 1684 9.771082999999999
1681 1685 0.399564
1685 1686 10.776545
1685 1687 0.351381
1687 1688 0.6855100000000001
1688 1689 9.365258
1688 1690 10.866584999999999
1687 1691 0.446736
1691 1692 1.320548
1692 1693 6.586251999999999
1693 1694 0.813023
1693 1695 1.029914
1692 1696 3.682885
1696 1697 4.780447000000001
1696 1698 2.592883
1691 1699 0.695368
1699 1700 10.1932
1699 1701 8.969927
1680 1702 0.414341
1702 1703 0.075666
1703 1704 0.156783
1704 1705 11.457839
1704 1706 0.9545589999999999
1706 1707 0.379386
1707 1708 15.087208999999998
1707 1709 15.887093
1706 1710 12.552916999999999
1703 1711 11.617391000000001
1702 1712 0.6388849999999999
1712 1713 11.224852
1712 1714 0.152497
1714 1715 10.836894
1714 1716 12.476071
1675 1717 0.309514
1717 1718 9.432938
1717 1719 12.20155
1592 1720 10.48974
1591 1721 0.34668699999999997
1721 1722 0.11125600000000001
1722 1723 11.617332
1722 1724 12.265497
1721 1725 11.586146999999999
1504 1726 0.22841799999999998
1726 1727 9.258269
1726 1728 8.780749
1133 1729 0.5518689999999999
1729 1730 9.983582
1729 1731 0.7994640000000001
1731 1732 1.503239
1732 1733 7.571643999999999
1732 1734 7.008962
1731 1735 7.816460999999999
1132 1736 9.522813
1127 1737 0.403529
1737 1738 0.288641
1738 1739 11.073649000000001
1738 1740 11.514314
1737 1741 9.895214
1122 1742 0.207924
1742 1743 0.341203
1743 1744 0.43248899999999996
1744 1745 0.355165
1745 1746 1.452508
1746 1747 9.719018
1746 1748 11.132197000000001
1745 1749 12.05279
1744 1750 0.883438
1750 1751 11.888646
1750 1752 13.316775999999999
1743 1753 0.23894200000000002
1753 1754 0.273399
1754 1755 0.422921
1755 1756 0.263248
1756 1757 0.47409
1757 1758 12.989832000000002
1757 1759 0.6159279999999999
1759 1760 10.453797
1759 1761 11.259579
1756 1762 1.523099
1762 1763 11.821513
1762 1764 13.467512000000001
1755 1765 0.331374
1765 1766 0.6456149999999999
1766 1767 0.238629
1767 1768 0.189322
1768 1769 0.257849
1769 1770 1.30311
1770 1771 12.874236
1770 1772 2.014249
1772 1773 2.467234
1773 1774 8.14693
1773 1775 4.105274
1775 1776 1.154179
1776 1777 2.160625
1776 1778 1.882029
1775 1779 3.316509
1772 1780 4.151747
1780 1781 5.48519
1780 1782 7.850343
1769 1783 0.335792
1783 1784 0.398712
1784 1785 0.5741539999999999
1785 1786 16.998791
1785 1787 0.556424
1787 1788 17.06221
1787 1789 15.861106999999999
1784 1790 2.127795
1790 1791 1.2570970000000001
1791 1792 2.430609
1792 1793 4.275784
1793 1794 13.096224000000001
1793 1795 7.367136
1792 1796 12.13842
1791 1797 1.8603589999999999
1797 1798 1.386143
1798 1799 12.999258999999999
1798 1800 0.9908480000000001
1800 1801 12.374807
1800 1802 0.873232
1802 1803 12.407648
1802 1804 13.554253999999998
1797 1805 0.332026
1805 1806 0.46323
1806 1807 1.549503
1807 1808 0.595958
1808 1809 0.936667
1809 1810 2.0436900000000002
1810 1811 2.244636
1811 1812 5.765542
1811 1813 8.955101
1810 1814 2.162224
1814 1815 3.990792
1815 1816 4.06413
1815 1817 5.18466
1817 1818 11.092026
1817 1819 3.839319
1814 1820 5.848084
1809 1821 2.053726
1821 1822 9.222234
1822 1823 8.965736
1823 1824 9.445926
1823 1825 4.647238
1822 1826 15.954128
1821 1827 9.889940999999999
1808 1828 13.209386
1807 1829 0.535067
1829 1830 2.9003810000000003
1830 1831 4.126224
1831 1832 5.922042
1831 1833 7.894447
1830 1834 1.761953
1834 1835 7.060885
1835 1836 1.427934
1835 1837 1.02593
1834 1838 4.938725
1838 1839 9.237199
1838 1840 3.893455
1829 1841 0.821036
1841 1842 1.72384
1842 1843 7.358174000000001
1843 1844 9.432477
1843 1845 4.591391
1842 1846 11.781972
1841 1847 1.745154
1847 1848 3.065182
1848 1849 9.445683
1849 1850 2.852083
1849 1851 2.710797
1848 1852 10.481408
1847 1853 1.5747529999999998
1853 1854 1.9640000000000002
1854 1855 12.63993
1854 1856 3.863143
1856 1857 7.72525
1856 1858 10.239583
1853 1859 1.810759
1859 1860 10.386137
1860 1861 3.6723909999999997
1860 1862 3.029919
1859 1863 11.890882
1806 1864 0.943058
1864 1865 2.8030139999999997
1865 1866 8.886004
1865 1867 7.359098
1867 1868 7.174169
1867 1869 2.073008
1864 1870 1.273954
1870 1871 1.262467
1871 1872 3.475934
1872 1873 11.056481999999999
1872 1874 6.834258999999999
1871 1875 9.405597
1870 1876 1.303388
1876 1877 10.126703
1876 1878 14.413902
1805 1879 0.9281090000000001
1879 1880 1.500455
1880 1881 12.805257000000001
1880 1882 9.185304
1882 1883 6.792853999999999
1882 1884 3.648281
1884 1885 3.308937
1884 1886 2.4917890000000003
1879 1887 1.283538
1887 1888 0.6577430000000001
1888 1889 13.897803
1889 1890 14.207740999999999
1889 1891 13.991954000000002
1888 1892 0.433949
1892 1893 1.533741
1893 1894 2.954787
1894 1895 9.220373
1894 1896 8.448653
1893 1897 3.75822
1897 1898 12.559511
1897 1899 10.672474999999999
1892 1900 1.254963
1900 1901 13.042897
1900 1902 0.490566
1902 1903 15.718197
1902 1904 0.9897039999999999
1904 1905 14.20326
1904 1906 9.76141
1887 1907 17.056835
1790 1908 0.9855289999999999
1908 1909 15.270726000000002
1908 1910 13.811035999999998
1783 1911 0.579263
1911 1912 0.297913
1912 1913 0.27273800000000004
1913 1914 0.539421
1914 1915 20.014866
1914 1916 15.376992000000001
1916 1917 0.026461
1916 1918 0.026787000000000002
1913 1919 0.31397600000000003
1919 1920 5.613195
1920 1921 10.564425
1920 1922 11.386230999999999
1919 1923 15.217206
1912 1924 14.779632000000001
1911 1925 0.41508500000000004
1925 1926 15.180315
1925 1927 1.0502420000000001
1927 1928 14.8153
1928 1929 1.651983
1928 1930 1.3072270000000001
1927 1931 15.461746000000002
1768 1932 0.232707
1932 1933 2.1271649999999998
1933 1934 13.32789
1933 1935 15.487977
1932 1936 0.696445
1936 1937 0.76313
1937 1938 16.294048
1937 1939 0.901687
1939 1940 15.282089
1939 1941 15.236578000000002
1936 1942 14.816202
1767 1943 0.187995
1943 1944 0.571932
1944 1945 11.511496000000001
1944 1946 13.360631000000001
1943 1947 0.327886
1947 1948 11.537234999999999
1947 1949 0.317576
1949 1950 1.2092479999999999
1950 1951 9.452349
1950 1952 1.4866920000000001
1952 1953 10.2544
1952 1954 15.034624999999998
1949 1955 2.8048960000000003
1955 1956 12.974098000000001
1955 1957 12.482469
1766 1958 0.600449
1958 1959 0.944071
1959 1960 2.243976
1960 1961 3.370894
1961 1962 9.505159
1961 1963 6.0990839999999995
1963 1964 2.279576
1963 1965 2.5176600000000002
1960 1966 13.888781
1959 1967 1.6191649999999997
1967 1968 4.837496
1968 1969 4.267466000000001
1969 1970 1.456203
1969 1971 1.221643
1968 1972 6.9817
1967 1973 1.6855970000000002
1973 1974 9.599312
1973 1975 9.261958
1958 1976 0.646225
1976 1977 14.06219
1976 1978 13.700989
1765 1979 0.468075
1979 1980 0.957156
1980 1981 0.670444
1981 1982 8.324653
1982 1983 5.903652999999999
1982 1984 5.946497
1981 1985 10.830848
1980 1986 10.812409
1979 1987 12.361111
1754 1988 0.543868
1988 1989 11.46003
1988 1990 12.015217
1753 1991 0.516446
1991 1992 15.629377
1991 1993 13.274999000000001
1742 1994 0.461327
1994 1995 11.800803
1994 1996 10.867294
1 1997 10.472840999999999
1 1998 11.240535
