39127 8
3977 9
40638 10
40101 23
18579 24
30851 25
39302 27
45470 28
36838 32
30486 34
41046 37
24575 39
41554 42
25469 43
25753 44
13003 45
33932 47
31525 48
28945 51
7645 52
43296 54
32182 56
13503 57
31680 59
28097 60
37025 65
12906 66
3011 72
11158 76
44994 77
32323 81
8644 82
24807 83
17272 86
15342 87
16437 88
6504 89
24058 93
19606 94
43597 96
34335 97
10789 98
42950 100
21748 102
30938 106
25250 108
32295 109
3997 111
14693 112
31298 114
24927 115
7529 119
24537 120
14201 121
415 126
21995 128
4202 129
31679 131
11378 132
24189 137
11592 138
7072 139
42878 149
16731 150
44348 153
10450 154
4082 156
36510 157
23598 159
14180 160
7347 162
45026 164
27564 166
20418 167
15623 170
31057 174
21521 175
6643 176
5389 177
40484 183
30084 184
4079 186
3030 188
20442 189
18646 192
10908 193
37053 195
659 196
13635 199
13664 202
15327 203
16102 205
21480 206
27198 208
14499 212
29886 214
5233 215
2567 217
17019 218
29680 219
11536 227
19515 233
20031 234
29673 237
45015 239
6318 240
20287 242
22062 243
31642 247
9145 248
37293 249
1416 251
38912 252
10371 253
3645 254
33211 255
829 258
16935 260
22741 261
8707 262
18832 263
15834 265
10470 268
9602 271
683 272
12099 275
18923 277
18213 279
34067 280
5752 281
25079 282
1665 284
4891 285
31286 286
32422 290
3076 291
8813 292
11334 299
39867 300
1506 301
3190 302
3474 303
42287 305
15530 307
39993 308
43454 312
13469 314
8482 315
570 318
19210 319
43943 322
16382 323
42904 324
26428 327
29282 330
23713 331
25734 332
25275 333
24144 338
2486 339
18828 340
25981 341
30443 344
4131 345
34325 347
5036 348
17220 357
29607 360
30216 361
9460 367
36094 368
9239 370
6582 371
42169 375
43071 376
38951 377
20959 378
19932 381
30530 382
44217 386
38881 387
9666 389
13311 390
40056 396
3775 397
9406 400
45055 403
32919 404
36452 405
33110 408
19284 409
17916 410
20353 413
31206 414
17440 415
18611 417
24005 418
26498 420
27422 421
22522 423
42187 424
36790 428
42899 429
41277 432
21616 434
8380 435
33694 436
15089 441
30007 442
18570 443
20762 445
42629 446
21270 447
33092 448
4819 452
2931 454
10029 455
44935 456
5211 459
25060 460
29266 461
3853 464
22390 465
31796 466
40277 467
10062 471
13904 472
1480 473
28890 475
20425 476
23456 478
40122 480
31352 481
45234 486
14945 487
14789 489
20248 490
30681 493
13049 494
40844 495
43160 500
10719 501
24149 502
2980 503
31228 505
31287 506
9736 510
8541 511
28471 513
3383 514
30211 516
21579 517
23051 519
36635 521
26204 522
34471 525
35253 526
16912 529
503 530
12085 531
14861 538
43520 539
11202 540
22125 543
20836 546
40661 548
34041 549
32992 550
18569 551
25098 554
25829 556
19477 557
1369 559
26182 560
18997 562
25276 563
12181 571
9519 572
262 575
34667 577
40850 578
28987 581
19717 583
41424 584
39866 596
32531 597
33999 600
33164 601
5745 602
5882 607
26326 609
14700 610
35898 612
2154 615
6540 617
36685 618
11658 619
44647 620
39635 621
34107 624
40258 626
15152 628
28702 629
20228 632
41403 634
5663 635
31956 642
6347 643
7811 646
3719 648
22112 649
31499 650
42824 654
29101 655
13052 656
21258 658
35583 660
24442 661
23172 664
2619 665
32426 667
44997 668
2616 670
271 672
13753 673
19363 676
5551 677
12616 678
41843 681
24842 682
24469 683
16313 685
8484 687
8124 688
19894 689
31425 692
36091 693
22841 695
15305 696
36846 697
23009 699
26940 700
1235 703
2748 704
34025 705
7460 706
26382 709
40750 711
25666 712
29645 715
25016 716
7064 717
7030 725
4178 726
3723 728
17331 729
24867 731
17444 733
7502 734
19364 736
3503 737
2177 740
21337 742
1814 743
3038 745
4066 746
15677 748
39786 749
10290 752
4246 754
21613 755
33526 756
29056 761
12700 762
41782 763
9739 766
11596 768
23351 769
25340 772
14914 773
37087 775
27247 776
38756 781
27537 783
27054 784
27855 786
30180 787
7634 790
10799 791
23042 792
2251 795
13542 796
36416 797
4068 804
8706 805
30329 806
16444 808
5996 811
8328 812
10291 813
21783 817
27820 818
19543 820
13019 821
43667 823
899 827
16181 828
33856 830
14901 831
794 833
19857 834
15558 839
6863 841
12661 842
44164 848
19272 849
36393 851
20656 852
20239 854
32256 855
32952 858
40311 859
14553 862
28243 864
12851 865
43793 866
2377 867
13447 868
22105 869
27419 872
41525 873
33492 876
20136 877
6528 878
9069 882
31111 885
38105 886
40471 888
39717 889
23410 892
6804 893
29582 894
7053 897
6682 898
43561 904
44572 905
39080 906
32462 908
8122 909
14085 910
41880 911
7676 921
27664 923
26426 924
34374 925
37499 926
26573 929
37183 930
13692 932
5111 935
35807 936
39661 937
14743 938
134 940
26319 945
11579 946
27278 948
26180 949
35010 950
32388 951
5757 953
18521 954
24182 960
24870 961
29460 963
5610 964
24724 966
38822 968
5145 970
35608 971
8951 972
22608 973
2107 976
27582 978
16544 980
39576 981
17259 984
10242 985
34628 988
8163 991
42219 992
28046 993
6785 995
31264 997
8643 1000
26124 1001
19434 1002
3929 1005
9867 1006
29312 1007
11229 1009
41506 1010
6144 1014
3814 1017
41182 1018
23160 1019
31638 1020
7817 1024
23548 1026
28390 1027
42727 1028
11607 1029
16568 1031
30262 1032
41456 1036
954 1038
40616 1039
36290 1041
13103 1042
2337 1045
34458 1047
13399 1048
34857 1050
19179 1051
4752 1053
35100 1057
44111 1064
8366 1065
15872 1067
1990 1068
44169 1071
16265 1074
27727 1075
2714 1077
28741 1078
29026 1079
7950 1081
26085 1084
36725 1085
16487 1086
27173 1092
15157 1095
2293 1096
11283 1097
29983 1099
16943 1100
4665 1101
19370 1105
43232 1106
8184 1107
6173 1109
38056 1110
31372 1112
29314 1114
24973 1115
23796 1116
28589 1117
18962 1118
2642 1120
33408 1121
7025 1125
40495 1126
36224 1130
17564 1131
31706 1137
37393 1138
17065 1141
32372 1143
31977 1144
22624 1152
17655 1157
2728 1158
19545 1159
20751 1160
9470 1161
16846 1162
1872 1164
11539 1165
19774 1166
17156 1167
12501 1171
12270 1172
12846 1176
19456 1178
6465 1179
41981 1180
9807 1181
42503 1186
21828 1187
34861 1188
37899 1195
20303 1196
1721 1198
8198 1199
33919 1201
14735 1202
29806 1204
17814 1207
28280 1208
16899 1209
25521 1212
43907 1214
2581 1215
43928 1224
1165 1227
23698 1230
30205 1234
16356 1237
44507 1238
39529 1239
19938 1240
26216 1242
36135 1243
31683 1244
18288 1245
12714 1248
31875 1249
38220 1250
11332 1254
20674 1255
7408 1256
11693 1259
9134 1260
22246 1261
11907 1266
31291 1267
4904 1268
45063 1269
16745 1272
21233 1274
4407 1275
7188 1279
17195 1281
18742 1284
42057 1286
15040 1287
10028 1288
5321 1289
5047 1292
17677 1293
33017 1295
654 1296
29180 1301
41905 1303
22280 1304
43080 1306
39433 1310
34102 1311
32094 1313
3299 1314
40917 1316
595 1318
45164 1319
19818 1321
34873 1322
8156 1323
40814 1327
25767 1329
41474 1330
17131 1332
24 1333
12402 1335
194 1336
26683 1338
41672 1339
18992 1342
43787 1345
26506 1346
16847 1348
25704 1349
4908 1350
35216 1353
25131 1355
12246 1365
36763 1366
28078 1367
31257 1369
44110 1372
3014 1373
12829 1374
19330 1376
27992 1377
39506 1381
17330 1382
156 1384
5246 1385
30823 1386
8729 1388
21971 1391
7217 1392
3281 1393
11251 1396
12004 1398
26597 1400
21981 1407
30976 1408
44523 1409
12789 1411
39494 1413
11301 1414
9933 1415
6109 1417
15607 1418
34947 1420
30662 1422
31470 1423
31297 1430
28114 1431
31745 1434
5621 1435
3016 1436
34037 1439
32431 1440
4516 1444
13632 1446
4263 1447
39583 1448
25769 1450
19422 1452
22452 1453
32205 1455
15507 1456
3015 1459
3769 1461
36608 1462
11591 1465
7975 1466
43474 1467
34004 1470
11740 1473
16228 1474
18172 1477
22912 1478
27332 1480
35418 1481
37182 1483
12699 1484
38776 1487
9644 1489
26286 1490
17979 1492
35032 1494
37213 1495
27959 1496
44503 1497
24488 1499
13864 1500
4923 1502
19209 1503
19646 1508
5372 1509
41689 1511
7288 1512
27825 1519
4138 1521
32958 1522
24213 1523
37538 1524
5062 1528
15448 1529
41953 1532
16611 1533
17960 1536
4937 1537
26606 1539
44950 1540
17812 1541
27480 1549
39216 1550
23356 1551
10195 1554
16402 1555
6155 1556
11110 1559
27772 1560
41749 1562
18006 1563
42893 1565
35213 1566
16925 1567
8576 1568
3749 1571
27217 1572
28966 1577
26656 1578
42622 1582
26348 1583
3392 1584
35508 1585
6020 1587
44943 1589
7458 1590
30101 1595
29381 1596
28500 1600
20763 1601
9715 1604
4172 1605
44154 1610
21105 1611
31491 1616
11103 1617
32386 1620
31276 1621
39142 1623
19538 1625
25862 1626
39778 1627
16600 1629
29984 1631
36547 1634
35567 1635
29313 1637
11274 1639
3468 1640
43263 1647
15532 1648
35700 1649
8709 1652
43638 1653
35902 1654
24604 1655
14216 1658
35743 1660
24053 1661
31967 1662
8858 1664
24046 1667
10826 1668
17420 1669
42202 1671
41770 1673
8214 1674
18684 1677
43712 1679
84 1683
9547 1684
45112 1686
12886 1689
12255 1690
25140 1694
3432 1695
19645 1697
26963 1698
23188 1700
32618 1701
14918 1705
34657 1708
42395 1709
31169 1710
40104 1711
23222 1713
406 1715
39719 1716
29443 1718
40342 1719
27393 1720
1218 1723
36381 1724
27163 1725
37221 1727
2530 1728
38886 1730
15848 1733
45067 1734
6492 1735
2794 1736
10762 1739
15948 1740
22838 1741
1734 1747
27656 1748
3137 1749
19956 1751
18938 1752
13171 1758
11068 1760
29530 1761
5160 1763
33693 1764
35836 1771
43541 1774
35432 1777
28147 1778
2383 1779
16989 1781
3772 1782
23658 1786
9533 1788
42631 1789
23238 1794
16645 1795
14190 1796
15990 1799
28225 1801
37862 1803
20285 1804
151 1812
31185 1813
11512 1816
22658 1818
9075 1819
27335 1820
17711 1824
39692 1825
26583 1826
14524 1827
27624 1828
28290 1832
2379 1833
18726 1836
2672 1837
21789 1839
2374 1840
7895 1844
43415 1845
37931 1846
25523 1850
43400 1851
29678 1852
3737 1855
44494 1857
19388 1858
23079 1861
38997 1862
3347 1863
30858 1866
16406 1868
3157 1869
6557 1873
18921 1874
28398 1875
10821 1877
29052 1878
16515 1881
40519 1883
7110 1885
43612 1886
42262 1890
8864 1891
40043 1895
3286 1896
28355 1898
39961 1899
42359 1901
37029 1903
44960 1905
9836 1906
26538 1907
6912 1909
12513 1910
10755 1915
15252 1917
917 1918
4691 1921
27909 1922
31283 1923
20140 1924
7121 1926
44894 1929
11773 1930
6665 1931
16737 1934
8636 1935
15312 1938
5268 1940
43637 1941
4139 1942
14665 1945
20038 1946
40337 1948
23039 1951
10393 1953
27225 1954
17628 1956
15644 1957
41676 1962
34083 1964
41258 1965
39654 1966
24326 1970
10831 1971
12761 1972
36791 1974
39727 1975
23028 1977
40815 1978
39996 1983
19510 1984
27913 1985
43099 1986
42134 1987
43492 1989
7038 1990
31927 1992
10652 1993
1934 1995
19766 1996
38241 1997
23948 1998
