1 2 2.051685
2 3 1.3784299999999998
3 4 2.088082
4 5 2.985606
5 6 57.800583
5 7 0.955253
7 8 1.813851
8 9 46.409464
8 10 0.972218
10 11 44.099402999999995
10 12 0.8344880000000001
12 13 0.471853
13 14 1.542437
14 15 0.6656259999999999
15 16 1.615888
16 17 2.557289
17 18 1.120482
18 19 1.517483
19 20 70.771713
19 21 44.982187
18 22 45.57478
17 23 1.8045419999999999
23 24 52.31871
23 25 68.150353
16 26 42.778418
15 27 0.836103
27 28 38.278186
27 29 1.000515
29 30 1.307314
30 31 0.090097
31 32 0.573898
32 33 4.350355
33 34 41.550238
33 35 0.976194
35 36 0.5601430000000001
36 37 0.898143
37 38 1.551186
38 39 3.765598
39 40 55.322397
39 41 2.9554690000000003
41 42 2.2862
42 43 44.344403
42 44 65.599331
41 45 57.241822
38 46 0.21381299999999998
46 47 3.6116219999999997
47 48 70.380779
47 49 68.185995
46 50 47.597415999999996
37 51 1.218026
51 52 43.65665
51 53 40.190148
36 54 1.208907
54 55 1.386682
55 56 42.251405
55 57 67.43567
54 58 49.819010000000006
35 59 0.777786
59 60 0.8457920000000001
60 61 37.72148
60 62 43.217765
59 63 0.945268
63 64 44.716219
63 65 3.4166950000000003
65 66 51.306039000000006
65 67 59.670657000000006
32 68 0.559399
68 69 41.641171
68 70 0.626676
70 71 0.453266
71 72 1.005939
72 73 0.993756
73 74 0.203835
74 75 0.705222
75 76 34.205205
75 77 36.139311
74 78 42.072528999999996
73 79 38.580873
72 80 37.613464
71 81 1.9104940000000001
81 82 57.657884
81 83 36.815582
70 84 1.547885
84 85 42.209527
84 86 54.719395000000006
31 87 0.8795000000000001
87 88 1.245689
88 89 1.557055
89 90 37.83915
89 91 41.399381000000005
88 92 1.885763
92 93 44.302699000000004
92 94 78.16845500000001
87 95 0.5709879999999999
95 96 33.985541000000005
95 97 37.037816
30 98 36.137003
29 99 1.235235
99 100 0.45699599999999996
100 101 0.358541
101 102 0.829496
102 103 0.557214
103 104 37.523515
103 105 1.717277
105 106 41.473771
105 107 47.225032
102 108 1.265757
108 109 40.611231
108 110 39.190634
101 111 36.91979
100 112 1.539082
112 113 0.6129070000000001
113 114 33.83226
113 115 0.2626
115 116 0.433345
116 117 0.484032
117 118 0.889587
118 119 1.325668
119 120 1.6535270000000002
120 121 35.437943
120 122 38.885391000000006
119 123 0.643278
123 124 37.273635
123 125 32.565284
118 126 0.5353819999999999
126 127 34.232617
126 128 4.487249
128 129 36.494223999999996
128 130 27.191368
117 131 0.283946
131 132 35.756181
131 133 39.099905
116 134 33.716963
115 135 0.180158
135 136 1.9962810000000002
136 137 31.273974
136 138 35.108271
135 139 36.198122999999995
112 140 1.7312589999999999
140 141 1.086723
141 142 0.663564
142 143 0.29657300000000003
143 144 1.057137
144 145 0.794379
145 146 48.804702
145 147 37.436438
144 148 35.665169
143 149 0.28095400000000004
149 150 1.150957
150 151 32.55452
150 152 30.819568000000004
149 153 0.19636499999999998
153 154 0.466803
154 155 0.396883
155 156 0.509862
156 157 0.13698
157 158 0.8192069999999999
158 159 0.6097250000000001
159 160 30.613311999999997
159 161 32.60547
158 162 0.780272
162 163 0.578465
163 164 0.284771
164 165 0.347613
165 166 0.011348
166 167 1.0918
167 168 24.352058
167 169 25.219755
166 170 0.227534
170 171 0.6357579999999999
171 172 0.32082299999999997
172 173 25.971909999999998
172 174 25.046462000000002
171 175 0.41695200000000004
175 176 25.468197999999997
175 177 25.152883
170 178 1.273863
178 179 24.249783
178 180 25.713783
165 181 0.390252
181 182 0.331542
182 183 0.443953
183 184 0.813459
184 185 24.318613
184 186 23.198023
183 187 25.327069
182 188 0.492674
188 189 0.26231000000000004
189 190 0.411159
190 191 24.547356
190 192 0.232802
192 193 25.898104
192 194 0.756398
194 195 25.380458
194 196 27.248312000000002
189 197 0.23399599999999998
197 198 24.341547
197 199 25.360622
188 200 0.07329100000000001
200 201 0.39904900000000004
201 202 0.740647
202 203 24.112219
202 204 22.899439
201 205 0.5708460000000001
205 206 0.375125
206 207 21.578493
206 208 21.873221
205 209 0.31903600000000004
209 210 23.236297
209 211 22.899942
200 212 0.303365
212 213 0.249261
213 214 2.057205
214 215 21.227355
214 216 0.274258
216 217 0.39216199999999996
217 218 0.419817
218 219 0.277615
219 220 20.85419
219 221 20.473553
218 222 21.263752999999998
217 223 0.143152
223 224 0.553302
224 225 1.188507
225 226 0.376967
226 227 3.228708
227 228 16.326264
227 229 16.687826
226 230 0.36048
230 231 0.155618
231 232 0.256569
232 233 0.109943
233 234 0.16444899999999998
234 235 0.315336
235 236 19.020125
235 237 18.133854
234 238 0.5251020000000001
238 239 19.835221
238 240 18.645065
233 241 0.553724
241 242 20.731416
241 243 20.480176
232 244 0.274157
244 245 0.31859000000000004
245 246 0.159994
246 247 0.321335
247 248 20.421214
247 249 21.724981
246 250 0.320749
250 251 0.34197099999999997
251 252 0.233072
252 253 0.36115
253 254 23.736745
253 255 21.534464
252 256 0.50694
256 257 22.258676
256 258 21.673754000000002
251 259 0.30623
259 260 23.07217
259 261 20.259868
250 262 0.187524
262 263 0.8085530000000001
263 264 21.511947
263 265 19.932139
262 266 0.500982
266 267 1.282795
267 268 23.830278
267 269 12.371248999999999
269 270 10.482727
269 271 12.537271
266 272 0.142265
272 273 0.389265
273 274 25.670123
273 275 21.719943
272 276 0.40345299999999995
276 277 21.438641999999998
276 278 24.078669
245 279 0.11820800000000001
279 280 0.750194
280 281 21.072338
280 282 20.255406
279 283 1.061578
283 284 0.805959
284 285 18.384306
284 286 18.007692
283 287 20.207563
244 288 0.381921
288 289 0.19956599999999997
289 290 0.220017
290 291 20.96256
290 292 21.774088
289 293 20.794329
288 294 0.098262
294 295 0.23599599999999998
295 296 0.557534
296 297 20.896333
296 298 0.589764
298 299 21.554341
298 300 22.740751
295 301 0.23113500000000003
301 302 0.159665
302 303 0.342627
303 304 1.160556
304 305 25.152379000000003
304 306 20.364932
303 307 0.24328000000000002
307 308 0.337129
308 309 22.539601
308 310 24.597977
307 311 0.409601
311 312 22.076178
311 313 21.017108
302 314 23.434287
301 315 20.564161
294 316 0.7395879999999999
316 317 19.748115
316 318 19.857236
231 319 0.42609600000000003
319 320 20.516329
319 321 20.117369
230 322 0.292823
322 323 0.490302
323 324 19.747456999999997
323 325 20.886241
322 326 0.733127
326 327 20.241633
326 328 20.392065000000002
225 329 0.083306
329 330 0.423777
330 331 0.47611600000000004
331 332 19.640530000000002
331 333 20.078336
330 334 0.44347800000000004
334 335 19.645561
334 336 20.758304
329 337 0.194564
337 338 0.054652
338 339 0.2287
339 340 18.185659
339 341 0.057394
341 342 0.289838
342 343 0.923304
343 344 17.219802
343 345 18.098264
342 346 0.18734299999999998
346 347 17.689104999999998
346 348 0.831133
348 349 17.52936
348 350 18.002133
341 351 0.191884
351 352 0.530061
352 353 18.981232000000002
352 354 18.943312000000002
351 355 0.228568
355 356 0.264754
356 357 0.440606
357 358 19.264252000000003
357 359 18.993199999999998
356 360 17.639599
355 361 0.435099
361 362 19.313806
361 363 19.16648
338 364 0.20201199999999997
364 365 0.36073
365 366 19.075296
365 367 0.331489
367 368 19.238184999999998
367 369 18.025345
364 370 0.477423
370 371 0.20456200000000002
371 372 0.9052920000000001
372 373 0.412493
373 374 0.412842
374 375 0.832518
375 376 16.07102
375 377 16.840211999999998
374 378 0.52377
378 379 0.428092
379 380 0.289705
380 381 0.215522
381 382 0.380502
382 383 15.482230999999999
382 384 17.531859
381 385 0.32028999999999996
385 386 0.60916
386 387 21.128011
386 388 0.395382
388 389 18.38203
388 390 0.830333
390 391 17.481537
390 392 16.989516
385 393 17.939943
380 394 0.572213
394 395 0.27567400000000003
395 396 0.39855999999999997
396 397 0.49455499999999997
397 398 0.275613
398 399 0.221813
399 400 0.33743599999999996
400 401 0.13808
401 402 13.25704
401 403 0.193329
403 404 0.19583
404 405 0.198253
405 406 0.314257
406 407 13.099689
406 408 0.696295
408 409 14.293218999999999
408 410 12.725477
405 411 0.099163
411 412 0.49322000000000005
412 413 13.921494000000001
412 414 14.042632999999999
411 415 0.070897
415 416 0.21346199999999999
416 417 0.171535
417 418 0.36697399999999997
418 419 12.250365
418 420 11.924537
417 421 0.08104
421 422 0.32726299999999997
422 423 12.049269
422 424 12.75656
421 425 0.266971
425 426 0.23620300000000002
426 427 0.065893
427 428 0.143376
428 429 0.34392
429 430 0.38920899999999997
430 431 10.836921
430 432 12.095131
429 433 0.295325
433 434 11.067418
433 435 11.165573
428 436 0.13696
436 437 11.554739
436 438 0.135929
438 439 11.112974000000001
438 440 0.17076000000000002
440 441 11.008283
440 442 0.202183
442 443 0.211617
443 444 0.502819
444 445 10.4756
444 446 10.723626999999999
443 447 0.213526
447 448 0.138311
448 449 0.09007699999999999
449 450 0.190934
450 451 0.13268
451 452 11.375286
451 453 10.684184
450 454 0.187049
454 455 10.852743
454 456 0.269493
456 457 0.296037
457 458 10.550581000000001
457 459 0.191839
459 460 0.355891
460 461 0.19086999999999998
461 462 0.32521
462 463 10.658600999999999
462 464 0.410931
464 465 10.978477999999999
464 466 0.275781
466 467 0.489984
467 468 10.469478
467 469 12.550521
466 470 0.28395
470 471 0.443985
471 472 10.29003
471 473 10.823842
470 474 12.019331
461 475 10.372791000000001
460 476 0.36907300000000004
476 477 11.250713
476 478 11.593518
459 479 10.460411
456 480 0.400709
480 481 10.333198000000001
480 482 12.423338000000001
449 483 0.521911
483 484 11.33955
483 485 10.80662
448 486 0.19159400000000001
486 487 0.036266
487 488 0.057596
488 489 12.503037
488 490 11.671864999999999
487 491 11.318182
486 492 11.717724
447 493 0.065179
493 494 0.119182
494 495 0.048603
495 496 11.56676
495 497 11.453239
494 498 0.127593
498 499 0.08415500000000001
499 500 0.215839
500 501 11.893428
500 502 11.92381
499 503 11.292885
498 504 11.892793
493 505 0.1313
505 506 0.26318800000000003
506 507 11.465786
506 508 11.466266
505 509 0.21724100000000002
509 510 11.928179
509 511 0.27006199999999997
511 512 12.569458000000001
511 513 0.334108
513 514 12.817417
513 515 0.586075
515 516 12.595298
515 517 11.22194
442 518 11.290555
427 519 0.19359500000000002
519 520 0.05212599999999999
520 521 0.19156
521 522 0.534845
522 523 11.509535999999999
522 524 11.686734999999999
521 525 0.33759100000000003
525 526 12.764045
525 527 13.323128
520 528 0.33944
528 529 11.845116
528 530 0.232321
530 531 12.929984999999999
530 532 13.528148000000002
519 533 0.112959
533 534 0.050659
534 535 0.330437
535 536 0.362468
536 537 0.133114
537 538 0.349978
538 539 11.824766
538 540 11.548286000000001
537 541 0.19956599999999997
541 542 0.122381
542 543 12.838557999999999
542 544 11.246734
541 545 12.554488999999998
536 546 0.328646
546 547 0.31752199999999997
547 548 0.063136
548 549 0.139846
549 550 10.76382
549 551 0.258785
551 552 0.49955399999999994
552 553 11.391548
552 554 11.364988
551 555 0.179295
555 556 0.21855400000000003
556 557 0.384805
557 558 0.611784
558 559 0.340403
559 560 9.556546
559 561 10.458574
558 562 12.105258000000001
557 563 11.142282
556 564 10.60427
555 565 11.612351
548 566 10.904953
547 567 0.22331099999999998
567 568 10.369627
567 569 0.157436
569 570 0.084757
570 571 0.1498
571 572 0.207098
572 573 0.10217500000000002
573 574 10.344517999999999
573 575 0.141424
575 576 0.350481
576 577 0.018914
577 578 0.386223
578 579 8.965574
578 580 9.724385
577 581 0.37767999999999996
581 582 9.288857
581 583 9.401102999999999
576 584 0.21245499999999998
584 585 9.496138
584 586 10.101691
575 587 0.19842699999999996
587 588 0.491893
588 589 11.557487
588 590 10.415409
587 591 10.931716
572 592 0.127312
592 593 9.889638000000001
592 594 0.24214100000000002
594 595 10.807613
594 596 10.391614
571 597 0.236795
597 598 10.400862
597 599 11.485581
570 600 0.073994
600 601 0.146263
601 602 9.559937
601 603 9.623503999999999
600 604 0.249124
604 605 10.257883
604 606 9.841046
569 607 0.088848
607 608 0.274163
608 609 10.075153
608 610 10.529105
607 611 0.041015
611 612 0.323997
612 613 9.830241000000001
612 614 10.101187
611 615 0.234294
615 616 0.271609
616 617 9.180890999999999
616 618 9.755295
615 619 0.153066
619 620 0.171604
620 621 0.24026
621 622 0.40060399999999996
622 623 10.518965
622 624 11.022896
621 625 11.324227
620 626 0.257682
626 627 0.20566600000000002
627 628 0.10838600000000001
628 629 8.2041
628 630 8.790497
627 631 0.091881
631 632 0.209219
632 633 0.228552
633 634 0.288537
634 635 8.274546
634 636 9.039221
633 637 0.12043399999999999
637 638 0.532131
638 639 7.821364
638 640 0.281513
640 641 9.183917
640 642 8.049894
637 643 7.692535
632 644 0.266256
644 645 0.43398200000000003
645 646 0.082043
646 647 7.276631999999999
646 648 0.06282399999999999
648 649 0.23292600000000002
649 650 0.120346
650 651 0.07868699999999999
651 652 0.119911
652 653 0.12400200000000001
653 654 0.234936
654 655 6.789174000000001
654 656 6.656386
653 657 7.773995
652 658 0.048424
658 659 0.140761
659 660 0.153871
660 661 0.074776
661 662 7.229125
661 663 6.818059
660 664 0.151434
664 665 6.95173
664 666 6.643638999999999
659 667 0.219325
667 668 0.25684700000000005
668 669 0.148417
669 670 0.311656
670 671 6.685626999999999
670 672 0.263061
672 673 7.240916
672 674 6.354453
669 675 0.362691
675 676 0.088835
676 677 0.054805
677 678 0.272208
678 679 5.505006
678 680 5.956264
677 681 0.10248399999999999
681 682 0.202971
682 683 5.782914
682 684 6.186084
681 685 0.0846
685 686 0.09993
686 687 0.13587
687 688 0.108448
688 689 0.29403799999999997
689 690 0.671567
690 691 0.40195200000000003
691 692 0.095035
692 693 6.237754
692 694 0.285691
694 695 5.136376
694 696 5.46517
691 697 0.056138
697 698 0.15498499999999998
698 699 5.195847
698 700 0.059878999999999995
700 701 0.08407300000000001
701 702 0.228319
702 703 5.846815
702 704 0.652049
704 705 5.979804
704 706 6.354706999999999
701 707 0.430795
707 708 5.763917
707 709 0.22176
709 710 6.7729479999999995
709 711 0.502233
711 712 1.282472
712 713 0.572502
713 714 5.47597
713 715 0.361368
715 716 5.198103
715 717 5.332400000000001
712 718 6.561931
711 719 9.093365
700 720 0.182755
720 721 0.021314
721 722 0.1093
722 723 0.322112
723 724 0.149468
724 725 0.077088
725 726 4.535047
725 727 0.133622
727 728 5.261773
727 729 4.5633
724 730 0.037285
730 731 4.978322
730 732 4.567103
723 733 0.074825
733 734 0.10892399999999999
734 735 0.072274
735 736 0.080646
736 737 0.11831599999999999
737 738 3.619595
737 739 4.142379
736 740 0.07589
740 741 4.28451
740 742 0.10786599999999999
742 743 4.45582
742 744 4.0535309999999996
735 745 4.350459
734 746 0.345307
746 747 3.7951070000000002
746 748 3.83209
733 749 4.78388
722 750 0.032308
750 751 0.068633
751 752 0.11694500000000001
752 753 0.346438
753 754 5.306706
753 755 4.940537
752 756 0.228114
756 757 0.224703
757 758 0.175577
758 759 0.053074
759 760 0.25061900000000004
760 761 0.142383
761 762 4.032213
761 763 3.932565
760 764 0.11241899999999999
764 765 4.516238
764 766 4.474156
759 767 0.286207
767 768 0.256532
768 769 3.6585039999999998
768 770 0.21739200000000003
770 771 0.10689499999999999
771 772 0.076954
772 773 3.1903559999999995
772 774 0.015423
774 775 0.159353
775 776 0.380411
776 777 3.0999280000000002
776 778 3.7256530000000003
775 779 0.220602
779 780 3.5260800000000003
779 781 3.1670610000000003
774 782 0.170765
782 783 3.2442409999999997
782 784 2.987947
771 785 3.8726589999999996
770 786 6.014915
767 787 3.8651579999999996
758 788 4.032366
757 789 0.045561000000000004
789 790 4.159146
789 791 0.163686
791 792 4.1025789999999995
791 793 4.1337980000000005
756 794 5.344965
751 795 0.092756
795 796 0.046402
796 797 0.21401599999999998
797 798 0.083576
798 799 4.250571
798 800 4.808893
797 801 4.897807
796 802 0.142833
802 803 4.535538
802 804 4.454856
795 805 4.783114
750 806 0.30663999999999997
806 807 4.515478
806 808 0.266378
808 809 0.114621
809 810 0.05887200000000001
810 811 0.325235
811 812 0.42481100000000005
812 813 0.40383600000000003
813 814 3.591142
813 815 0.250687
815 816 3.103058
815 817 0.168603
817 818 0.147864
818 819 0.369678
819 820 0.306308
820 821 0.108611
821 822 3.609294
821 823 0.30499
823 824 3.2852140000000003
823 825 3.739645
820 826 0.22276800000000002
826 827 4.627452
826 828 9.799009
819 829 0.0718
829 830 0.855675
830 831 5.145602
830 832 8.599972000000001
829 833 0.336792
833 834 6.690124999999999
833 835 0.16361900000000001
835 836 0.369177
836 837 0.10730500000000001
837 838 1.316467
837 839 0.040633999999999997
839 840 0.133246
840 841 1.9108569999999998
840 842 1.203282
839 843 1.148728
836 844 0.389697
844 845 0.172873
845 846 2.842231
845 847 0.089554
847 848 0.040466999999999996
848 849 3.0455449999999997
848 850 0.094112
850 851 1.4509239999999999
850 852 0.536207
852 853 0.293924
853 854 2.4956300000000002
853 855 0.8753759999999999
855 856 6.421997999999999
855 857 7.70084
852 858 5.47429
847 859 2.391089
844 860 2.070156
835 861 0.42940900000000004
861 862 0.47815799999999997
861 863 0.051923
863 864 0.186542
864 865 0.5834309999999999
864 866 0.010317999999999999
866 867 0.39709999999999995
866 868 4.030566
863 869 0.340633
818 870 2.3587219999999998
817 871 2.554309
812 872 0.14394600000000002
872 873 0.108928
873 874 0.10407999999999999
874 875 0.107443
875 876 0.121853
876 877 2.1931
876 878 0.195019
878 879 2.3702870000000003
878 880 0.291515
880 881 2.529058
880 882 3.246158
875 883 2.326442
874 884 2.472504
873 885 3.073393
872 886 2.7499409999999997
811 887 0.21120599999999998
887 888 4.82507
887 889 3.547621
810 890 3.8845159999999996
809 891 3.7833980000000005
808 892 0.057381999999999996
892 893 0.354719
893 894 5.006134
893 895 0.196233
895 896 3.767035
895 897 3.1913150000000003
892 898 0.153206
898 899 4.3142
898 900 5.301004
721 901 0.164847
901 902 0.11500300000000001
902 903 0.188218
903 904 4.648443
903 905 4.411021
902 906 5.741601
901 907 5.241247
720 908 0.033809
908 909 4.874504
908 910 0.12753599999999998
910 911 4.640894
910 912 0.093961
912 913 0.089992
913 914 5.039457
913 915 0.29055000000000003
915 916 6.475329
915 917 0.284293
917 918 0.074107
918 919 0.07077900000000001
919 920 0.27222599999999997
920 921 5.165827
920 922 5.222863
919 923 6.611841999999999
918 924 5.245742
917 925 0.154434
925 926 0.048641
926 927 0.09472699999999999
927 928 0.062974
928 929 0.168614
929 930 6.094682
929 931 4.395791
931 932 2.92069
931 933 3.4427909999999997
928 934 5.738163999999999
927 935 0.536082
935 936 5.291855
935 937 0.473479
937 938 6.170795
937 939 6.163716
926 940 0.20135
940 941 6.239573
940 942 0.148174
942 943 5.3330210000000005
942 944 2.221337
944 945 3.9209309999999995
944 946 4.111618
925 947 0.12491100000000001
947 948 0.16714600000000002
948 949 0.204073
949 950 6.191141
949 951 6.14337
948 952 5.963183
947 953 0.239186
953 954 2.098109
954 955 3.4162690000000002
954 956 3.409312
953 957 6.458098
912 958 4.541760999999999
697 959 5.543763
690 960 6.727953
689 961 6.8462629999999995
688 962 0.048265
962 963 0.072401
963 964 0.18355
964 965 6.846741000000001
964 966 7.884969999999999
963 967 0.440545
967 968 6.458397000000001
967 969 6.688732999999999
962 970 0.03898
970 971 0.208589
971 972 6.693636
971 973 6.3791329999999995
970 974 7.758462000000001
687 975 0.201168
975 976 0.244094
976 977 6.366663
976 978 6.409637
975 979 6.813365
686 980 6.4025
685 981 6.038959
676 982 0.059685
982 983 0.05608199999999999
983 984 0.05794
984 985 0.146411
985 986 0.105368
986 987 5.530221
986 988 5.285006
985 989 5.409501
984 990 5.799783
983 991 0.038791
991 992 0.361565
992 993 5.718015
992 994 5.7432549999999996
991 995 6.906305
982 996 5.893039
675 997 0.091139
997 998 0.139529
998 999 0.218229
999 1000 6.301727
999 1001 5.886292
998 1002 0.106426
1002 1003 0.159112
1003 1004 6.109160999999999
1003 1005 0.168903
1005 1006 6.007671
1005 1007 6.4737160000000005
1002 1008 0.094998
1008 1009 6.668328
1008 1010 0.201513
1010 1011 6.302872
1010 1012 6.252098
997 1013 0.051565
1013 1014 5.872329
1013 1015 0.222061
1015 1016 5.623609
1015 1017 6.054691999999999
668 1018 6.848802
667 1019 0.395457
1019 1020 8.484289
1019 1021 0.43073399999999995
1021 1022 2.010036
1022 1023 6.195948
1022 1024 7.775683
1021 1025 2.1804230000000002
1025 1026 7.516373
1025 1027 6.986248000000001
658 1028 0.130263
1028 1029 0.227164
1029 1030 7.264018
1029 1031 6.7831660000000005
1028 1032 6.872535
651 1033 7.954650000000001
650 1034 0.05408
1034 1035 7.239164
1034 1036 0.189295
1036 1037 6.918144
1036 1038 0.090956
1038 1039 0.186257
1039 1040 0.214957
1040 1041 7.509428999999999
1040 1042 0.164863
1042 1043 0.249152
1043 1044 0.353705
1044 1045 0.20999199999999998
1045 1046 0.267467
1046 1047 8.115448
1046 1048 7.619705000000001
1045 1049 9.179217000000001
1044 1050 0.186811
1050 1051 0.286012
1051 1052 11.300217
1051 1053 7.883223
1050 1054 0.466197
1054 1055 0.26445
1055 1056 0.280358
1056 1057 8.918772
1056 1058 9.935225
1055 1059 0.444546
1059 1060 8.840052
1059 1061 9.523192
1054 1062 0.288333
1062 1063 8.80255
1062 1064 9.316839
1043 1065 0.09503299999999999
1065 1066 0.110983
1066 1067 0.04341
1067 1068 0.16278399999999998
1068 1069 7.186487
1068 1070 0.45127500000000004
1070 1071 7.952952000000001
1070 1072 6.855326000000001
1067 1073 0.094915
1073 1074 7.198272
1073 1075 7.00032
1066 1076 9.116868
1065 1077 1.193119
1077 1078 8.050241
1077 1079 6.452380000000001
1042 1080 0.083699
1080 1081 0.035519
1081 1082 7.863602
1081 1083 0.047017
1083 1084 7.657722
1083 1085 0.873805
1085 1086 7.1562
1085 1087 8.190936
1080 1088 0.274063
1088 1089 7.871226000000001
1088 1090 8.411571
1039 1091 7.335427999999999
1038 1092 8.196541999999999
649 1093 0.137996
1093 1094 6.636322999999999
1093 1095 6.659824
648 1096 6.9466849999999996
645 1097 0.15825
1097 1098 0.183829
1098 1099 7.3436319999999995
1098 1100 7.694966
1097 1101 0.23674199999999998
1101 1102 0.174471
1102 1103 7.6459079999999995
1102 1104 0.228822
1104 1105 0.521123
1105 1106 9.141031
1105 1107 8.897296
1104 1108 0.008893999999999999
1108 1109 0.079445
1109 1110 0.258957
1110 1111 0.20433199999999999
1111 1112 0.287821
1112 1113 8.494074999999999
1112 1114 8.34159
1111 1115 8.169718
1110 1116 8.752721
1109 1117 7.919492
1108 1118 8.575243
1101 1119 7.459512999999999
644 1120 0.384063
1120 1121 7.770669
1120 1122 0.226028
1122 1123 7.671722
1122 1124 0.255075
1124 1125 0.429289
1125 1126 7.490763
1125 1127 8.47846
1124 1128 0.231335
1128 1129 7.620792
1128 1130 6.95809
631 1131 9.003977
626 1132 0.306163
1132 1133 9.265915
1132 1134 8.853474
619 1135 0.1119
1135 1136 0.128064
1136 1137 0.285871
1137 1138 8.705430999999999
1137 1139 9.090381
1136 1140 0.345057
1140 1141 9.004847
1140 1142 8.95253
1135 1143 0.303104
1143 1144 9.326838
1143 1145 0.32570899999999997
1145 1146 9.837622999999999
1145 1147 0.15228799999999998
1147 1148 0.24571800000000002
1148 1149 0.13548500000000002
1149 1150 0.25791400000000003
1150 1151 11.237259
1150 1152 9.029641
1149 1153 0.234078
1153 1154 0.044812
1154 1155 0.310865
1155 1156 8.961711999999999
1155 1157 0.21749
1157 1158 0.567696
1158 1159 9.566922
1158 1160 1.777134
1160 1161 8.324953
1160 1162 10.03829
1157 1163 0.508308
1163 1164 0.452401
1164 1165 9.581961
1164 1166 10.099094000000001
1163 1167 10.480961
1154 1168 0.07386
1168 1169 0.071974
1169 1170 0.073052
1170 1171 0.23957399999999998
1171 1172 8.653345
1171 1173 0.244561
1173 1174 8.976873000000001
1173 1175 9.549503
1170 1176 9.065866
1169 1177 0.139093
1177 1178 0.331169
1178 1179 9.070055
1178 1180 9.049332999999999
1177 1181 8.890984
1168 1182 0.239843
1182 1183 10.951466
1182 1184 0.17893900000000001
1184 1185 11.006713999999999
1184 1186 0.411379
1186 1187 10.670347
1186 1188 0.39273499999999995
1188 1189 12.18924
1188 1190 0.40403799999999995
1190 1191 0.296796
1191 1192 0.20737
1192 1193 0.605566
1193 1194 10.36697
1193 1195 0.55397
1195 1196 9.269838
1195 1197 9.338273
1192 1198 10.975026
1191 1199 12.276483
1190 1200 0.162999
1200 1201 13.045808000000001
1200 1202 11.669495000000001
1153 1203 0.285184
1203 1204 8.688093
1203 1205 9.107719
1148 1206 0.40387799999999996
1206 1207 8.023808
1206 1208 8.653357
1147 1209 8.777446
546 1210 11.31964
535 1211 12.247848
534 1212 0.185218
1212 1213 13.160779
1212 1214 0.252616
1214 1215 12.474854
1214 1216 13.059955
533 1217 0.23084
1217 1218 0.792091
1218 1219 11.192232
1218 1220 12.35811
1217 1221 0.255385
1221 1222 12.506074
1221 1223 0.8622660000000001
1223 1224 13.968932
1223 1225 13.331919000000001
426 1226 0.099719
1226 1227 0.083962
1227 1228 0.312176
1228 1229 0.07357699999999999
1229 1230 0.216619
1230 1231 0.20267800000000002
1231 1232 11.928064
1231 1233 11.091934
1230 1234 11.661394
1229 1235 0.36630999999999997
1235 1236 0.272701
1236 1237 13.081977
1236 1238 11.362538
1235 1239 0.649667
1239 1240 11.147172
1239 1241 11.784880000000001
1228 1242 0.314262
1242 1243 11.69478
1242 1244 11.237271999999999
1227 1245 0.140701
1245 1246 0.10135299999999998
1246 1247 10.919853999999999
1247 1248 1.729426
1247 1249 2.068588
1246 1250 0.151787
1250 1251 0.282439
1251 1252 0.125416
1252 1253 0.29478
1253 1254 0.48521
1254 1255 0.347051
1255 1256 0.11762
1256 1257 14.531450000000001
1256 1258 0.192138
1258 1259 0.078404
1259 1260 6.123834
1260 1261 9.162501
1260 1262 9.938407
1259 1263 0.588751
1263 1264 0.46886300000000003
1264 1265 16.93845
1264 1266 0.307046
1266 1267 0.627584
1267 1268 17.289331999999998
1267 1269 19.102666
1266 1270 0.7888769999999999
1270 1271 14.918704
1270 1272 17.48062
1263 1273 15.744759
1258 1274 15.184742000000002
1255 1275 0.545238
1275 1276 0.294918
1276 1277 13.735696
1276 1278 0.7343500000000001
1278 1279 14.230457
1278 1280 16.358294
1275 1281 0.172063
1281 1282 15.36129
1281 1283 15.128328999999999
1254 1284 14.543882
1253 1285 14.207645
1252 1286 0.08612700000000001
1286 1287 0.41789499999999996
1287 1288 12.83599
1287 1289 0.342209
1289 1290 0.194436
1290 1291 0.138048
1291 1292 3.830448
1292 1293 13.980876
1292 1294 11.370887999999999
1291 1295 0.145567
1295 1296 0.178626
1296 1297 13.326293999999999
1296 1298 13.411499
1295 1299 13.237018
1290 1300 13.771944
1289 1301 13.367014999999999
1286 1302 0.264802
1302 1303 14.077369000000001
1302 1304 15.331672
1251 1305 0.267428
1305 1306 0.335889
1306 1307 13.15503
1306 1308 14.713919
1305 1309 0.796789
1309 1310 12.716439
1309 1311 13.186072
1250 1312 0.29781199999999997
1312 1313 0.306418
1313 1314 13.304087
1313 1315 12.690688
1312 1316 13.155426
1245 1317 0.477932
1317 1318 0.318429
1318 1319 12.125079
1318 1320 0.310579
1320 1321 0.402107
1321 1322 9.916038
1321 1323 10.942488
1320 1324 0.596404
1324 1325 10.138584
1324 1326 9.792844
1317 1327 0.36907900000000005
1327 1328 0.802513
1328 1329 11.495998
1328 1330 11.612074
1327 1331 4.940267
1331 1332 7.446746999999999
1331 1333 8.210594
1226 1334 0.101684
1334 1335 0.31243
1335 1336 11.730444
1335 1337 12.354848
1334 1338 12.226014000000001
425 1339 0.23831
1339 1340 10.588353
1340 1341 1.963928
1340 1342 1.896708
1339 1343 11.701101999999999
416 1344 0.076832
1344 1345 0.240439
1345 1346 12.285158000000001
1345 1347 12.430146
1344 1348 0.17679499999999998
1348 1349 13.843442
1348 1350 0.21768600000000002
1350 1351 13.211407
1350 1352 0.079725
1352 1353 12.675405000000001
1352 1354 0.300169
1354 1355 14.045661
1354 1356 0.297832
1356 1357 0.07918
1357 1358 0.40649299999999994
1358 1359 13.93538
1358 1360 14.028747
1357 1361 14.583603
1356 1362 13.256455
415 1363 0.082217
1363 1364 0.20312400000000003
1364 1365 0.6044940000000001
1365 1366 12.564723
1365 1367 12.878497
1364 1368 14.069359
1363 1369 0.23990999999999998
1369 1370 12.541155000000002
1369 1371 13.453619999999999
404 1372 0.189885
1372 1373 0.060700000000000004
1373 1374 14.498422999999999
1373 1375 0.284725
1375 1376 13.126607000000002
1375 1377 13.331527000000001
1372 1378 0.186522
1378 1379 13.027169999999998
1378 1380 13.617265
403 1381 0.230264
1381 1382 0.22739
1382 1383 0.185289
1383 1384 0.40483
1384 1385 13.928999000000001
1384 1386 14.130448000000001
1383 1387 13.911997000000001
1382 1388 0.23511100000000001
1388 1389 0.36337
1389 1390 0.174295
1390 1391 14.539874999999999
1390 1392 0.20242900000000003
1392 1393 0.323433
1393 1394 15.222377000000002
1393 1395 14.675601999999998
1392 1396 0.224047
1396 1397 0.493448
1397 1398 16.044395
1397 1399 0.7247680000000001
1399 1400 15.122454
1399 1401 0.652576
1401 1402 17.616722000000003
1401 1403 0.29534499999999997
1403 1404 17.322947
1403 1405 0.334222
1405 1406 17.996686
1405 1407 0.572371
1407 1408 20.148347
1407 1409 1.187859
1409 1410 18.341841
1409 1411 17.189653
1396 1412 0.33315300000000003
1412 1413 0.8241850000000001
1413 1414 15.433879000000001
1413 1415 15.35359
1412 1416 0.146821
1416 1417 0.157307
1417 1418 0.041860999999999995
1418 1419 0.342911
1419 1420 0.20216399999999998
1420 1421 0.10708300000000001
1421 1422 0.279086
1422 1423 0.314942
1423 1424 0.500209
1424 1425 16.552495
1424 1426 14.634238
1423 1427 15.401929
1422 1428 0.283183
1428 1429 15.04105
1428 1430 15.152073999999999
1421 1431 0.280357
1431 1432 0.27819099999999997
1432 1433 0.905044
1433 1434 15.606402
1433 1435 16.386235
1432 1436 16.167596
1431 1437 16.073366
1420 1438 0.303025
1438 1439 0.4985
1439 1440 16.604132
1439 1441 16.822993
1438 1442 0.593545
1442 1443 0.693139
1443 1444 16.907132999999998
1443 1445 0.5237539999999999
1445 1446 16.350652
1445 1447 15.641985
1442 1448 0.262789
1448 1449 0.376093
1449 1450 19.187826
1449 1451 0.38639199999999996
1451 1452 0.525548
1452 1453 18.124517
1452 1454 18.484322
1451 1455 19.094666
1448 1456 0.077404
1456 1457 17.658475000000003
1456 1458 17.128959
1419 1459 0.832682
1459 1460 0.934636
1460 1461 19.458703999999997
1460 1462 16.825133
1459 1463 17.380998
1418 1464 15.751597
1417 1465 0.529266
1465 1466 0.5251429999999999
1466 1467 0.369975
1467 1468 16.318949999999997
1467 1469 16.387043000000002
1466 1470 16.964115
1465 1471 15.286156
1416 1472 0.464
1472 1473 15.583048
1472 1474 15.104986
1389 1475 13.791321
1388 1476 14.072125
1381 1477 13.587674
400 1478 0.679771
1478 1479 13.009348000000001
1478 1480 14.291503
399 1481 0.238521
1481 1482 0.554334
1482 1483 13.597971000000001
1482 1484 14.461476000000001
1481 1485 14.341541
398 1486 0.232797
1486 1487 0.17361
1487 1488 15.934699
1487 1489 0.445349
1489 1490 13.669946
1489 1491 0.454038
1491 1492 13.422762999999998
1491 1493 13.783897
1486 1494 0.703708
1494 1495 13.409230999999998
1494 1496 13.422057
397 1497 0.248308
1497 1498 0.185975
1498 1499 0.133799
1499 1500 16.842050999999998
1499 1501 0.20233299999999999
1501 1502 0.138397
1502 1503 15.172435
1502 1504 16.014297
1501 1505 0.19797
1505 1506 0.177361
1506 1507 13.742876
1506 1508 15.277664
1505 1509 0.183679
1509 1510 0.45365300000000003
1510 1511 15.033738
1510 1512 15.356898999999999
1509 1513 0.498177
1513 1514 14.768123
1513 1515 13.674033
1498 1516 0.08505700000000001
1516 1517 0.675209
1517 1518 14.179200999999999
1517 1519 15.132495000000002
1516 1520 15.407604999999998
1497 1521 0.056171
1521 1522 0.227875
1522 1523 0.136219
1523 1524 0.322654
1524 1525 0.525687
1525 1526 0.945754
1526 1527 0.28752500000000003
1527 1528 0.580075
1528 1529 17.598327
1528 1530 0.615851
1530 1531 1.009352
1531 1532 19.598879999999998
1531 1533 1.019281
1533 1534 22.348934
1533 1535 19.797261
1530 1536 19.281321000000002
1527 1537 17.081312
1526 1538 0.700019
1538 1539 0.20221000000000003
1539 1540 16.035754
1539 1541 0.610655
1541 1542 14.93073
1541 1543 15.459906
1538 1544 17.407834
1525 1545 16.563676
1524 1546 16.842349000000002
1523 1547 0.37096
1547 1548 15.917352000000001
1547 1549 16.278315
1522 1550 0.347325
1550 1551 15.261875
1550 1552 15.326876
1521 1553 14.98099
396 1554 0.350557
1554 1555 15.162607
1554 1556 17.03306
395 1557 16.744801000000002
394 1558 0.76825
1558 1559 0.5868329999999999
1559 1560 15.718583
1559 1561 4.724423
1561 1562 11.653042
1561 1563 12.791473
1558 1564 16.510931
379 1565 0.514751
1565 1566 18.105684999999998
1565 1567 17.425809
378 1568 15.827561000000001
373 1569 0.577604
1569 1570 0.09715900000000001
1570 1571 0.29418500000000003
1571 1572 17.354634
1571 1573 0.445153
1573 1574 16.149377
1573 1575 16.249948
1570 1576 18.695387999999998
1569 1577 0.577466
1577 1578 0.17461
1578 1579 3.893494
1579 1580 17.013861
1579 1581 13.475757999999999
1578 1582 0.389054
1582 1583 16.25976
1582 1584 0.242895
1584 1585 17.384884
1584 1586 17.191464
1577 1587 0.385105
1587 1588 17.267505
1587 1589 17.414303
372 1590 17.495039000000002
371 1591 17.779053
370 1592 0.361921
1592 1593 18.359267000000003
1592 1594 19.013991
337 1595 0.17361
1595 1596 0.120524
1596 1597 0.65647
1597 1598 18.452500999999998
1597 1599 0.39790600000000004
1599 1600 19.439690000000002
1599 1601 19.152283
1596 1602 0.335858
1602 1603 0.604958
1603 1604 19.244628
1603 1605 20.247392
1602 1606 0.167581
1606 1607 0.510137
1607 1608 19.05847
1607 1609 0.5189199999999999
1609 1610 19.113602
1609 1611 20.03953
1606 1612 0.32057
1612 1613 0.371064
1613 1614 21.154382
1613 1615 20.757002
1612 1616 19.306942
1595 1617 0.401002
1617 1618 3.168538
1618 1619 15.696871000000002
1618 1620 16.194485
1617 1621 20.038916
224 1622 0.266098
1622 1623 0.27042
1623 1624 22.76014
1623 1625 20.691575
1622 1626 0.42277800000000004
1626 1627 20.326226
1626 1628 21.702466
223 1629 0.7487630000000001
1629 1630 1.259954
1630 1631 0.23025099999999998
1631 1632 25.196042000000002
1631 1633 23.469609
1630 1634 28.479656
1629 1635 0.47558599999999995
1635 1636 0.555905
1636 1637 0.595071
1637 1638 25.973845
1637 1639 24.120763
1636 1640 24.848594
1635 1641 0.614638
1641 1642 24.665445
1641 1643 22.724621
216 1644 0.19186699999999998
1644 1645 0.33957000000000004
1645 1646 21.812777999999998
1645 1647 21.04255
1644 1648 21.386885
213 1649 0.37472500000000003
1649 1650 23.603886
1649 1651 22.90625
212 1652 0.278363
1652 1653 0.22142199999999998
1653 1654 0.8593339999999999
1654 1655 27.52405
1654 1656 24.29524
1653 1657 24.007121
1652 1658 0.9326380000000001
1658 1659 0.418547
1659 1660 1.424819
1660 1661 20.96728
1660 1662 21.650883
1659 1663 0.494248
1663 1664 0.190706
1664 1665 22.018905999999998
1664 1666 21.672763
1663 1667 0.709871
1667 1668 1.050393
1668 1669 20.271093
1668 1670 20.018138999999998
1667 1671 0.6950770000000001
1671 1672 20.385434
1671 1673 0.848782
1673 1674 0.6381429999999999
1674 1675 18.756391999999998
1674 1676 20.509520000000002
1673 1677 0.09989300000000001
1677 1678 19.68617
1677 1679 18.127762999999998
1658 1680 21.885868
181 1681 0.41895400000000005
1681 1682 0.319814
1682 1683 0.5677289999999999
1683 1684 26.35828
1683 1685 25.999704
1682 1686 26.495136000000002
1681 1687 0.9005519999999999
1687 1688 25.452826
1687 1689 26.905158
164 1690 0.273571
1690 1691 0.278078
1691 1692 1.119828
1692 1693 28.935937
1692 1694 29.464664000000003
1691 1695 0.33132700000000004
1695 1696 0.322681
1696 1697 0.513652
1697 1698 26.910834
1697 1699 0.365359
1699 1700 26.907845000000002
1699 1701 27.366127000000002
1696 1702 0.455201
1702 1703 0.542706
1703 1704 26.890347
1703 1705 30.062509
1702 1706 27.955934999999997
1695 1707 0.734619
1707 1708 27.948576000000003
1707 1709 1.2503520000000001
1709 1710 28.967989
1709 1711 31.056371
1690 1712 0.44957199999999997
1712 1713 0.90823
1713 1714 0.527459
1714 1715 32.932286
1714 1716 0.257815
1716 1717 28.989217
1716 1718 0.8795519999999999
1718 1719 0.366317
1719 1720 0.541388
1720 1721 0.48373
1721 1722 0.299305
1722 1723 28.687625999999998
1722 1724 28.696761
1721 1725 27.675508999999998
1720 1726 1.234809
1726 1727 30.070345
1726 1728 28.476504000000002
1719 1729 0.251733
1729 1730 0.9135570000000001
1730 1731 27.68141
1730 1732 0.180182
1732 1733 0.7252879999999999
1733 1734 0.432641
1734 1735 26.738856
1734 1736 31.515767
1733 1737 27.924491
1732 1738 0.563508
1738 1739 1.074727
1739 1740 11.000504
1740 1741 20.896031
1740 1742 18.822836000000002
1739 1743 24.825266000000003
1738 1744 0.743277
1744 1745 0.386551
1745 1746 0.981801
1746 1747 0.49325899999999995
1747 1748 5.342437
1748 1749 92.106416
1748 1750 21.764153999999998
1747 1751 23.516709
1746 1752 24.264701
1745 1753 0.30749699999999996
1753 1754 0.20037700000000003
1754 1755 0.40890299999999996
1755 1756 1.007508
1756 1757 26.611128
1756 1758 25.882127999999998
1755 1759 22.840472000000002
1754 1760 0.15286
1760 1761 0.910182
1761 1762 24.072894
1761 1763 25.109211
1760 1764 24.596246
1753 1765 0.688551
1765 1766 0.181404
1766 1767 0.132651
1767 1768 0.22968799999999998
1768 1769 0.6676030000000001
1769 1770 20.911932
1769 1771 22.659658999999998
1768 1772 0.380277
1772 1773 22.159292999999998
1772 1774 0.537785
1774 1775 22.565364
1774 1776 23.570875
1767 1777 0.7743049999999999
1777 1778 21.743683
1777 1779 0.28004100000000004
1779 1780 0.559438
1780 1781 0.5077670000000001
1781 1782 20.847027
1781 1783 23.448066
1780 1784 19.504931
1779 1785 0.933766
1785 1786 0.12500899999999998
1786 1787 21.72794
1786 1788 22.446061
1785 1789 20.052276
1766 1790 0.484172
1790 1791 22.919967
1790 1792 24.850464
1765 1793 0.45987500000000003
1793 1794 0.22062
1794 1795 22.299127
1794 1796 21.874874
1793 1797 23.395052999999997
1744 1798 25.40385
1729 1799 0.6009
1799 1800 26.160228000000004
1799 1801 27.013019999999997
1718 1802 27.974908999999997
1713 1803 30.332654999999995
1712 1804 0.594522
1804 1805 26.381787000000003
1804 1806 26.518735999999997
163 1807 0.321091
1807 1808 26.636867
1807 1809 0.184514
1809 1810 0.897071
1810 1811 25.714505999999997
1810 1812 0.544128
1812 1813 30.621397
1812 1814 28.365826
1809 1815 0.689557
1815 1816 30.669459
1815 1817 26.140079999999998
162 1818 0.455193
1818 1819 28.620876
1818 1820 1.082076
1820 1821 28.753933999999997
1820 1822 27.912550000000003
157 1823 0.171627
1823 1824 28.668631
1823 1825 0.144597
1825 1826 28.856102
1825 1827 0.154484
1827 1828 0.701662
1828 1829 0.57349
1829 1830 27.339063000000003
1829 1831 0.145944
1831 1832 26.003736999999997
1831 1833 27.443213999999998
1828 1834 1.196925
1834 1835 26.870346
1834 1836 27.265169
1827 1837 0.683218
1837 1838 27.311818
1837 1839 27.658196
156 1840 0.6838839999999999
1840 1841 0.384666
1841 1842 28.51057
1841 1843 28.298969000000003
1840 1844 29.246759
155 1845 0.377417
1845 1846 0.143447
1846 1847 0.960014
1847 1848 30.693702000000002
1847 1849 29.929421
1846 1850 0.600221
1850 1851 0.68302
1851 1852 31.601351
1851 1853 39.251787
1850 1854 0.450627
1854 1855 33.207367
1854 1856 34.148025
1845 1857 33.442941
154 1858 0.5457799999999999
1858 1859 0.229574
1859 1860 35.078134999999996
1859 1861 0.703041
1861 1862 29.284812
1861 1863 28.099574
1858 1864 32.488561
153 1865 0.629752
1865 1866 0.769421
1866 1867 33.422402
1866 1868 35.580507
1865 1869 0.935913
1869 1870 34.082715
1869 1871 35.420806999999996
142 1872 32.546891
141 1873 1.588856
1873 1874 42.797922
1873 1875 32.594188
140 1876 0.8529739999999999
1876 1877 0.353947
1877 1878 34.419955
1877 1879 32.609789
1876 1880 39.052434000000005
99 1881 0.298964
1881 1882 1.521655
1882 1883 38.898934000000004
1882 1884 37.032505
1881 1885 1.3082909999999999
1885 1886 0.556507
1886 1887 2.439238
1887 1888 32.998408
1887 1889 37.17724
1886 1890 0.299371
1890 1891 1.505715
1891 1892 0.868052
1892 1893 0.718978
1893 1894 30.594679000000003
1893 1895 30.783243
1892 1896 29.819025
1891 1897 35.795564
1890 1898 0.25965699999999997
1898 1899 1.223703
1899 1900 1.8958840000000001
1900 1901 0.41352300000000003
1901 1902 36.855796000000005
1901 1903 1.7156390000000001
1903 1904 36.210718
1903 1905 36.360036
1900 1906 42.859813
1899 1907 36.92322
1898 1908 1.1809530000000001
1908 1909 36.345076
1908 1910 37.44875
1885 1911 37.840728
14 1912 0.601946
1912 1913 43.873327
1912 1914 42.976195
13 1915 0.629122
1915 1916 1.211155
1916 1917 1.625528
1917 1918 1.493763
1918 1919 49.896473
1918 1920 43.917935
1917 1921 0.416946
1921 1922 2.0635939999999997
1922 1923 1.830969
1923 1924 34.926464
1924 1925 11.843393
1924 1926 12.962436
1923 1927 61.851246
1922 1928 2.3384720000000003
1928 1929 55.468454
1928 1930 71.11818
1921 1931 0.601112
1931 1932 0.762502
1932 1933 3.0718579999999998
1933 1934 8.441098
1934 1935 24.342552
1935 1936 38.158208
1935 1937 16.745901999999997
1937 1938 24.367188000000002
1937 1939 23.403244
1934 1940 1.5172750000000002
1940 1941 0.97041
1941 1942 61.566092
1941 1943 1.555027
1943 1944 56.276024
1943 1945 53.411051
1940 1946 67.711069
1933 1947 59.674924
1932 1948 49.727336
1931 1949 5.875643
1949 1950 41.679248
1949 1951 38.879270999999996
1916 1952 0.839253
1952 1953 1.938864
1953 1954 0.625306
1954 1955 39.53425
1954 1956 41.595962
1953 1957 45.877046
1952 1958 17.415762
1958 1959 28.392654
1958 1960 34.054012
1915 1961 45.608047
12 1962 1.481578
1962 1963 60.00322500000001
1962 1964 46.901539
7 1965 42.702855
4 1966 1.7265679999999999
1966 1967 0.946365
1967 1968 2.5173669999999997
1968 1969 61.742145
1968 1970 49.234550999999996
1967 1971 58.362766
1966 1972 2.238966
1972 1973 2.180771
1973 1974 2.4309469999999997
1974 1975 1.4404919999999999
1975 1976 53.768508000000004
1975 1977 64.734237
1974 1978 47.447104
1973 1979 1.499904
1979 1980 44.265769999999996
1979 1981 45.686399
1972 1982 3.6935750000000005
1982 1983 2.770635
1983 1984 1.546164
1984 1985 57.209655000000005
1984 1986 72.41123999999999
1983 1987 65.181777
1982 1988 61.48519099999999
3 1989 1.259528
1989 1990 48.249915
1989 1991 0.7951990000000001
1991 1992 53.199484
1991 1993 54.20564
2 1994 68.34830699999999
1 1995 1.6759110000000002
1995 1996 55.286148999999995
1995 1997 54.144894
1 1998 64.645963
