37744 6
43643 9
43674 11
18882 20
27294 21
43632 22
42476 24
9311 25
4242 26
12593 28
18731 34
43579 40
17622 43
42042 44
13375 45
10616 48
33960 49
8694 50
31623 52
12861 53
45028 56
616 57
34208 58
33602 61
14662 62
36268 64
3852 66
33460 67
40688 69
39242 76
2675 77
6943 78
23915 79
32414 80
16200 82
23052 83
5799 85
28598 86
10423 90
24800 91
28480 93
38828 94
14546 96
14948 97
261 98
42679 104
24221 106
5034 107
29601 109
12304 110
12551 111
37623 114
16148 121
3779 122
38363 124
1474 125
43934 127
17317 129
16385 130
33729 132
9210 133
42509 134
34976 137
30188 138
5968 139
27789 146
28460 147
19246 148
1630 151
30595 152
9893 160
21371 161
22303 168
17133 169
6750 173
1882 174
6229 176
10130 177
2703 179
4202 180
76 185
411 186
17783 187
2314 191
44032 193
16432 195
22404 196
4318 198
15280 199
14945 203
9327 204
26957 207
11413 208
19853 210
23394 211
44803 215
39597 220
9033 221
2022 222
9447 228
34368 229
19323 236
18975 237
24264 239
18843 240
2896 242
26877 243
39956 248
33627 249
39535 254
37258 255
43844 257
44367 258
24356 260
7621 261
3639 264
5265 265
40750 268
10883 270
38465 271
37481 274
8649 275
17820 277
29191 278
26564 281
20172 282
26382 285
243 286
45344 287
28313 291
1029 292
22660 293
8348 297
29548 299
43281 300
23008 305
42103 306
32807 309
1876 310
43499 312
1133 313
2054 314
32125 315
19104 317
25440 318
28161 320
11266 321
15195 324
40842 325
1907 327
4404 328
13891 332
9927 333
31205 335
4499 336
6060 340
14740 344
17021 345
5909 347
25834 349
12492 350
16859 353
19983 354
25378 358
32829 359
39653 360
4162 362
24139 363
39921 366
24049 368
34319 369
38336 376
3978 377
26505 383
15909 384
31984 387
634 389
26109 391
14189 392
10202 393
31878 402
34565 407
36021 409
6629 410
8894 413
8215 414
20038 419
9001 420
830 423
36438 424
11656 431
33907 432
18367 434
4173 435
18962 437
13546 439
31698 441
30252 445
11470 446
27250 452
2351 453
18571 455
42621 458
20614 463
36070 465
37493 468
41529 469
11062 472
11670 473
14365 474
8194 475
18857 477
38551 478
17358 479
26541 481
640 482
17857 484
4117 485
18377 489
33262 490
11036 491
45092 492
16236 496
32626 497
23948 501
22662 502
29139 503
36866 504
223 507
15738 508
31574 510
29977 512
9859 514
1349 516
31813 517
40268 518
28095 523
33657 524
6957 526
17474 527
20503 529
15245 531
19935 532
10036 539
32127 540
780 543
32566 544
21171 545
12186 550
33624 553
31400 554
15758 560
31468 561
20850 562
32718 563
8236 564
19562 565
37634 566
25826 568
30473 574
1016 579
42017 580
39411 582
45367 583
35359 585
16064 586
22534 589
20341 590
3695 591
32887 593
4558 595
13639 596
30765 598
19347 599
8667 602
23112 603
28770 605
17933 606
4372 609
30753 610
19863 613
37875 614
13717 617
23086 618
43725 623
1640 624
27436 625
8630 629
43226 630
3169 635
22469 636
5544 639
43067 641
9195 642
3659 643
2111 647
29350 655
28743 656
8848 657
23748 662
6499 663
16932 665
21703 666
31880 671
31385 673
11104 674
7810 679
2627 680
11461 683
33320 684
38110 693
39396 695
25714 696
37440 699
31367 703
20814 705
20858 706
34385 708
1093 710
3600 714
20074 716
17122 717
39065 718
773 719
37353 726
9376 728
43341 729
3654 731
15555 732
18656 738
12561 739
37607 741
40726 743
6225 744
24487 745
22544 747
41477 748
13673 749
33411 754
28330 755
26774 762
4156 763
3309 765
19635 766
15436 769
34555 773
19011 777
11742 778
43048 780
44976 781
29481 783
19526 784
37271 785
38597 786
15441 787
19239 788
6390 790
36618 792
43536 793
22285 794
27815 799
1702 800
37233 801
21407 803
4705 804
16391 805
27059 807
40429 814
12478 816
44320 822
42331 824
39596 825
27931 827
41032 828
4347 831
23515 832
20872 834
2076 838
9336 841
6471 842
34638 843
19931 846
5600 849
22550 851
33336 854
6991 856
20541 857
14947 858
18685 859
18946 860
12007 862
38700 865
19569 867
10051 868
4384 869
27404 870
16067 871
14315 877
11831 879
4701 881
17367 882
31722 883
15457 884
4511 885
1870 886
30841 888
30500 889
26300 890
6601 891
36795 894
42489 896
39067 897
29694 899
15040 900
10968 904
26615 905
10898 906
30219 907
9141 909
27562 911
36682 914
12462 916
40613 921
29365 922
43828 923
35280 924
24876 930
33644 932
43255 933
41266 934
3118 936
1477 938
35170 939
21766 941
35355 943
40264 945
15171 946
28953 950
16995 951
27226 952
42499 955
19030 956
7764 957
4281 958
20278 959
35099 960
40763 961
18927 965
14476 966
39706 968
13215 969
36591 972
9714 973
29687 974
3925 977
5253 978
36215 979
25053 980
40566 981
42013 987
16284 988
5946 989
31099 990
28416 993
22781 994
6029 995
31963 996
11978 1000
2320 1001
34675 1004
1259 1006
21012 1007
44512 1009
24723 1011
34635 1012
28507 1014
38527 1016
10774 1017
29892 1018
40695 1020
31831 1023
27960 1024
15503 1026
30517 1027
26167 1030
17733 1031
42875 1032
933 1033
22437 1035
24067 1037
18691 1041
3731 1047
30817 1048
41081 1049
15187 1052
29246 1053
16110 1057
1933 1058
39968 1060
20698 1061
14282 1063
2830 1064
45336 1069
25369 1071
4986 1072
16850 1074
22852 1075
14967 1076
26473 1078
10943 1079
31486 1082
4166 1084
35012 1086
36137 1087
28338 1089
20934 1090
38686 1091
8464 1092
33413 1094
25674 1095
12474 1096
12030 1099
32680 1100
5560 1103
45025 1106
40905 1107
38557 1113
23197 1114
5165 1115
40220 1116
36511 1117
23261 1118
26829 1119
44562 1121
25943 1123
28672 1126
43263 1127
12115 1129
36208 1130
9537 1131
31693 1133
43732 1134
45067 1138
32644 1139
28595 1141
13462 1142
3176 1144
41104 1146
31065 1151
14071 1152
39098 1156
16126 1159
21404 1161
25747 1162
18388 1165
39611 1166
24319 1167
39000 1172
3240 1174
36523 1175
26685 1176
20634 1179
13620 1180
13748 1181
18363 1183
13894 1185
3733 1187
23081 1189
37050 1194
23718 1196
33123 1197
37276 1198
7487 1199
9482 1201
29342 1202
31175 1204
902 1205
26178 1207
43993 1208
12178 1209
8885 1210
38707 1211
20812 1213
33696 1215
11243 1216
20409 1219
11078 1220
32976 1222
8881 1224
35856 1225
18290 1232
35303 1233
29863 1234
23567 1237
3358 1238
21422 1240
30485 1241
6285 1243
25315 1244
38135 1248
45146 1249
17663 1257
34600 1261
37342 1262
22919 1265
41146 1268
7190 1269
17201 1271
6393 1272
40305 1273
13563 1274
42243 1277
30888 1279
7747 1280
7514 1282
29184 1283
16614 1284
6892 1285
33740 1288
21279 1293
1402 1294
4226 1297
38070 1298
43640 1299
39724 1300
45239 1301
10683 1303
18320 1304
18506 1307
44971 1308
12761 1310
28493 1311
27463 1314
42608 1315
18497 1316
33461 1319
28962 1322
2336 1323
16831 1325
10500 1326
21241 1329
12172 1330
38203 1332
4793 1333
32646 1336
16487 1337
16660 1338
31257 1341
11740 1342
32546 1343
8946 1346
28134 1347
11385 1349
39716 1351
3772 1353
35906 1355
40047 1359
26091 1360
39674 1361
34726 1362
4232 1366
22677 1367
35294 1368
25341 1370
13961 1371
31645 1374
9136 1376
40488 1377
18441 1379
22760 1380
2313 1385
4268 1386
8775 1387
4017 1391
20958 1394
34418 1395
2714 1398
8071 1400
22035 1402
22206 1404
1297 1406
10454 1408
17234 1410
39395 1411
35807 1414
22917 1415
13609 1425
18709 1426
11696 1427
23211 1429
35613 1430
27745 1434
39008 1435
927 1436
38441 1437
13156 1440
20641 1441
34403 1444
4644 1446
33184 1447
16856 1450
21907 1453
30648 1454
26843 1455
41809 1457
14706 1458
11544 1461
11524 1462
22886 1463
22028 1464
8461 1468
6484 1469
15063 1470
15797 1471
24448 1473
12234 1474
18299 1475
7614 1476
17250 1477
11609 1479
18167 1480
31235 1483
33981 1484
18986 1485
3811 1488
10037 1490
40128 1492
26469 1493
15361 1495
32149 1496
34138 1500
313 1503
39310 1504
31605 1507
29618 1508
29154 1511
31232 1512
31907 1514
23214 1515
16567 1518
42298 1519
34281 1520
4394 1529
11176 1532
20267 1534
3874 1535
22128 1536
13227 1537
17345 1540
28522 1542
21642 1543
3929 1544
7238 1545
9040 1546
40601 1548
11570 1549
29966 1551
12052 1552
5843 1553
42498 1555
7231 1556
11107 1557
19329 1560
39539 1562
35443 1563
3052 1564
24141 1566
8335 1567
11497 1568
37842 1572
26986 1574
29477 1575
40477 1576
20305 1580
36627 1581
26296 1583
26212 1585
28433 1586
13504 1588
15943 1589
30974 1590
20384 1591
7602 1593
38103 1594
43733 1598
3914 1600
15839 1601
29554 1604
1295 1605
12887 1608
40483 1610
41089 1611
16144 1614
25528 1615
38322 1616
13029 1619
37974 1620
16605 1621
35819 1624
1201 1625
26058 1627
25753 1628
31910 1632
35621 1633
23220 1634
37794 1638
16609 1639
33620 1640
24714 1642
5971 1643
45268 1646
22864 1647
43097 1648
30341 1650
14972 1651
38051 1655
23709 1656
27201 1657
8672 1661
4326 1662
3217 1665
16094 1666
17521 1669
11156 1670
6598 1672
34063 1675
39854 1676
45087 1678
38105 1679
34031 1680
8429 1684
21179 1685
9585 1686
40233 1688
34569 1689
18282 1693
40285 1694
6206 1698
33348 1700
5270 1701
15295 1704
11443 1705
17206 1706
40120 1708
21521 1710
38500 1711
7654 1715
16694 1717
3474 1723
1431 1724
17953 1725
19989 1727
10090 1728
26150 1731
23143 1735
22523 1736
42316 1737
5608 1741
44974 1742
27668 1743
41300 1749
14773 1750
35875 1751
12099 1752
7148 1757
32692 1758
1267 1759
232 1762
20521 1763
19600 1764
5228 1770
4730 1771
24546 1773
29800 1775
39297 1776
25837 1778
31580 1782
26377 1783
11044 1784
11689 1787
27806 1788
31102 1789
39325 1791
2534 1792
1415 1795
16726 1796
2819 1797
17285 1798
15971 1800
41528 1801
3864 1802
5122 1803
32579 1805
5537 1806
41502 1808
18650 1811
9652 1813
22102 1814
17257 1816
22517 1817
45115 1819
12483 1821
11718 1822
7805 1824
34243 1826
21167 1830
23893 1832
15778 1833
21728 1835
41127 1836
14561 1838
41551 1839
23788 1842
40122 1843
4831 1844
1356 1848
3589 1849
23182 1852
36633 1853
40589 1855
5095 1856
7371 1857
19522 1860
15423 1862
21799 1863
22365 1864
33349 1867
38970 1868
39037 1870
27541 1871
23370 1872
15589 1874
41769 1875
7929 1878
28996 1879
12273 1880
24286 1883
35644 1884
26358 1888
41603 1889
8598 1894
24255 1895
36360 1896
25252 1897
40635 1902
19634 1904
36391 1905
23627 1906
8067 1907
11551 1909
37022 1910
27870 1911
6941 1913
4847 1914
14242 1919
15439 1920
40778 1925
40676 1926
37252 1927
33077 1929
33110 1930
10189 1936
24134 1938
6894 1939
18575 1942
34866 1944
43633 1945
19744 1946
15567 1947
30060 1948
8313 1950
21210 1951
36029 1955
34548 1956
30775 1957
9186 1959
44628 1960
32828 1961
9568 1963
19535 1964
14061 1965
37166 1969
4605 1970
34144 1971
38469 1976
14362 1977
29326 1978
20895 1980
35941 1981
39020 1985
2941 1986
38674 1987
37460 1988
5796 1990
20283 1992
21481 1993
29486 1994
5217 1996
35523 1997
20910 1998
