1 2 0.893655
2 3 0.710724
3 4 1.4988190000000001
4 5 0.332305
5 6 0.473668
6 7 0.9273929999999999
7 8 14.454399
7 9 14.510817000000001
6 10 16.632762
5 11 16.314903
4 12 17.919099
3 13 1
13 14 0.347418
14 15 1
15 16 3.5898649999999996
16 17 6.582618
17 18 9.865490000000001
17 19 9.054604
16 20 1
20 21 7.520913
21 22 9.066822
22 23 0.164786
22 24 0.170626
21 25 8.25927
25 26 0.30301500000000003
25 27 0.273364
20 28 20.60811
15 29 0.32198499999999997
29 30 3.513853
30 31 5.405333
31 32 9.206997999999999
31 33 9.645537
30 34 14.975659
29 35 0.443014
35 36 1
36 37 0.28220900000000004
37 38 0.257432
38 39 0.25880600000000004
39 40 1
40 41 0.418708
41 42 1
42 43 0.28745200000000004
43 44 1
44 45 0.039509
45 46 0.043485
46 47 0.753491
47 48 18.205739
47 49 15.202419
46 50 0.9608059999999999
50 51 14.126868
50 52 13.656346999999998
45 53 0.212747
53 54 1
54 55 0.758437
55 56 1
56 57 1
57 58 0.394419
58 59 0.131711
59 60 0.276143
60 61 14.064324000000001
60 62 16.02404
59 63 0.21941500000000003
63 64 15.653955
63 65 3.7704370000000003
65 66 3.269683
66 67 2.14962
67 68 4.575305999999999
67 69 4.717388
66 70 7.2968969999999995
65 71 13.138664
58 72 0.678993
72 73 15.453106
72 74 14.959767
57 75 0.5696869999999999
75 76 0.327248
76 77 18.177294999999997
76 78 14.21723
75 79 13.654458
56 80 0.164238
80 81 0.023888
81 82 0.160831
82 83 4.3182089999999995
83 84 1
84 85 3.656476
85 86 5.897203
86 87 11.182337
86 88 9.26485
88 89 3.122344
88 90 3.3895679999999997
85 91 2.75949
91 92 5.568842
91 93 6.533907999999999
84 94 16.805469000000002
83 95 1.0325980000000001
95 96 10.879322
95 97 0.6491549999999999
97 98 2.369022
98 99 8.236374
98 100 2.246381
100 101 6.472435999999999
100 102 7.028787
97 103 11.319733
82 104 15.340561999999998
81 105 0.040057999999999996
105 106 0.112496
106 107 0.356253
107 108 0.067701
108 109 1
109 110 0.076527
110 111 0.252166
111 112 13.875485000000001
111 113 0.01871
113 114 0.047303
114 115 0.488929
115 116 0.16323
116 117 0.989289
117 118 2.57322
118 119 0.53216
119 120 10.613868
119 121 3.918589
121 122 6.724875
121 123 6.530627999999999
118 124 2.667549
124 125 4.575378
125 126 3.731375
125 127 3.4898
124 128 7.544009
117 129 2.867562
129 130 12.096766
129 131 2.766426
131 132 9.001061
131 133 7.729467
116 134 2.191377
134 135 13.370990999999998
134 136 12.414057
115 137 0.078295
137 138 11.787411
137 139 0.100478
139 140 0.42252899999999993
140 141 4.687865
141 142 4.1891549999999995
142 143 3.64716
142 144 3.628966
141 145 7.520172
140 146 4.191282999999999
146 147 7.435977
146 148 8.006442
139 149 2.893257
149 150 8.928137999999999
149 151 9.119642
114 152 0.08072599999999999
152 153 1.7409020000000002
153 154 2.352131
154 155 12.357039
154 156 8.14925
156 157 1.675042
156 158 1.6816520000000001
153 159 1
159 160 11.506539
159 161 2.474081
161 162 8.970244
161 163 1.3149710000000001
163 164 8.325948
163 165 0.084815
165 166 8.214101999999999
165 167 1.33118
167 168 5.582653
168 169 1.0908309999999999
168 170 1.055644
167 171 7.15453
152 172 0.032824
172 173 0.17203
173 174 0.0009109999999999999
174 175 14.187823999999999
174 176 0.043533999999999996
176 177 0.5374519999999999
177 178 1.5267789999999999
178 179 11.713690999999999
178 180 10.828842
177 181 3.189095
181 182 9.814530000000001
181 183 9.240915
176 184 0.07718900000000001
184 185 0.042318
185 186 0.095396
186 187 0.038282000000000004
187 188 0.14952800000000002
188 189 0.065196
189 190 0.021803
190 191 1
191 192 0.076509
192 193 1
193 194 0.074782
194 195 0.9924350000000001
195 196 11.870207
195 197 1.532856
197 198 10.091089
197 199 9.78299
194 200 0.245128
200 201 5.7171449999999995
201 202 6.3191880000000005
201 203 6.326656999999999
200 204 0.13575099999999998
204 205 0.07220800000000001
205 206 2.135604
206 207 5.643419000000001
207 208 4.606186999999999
207 209 4.458697
206 210 9.975556
205 211 0.017854000000000002
211 212 1
212 213 0.10766599999999998
213 214 0.692004
214 215 12.031944
214 216 0.528696
216 217 11.53281
216 218 33.842621
213 219 1
219 220 1.878175
220 221 12.320929999999999
220 222 12.04308
219 223 0.219302
223 224 0.022248999999999998
224 225 0.43389099999999997
225 226 10.64199
225 227 10.692185
224 228 0.088453
228 229 0.129969
229 230 0.726971
230 231 1
231 232 1
232 233 0.14524
233 234 2.2279009999999997
234 235 1.499347
235 236 7.912236
235 237 7.849531999999999
234 238 8.969197
233 239 0.23966600000000002
239 240 1
240 241 0.686552
241 242 0.052244
242 243 1.58804
243 244 9.967782
243 245 9.837646
242 246 3.5612530000000002
246 247 2.1294649999999997
247 248 1.6171189999999998
248 249 3.686068
249 250 4.681721
249 251 5.648034
248 252 0.566046
252 253 7.2692049999999995
252 254 5.558845
247 255 8.890668999999999
246 256 0.471872
256 257 4.329032
257 258 5.876062
258 259 0.445561
259 260 0.779496
259 261 0.723236
258 262 0.591967
262 263 0.549388
262 264 0.176206
264 265 0.369435
264 266 0.35208100000000003
257 267 1
267 268 1.144387
268 269 3.072395
268 270 2.472852
267 271 2.678079
271 272 1.47316
272 273 0.052076
273 274 0.589746
274 275 0.9061100000000001
274 276 0.9422379999999999
273 277 0.455399
277 278 0.259895
278 279 0.664833
278 280 0.690496
277 281 0.503378
281 282 0.41269799999999995
281 283 0.40581
272 284 0.36911299999999997
284 285 1.2197390000000001
285 286 0.025992
285 287 0.021786
284 288 0.533724
288 289 0.125553
289 290 0.42669500000000005
290 291 0.106945
290 292 0.084536
292 293 0.024742999999999998
292 294 0.023035
289 295 0.278447
295 296 0.129601
296 297 0.10048900000000001
297 298 1
298 299 1
298 300 1
297 301 1
296 302 0.07555100000000001
302 303 0.023069
303 304 1
304 305 1
305 306 1
306 307 1
306 308 1
305 309 1
304 310 1
303 311 1
302 312 0.024709
295 313 0.20840899999999998
313 314 0.044759
313 315 0.050844
288 316 0.601245
316 317 0.070515
317 318 1
317 319 1
316 320 0.061051
320 321 0.023895
320 322 0.023882999999999998
322 323 1
323 324 1
323 325 1
322 326 1
271 327 0.199132
327 328 0.344408
328 329 0.18873399999999999
329 330 1.557672
329 331 1.5445280000000001
328 332 1.7701879999999999
327 333 0.9161499999999999
333 334 0.34972200000000003
334 335 0.8082
335 336 0.372877
335 337 0.397111
334 338 1.05307
333 339 1.40431
256 340 4.189835
340 341 0.966301
341 342 4.119283
341 343 5.225219
343 344 0.11910899999999999
343 345 0.120242
340 346 9.648537
346 347 0.022132
346 348 0.025646000000000002
241 349 1
349 350 0.208989
350 351 10.319961
350 352 10.943878
349 353 0.06465699999999999
353 354 0.325955
354 355 0.21663300000000002
355 356 1
356 357 0.195962
357 358 1
358 359 0.25187299999999996
359 360 1
360 361 0.17309
361 362 0.201405
362 363 1
363 364 0.25276
364 365 9.809196
364 366 3.4210490000000005
366 367 6.512759999999999
366 368 7.050061
363 369 0.09770200000000001
369 370 1
370 371 0.500425
371 372 0.150252
372 373 0.387882
373 374 8.939555
373 375 8.577764
372 376 9.740927000000001
371 377 1
377 378 10.814105999999999
377 379 0.449518
379 380 0.06410199999999999
380 381 0.181685
381 382 1
382 383 0.6061890000000001
383 384 1
384 385 8.66046
384 386 3.869458
386 387 4.415607
386 388 4.6492770000000005
383 389 0.22061899999999998
389 390 1
390 391 1
391 392 0.152324
392 393 0.129288
393 394 0.08158399999999999
394 395 0.11257
395 396 0.13267299999999999
396 397 0.004123
397 398 0.160048
398 399 0.53723
399 400 1
400 401 0.141976
401 402 0.546021
402 403 0.530321
403 404 6.9330359999999995
403 405 6.75318
402 406 0.786073
406 407 6.1383920000000005
406 408 6.446847999999999
401 409 1
409 410 1
410 411 0.5694549999999999
411 412 7.816196000000001
411 413 7.498979
410 414 8.17909
409 415 1
415 416 0.034298999999999996
416 417 0.083714
417 418 0.237022
418 419 0.288032
419 420 1
420 421 0.606297
421 422 1
422 423 0.33725700000000003
423 424 0.043831
424 425 0.355749
425 426 1
426 427 0.158275
427 428 0.06516999999999999
428 429 0.149355
429 430 0.011553
430 431 6.915649
430 432 0.051369000000000005
432 433 0.13893899999999998
433 434 0.029810999999999997
434 435 0.10551300000000001
435 436 0.085087
436 437 6.294202
436 438 0.45290699999999995
438 439 0.223581
439 440 1
440 441 0.276124
441 442 0.08125199999999999
442 443 0.053292
443 444 0.089582
444 445 0.038028
445 446 0.02283
446 447 0.308566
447 448 0.048102000000000006
448 449 0.15301
449 450 0.08028199999999999
450 451 0.030463
451 452 0.451658
452 453 1
453 454 0.46662099999999995
454 455 1
455 456 0.041896
456 457 0.34223499999999996
457 458 0.083725
458 459 0.038521
459 460 0.029304999999999998
460 461 0.077877
461 462 0.352402
462 463 1
463 464 0.34220700000000004
464 465 0.049557
465 466 0.130969
466 467 0.028825999999999997
467 468 0.050394
468 469 0.004087
469 470 0.089317
470 471 0.161072
471 472 3.09651
471 473 0.372749
473 474 0.298612
474 475 0.035593
475 476 1.156921
476 477 1.357407
476 478 1.289855
475 479 2.430205
474 480 1.26255
480 481 1.253503
480 482 1.243007
473 483 0.027503
483 484 3.678451
484 485 1
484 486 1
483 487 1
487 488 0.740493
488 489 1
489 490 0.12884199999999998
490 491 0.096529
491 492 0.059661000000000006
492 493 0.130581
493 494 0.393524
494 495 1.013037
495 496 0.947371
495 497 0.372381
497 498 0.602611
497 499 0.6546879999999999
494 500 1
500 501 0.406961
501 502 0.09985599999999999
502 503 1.8620020000000002
502 504 1.9559719999999998
501 505 0.10605899999999999
505 506 0.135928
506 507 0.08194699999999999
507 508 0.095171
508 509 0.159298
509 510 0.12247499999999999
510 511 0.289431
511 512 0.5005769999999999
512 513 0.323675
513 514 0.366279
514 515 1
514 516 0.463827
516 517 6.685981000000001
516 518 2.038969
513 519 0.611959
512 520 0.544969
511 521 1.04815
510 522 1.2390109999999999
509 523 1.331283
508 524 1.916021
507 525 1.680429
506 526 1.7333919999999998
505 527 1.8986969999999999
500 528 6.12114
493 529 2.2572910000000004
492 530 2.45053
491 531 2.768164
490 532 2.772087
489 533 3.122946
488 534 1
534 535 2.333195
534 536 0.511572
536 537 1.818641
536 538 1.89647
487 539 3.1511440000000004
470 540 3.4240769999999996
469 541 3.367341
468 542 3.3702120000000004
467 543 3.622472
466 544 3.441371
465 545 3.698437
464 546 4.154608
463 547 4.006164999999999
462 548 0.046628
548 549 3.445707
548 550 0.719437
550 551 2.735494
550 552 0.196292
552 553 2.46754
552 554 2.706517
461 555 4.254789
460 556 4.168621
459 557 4.027364
458 558 4.034182
457 559 4.016218
456 560 5.22694
455 561 5.207076
454 562 1.351142
562 563 2.759086
562 564 3.53648
453 565 4.855202
452 566 0.286665
566 567 4.159211
566 568 4.284079999999999
451 569 4.761237
450 570 5.126348
449 571 5.112429000000001
448 572 5.744752999999999
447 573 5.226433
446 574 5.855589
445 575 5.9004769999999995
444 576 5.699896
443 577 5.888532
442 578 5.894066
441 579 5.828053
440 580 6.2059370000000005
439 581 0.801472
581 582 4.962846
581 583 4.961272
438 584 0.11782400000000001
584 585 5.644001
584 586 5.8020570000000005
435 587 6.532514000000001
434 588 6.709453
433 589 6.356234
432 590 6.772978
429 591 6.964658999999999
428 592 6.9363969999999995
427 593 7.292775
426 594 7.272546
425 595 0.689151
595 596 5.880987
595 597 6.341997000000001
424 598 7.182663
423 599 7.316839
422 600 7.568343
421 601 0.356216
601 602 6.9010489999999995
601 603 7.468677
420 604 0.306863
604 605 12.561671999999998
604 606 64.31835
419 607 0.554094
607 608 1.061573
608 609 0.348673
609 610 0.839062
610 611 1
611 612 1.505681
612 613 0.579717
613 614 1.039905
614 615 2.092972
614 616 0.99722
616 617 1.0454160000000001
616 618 1.551546
613 619 3.10269
612 620 2.254463
620 621 1.782104
621 622 1
621 623 1
620 624 1.7278930000000001
611 625 5.809034
610 626 1.1182130000000001
626 627 1.644997
627 628 1.517873
628 629 0.021821
628 630 0.025956999999999997
627 631 1.5664529999999999
631 632 0.100346
631 633 0.091042
626 634 1.090654
634 635 2.218726
634 636 2.0148260000000002
636 637 0.025164000000000002
636 638 0.022614
609 639 0.7903399999999999
639 640 0.221574
640 641 1.467193
641 642 2.5781289999999997
641 643 2.5959280000000002
640 644 3.971398
639 645 0.6532020000000001
645 646 1.346772
646 647 2.508244
646 648 0.573523
648 649 2.061842
648 650 1.8591989999999998
645 651 0.48591900000000005
651 652 3.2191280000000004
651 653 0.24220600000000003
653 654 2.8502650000000003
653 655 0.47846099999999997
655 656 2.35885
655 657 2.394182
608 658 0.9185850000000001
658 659 0.370555
659 660 4.8651420000000005
659 661 4.541815
658 662 3.054289
662 663 1.708463
662 664 1.7503819999999999
607 665 1.880648
665 666 2.2389840000000003
666 667 3.130724
666 668 2.467765
665 669 4.868583
418 670 7.910578999999999
417 671 7.919809999999999
416 672 0.12100999999999999
672 673 7.694507000000001
672 674 8.388384
415 675 0.584564
675 676 7.086447
675 677 7.283278999999999
400 678 0.07423
678 679 0.45753800000000006
679 680 7.308698
679 681 7.752828000000001
678 682 7.456972
399 683 3.54273
683 684 0.280505
684 685 0.657205
685 686 2.036808
686 687 0.8921870000000001
686 688 0.413748
688 689 0.39624100000000007
689 690 0.191027
689 691 0.192486
688 692 0.065089
692 693 0.513756
692 694 0.499298
685 695 3.027365
684 696 4.033042
683 697 0.075717
697 698 3.046199
698 699 1.182681
698 700 0.399814
700 701 0.086639
701 702 0.575361
701 703 0.584098
700 704 0.762758
697 705 2.7547390000000003
705 706 1.956499
705 707 2.016154
398 708 8.404238
397 709 8.136564
396 710 8.985257
395 711 8.300415
394 712 8.966074
393 713 9.219576
392 714 8.907076
391 715 9.763505
390 716 1.1899689999999998
716 717 12.890807
716 718 23.653779999999998
389 719 1.6341089999999998
719 720 0.435722
720 721 4.529757999999999
721 722 1.19944
721 723 1.4981710000000001
720 724 6.836341999999999
719 725 1.170611
725 726 5.081882
726 727 0.217064
726 728 0.214596
725 729 5.911488
382 730 10.816922
381 731 2.062739
731 732 7.333262
731 733 6.849237
380 734 0.126472
734 735 9.245462
734 736 9.607073
379 737 0.425161
737 738 8.511633
737 739 8.873817
370 740 9.954219
369 741 1.592092
741 742 8.028644
741 743 8.767046
362 744 0.11826300000000001
744 745 0.770643
745 746 9.524697999999999
745 747 9.260353
744 748 0.025701
748 749 9.490704
748 750 0.375208
750 751 9.279743
750 752 9.236144
361 753 0.14293
753 754 0.345145
754 755 9.151432
754 756 9.096511
753 757 10.132753999999998
360 758 9.89879
359 759 1
759 760 10.423176000000002
759 761 0.392823
761 762 0.195138
762 763 0.13378800000000002
763 764 9.813939000000001
763 765 9.173792
762 766 9.225843000000001
761 767 9.799392
358 768 0.202253
768 769 0.913683
769 770 9.033529
769 771 9.886566
768 772 10.611038
357 773 0.119814
773 774 8.570687000000001
774 775 0.8276300000000001
774 776 0.773609
773 777 0.206712
777 778 10.484061
777 779 9.321367
356 780 0.47758999999999996
780 781 9.501806
780 782 2.054949
782 783 7.867333
782 784 8.151191
355 785 0.293325
785 786 0.7545930000000001
786 787 0.076719
787 788 0.810723
788 789 7.56264
788 790 7.816122
787 791 1.546405
791 792 2.3711800000000003
792 793 4.680511
792 794 4.498158
791 795 7.430624
786 796 2.1195
796 797 1.559095
797 798 5.202004
797 799 5.185945
796 800 6.836678
785 801 9.612914
354 802 1
802 803 0.11059100000000001
803 804 0.187075
804 805 9.909912
804 806 10.170592000000001
803 807 0.830386
807 808 9.471074
807 809 11.233003
802 810 0.012038
810 811 0.331927
811 812 9.541547999999999
811 813 10.332531
810 814 0.230086
814 815 0.035901
815 816 9.710403
815 817 0.499476
817 818 9.665724
817 819 0.23390300000000003
819 820 9.239182999999999
819 821 8.941963
814 822 0.895051
822 823 8.695409
822 824 9.753378
353 825 1.416507
825 826 9.667132
825 827 8.781656
240 828 0.945824
828 829 3.288729
829 830 3.3194519999999996
830 831 3.2218400000000003
830 832 3.181789
829 833 6.796399
828 834 1.9859060000000002
834 835 8.399496
834 836 7.619028
239 837 0.647455
837 838 0.621792
838 839 9.981771
838 840 8.870763
837 841 4.364107
841 842 0.39286499999999996
842 843 0.585615
843 844 1.022721
844 845 4.0176110000000005
844 846 4.313425
843 847 4.944751
842 848 6.2146729999999994
841 849 1.930556
849 850 1.685722
850 851 2.467333
850 852 2.443187
849 853 0.6227360000000001
853 854 0.09937399999999999
854 855 3.409116
854 856 3.483534
853 857 3.648198
232 858 0.12129899999999999
858 859 10.91448
858 860 10.631196
231 861 0.833586
861 862 2.754266
862 863 8.182932
862 864 1.987906
864 865 5.398944
865 866 1.160434
865 867 0.986041
864 868 8.088177
861 869 0.432133
869 870 9.792162
869 871 2.8034860000000004
871 872 7.632135
871 873 6.925436
230 874 9.641579
874 875 1.419602
875 876 0.330682
876 877 1
877 878 1.7096630000000002
878 879 0.039443
879 880 1
880 881 0.58588
881 882 1
882 883 0.075351
883 884 0.463404
883 885 0.16430399999999998
885 886 0.328756
885 887 0.295955
882 888 0.56335
881 889 0.110465
889 890 0.094612
890 891 0.31729
890 892 0.091614
892 893 0.217977
892 894 0.213683
889 895 0.172765
895 896 0.238461
895 897 0.14556
897 898 0.070422
897 899 0.07305099999999999
880 900 0.963236
879 901 1
901 902 1.011925
901 903 0.6748109999999999
903 904 0.095869
904 905 0.288978
904 906 0.2874
903 907 0.177398
907 908 0.213693
907 909 0.074357
909 910 0.121381
909 911 0.11797
878 912 0.17318399999999998
912 913 0.136217
913 914 0.021793
914 915 0.45695600000000003
914 916 0.507391
913 917 0.209099
917 918 0.278598
917 919 0.29778
912 920 0.115271
920 921 0.5214479999999999
920 922 0.540361
877 923 2.272967
876 924 0.609668
924 925 0.313287
925 926 1.1032089999999999
925 927 0.844321
924 928 1
928 929 0.8535940000000001
929 930 0.47924200000000006
929 931 0.029503
931 932 0.036617000000000004
932 933 0.032708
933 934 0.361968
933 935 0.071358
935 936 0.290822
935 937 0.28555600000000003
932 938 0.1376
938 939 0.279364
938 940 0.248729
931 941 0.12664499999999998
941 942 0.286542
941 943 0.289836
928 944 0.8580030000000001
875 945 0.5375460000000001
945 946 0.413376
946 947 0.395967
947 948 0.115551
948 949 0.643642
948 950 0.174271
950 951 0.464833
950 952 0.186903
952 953 0.244307
952 954 0.235547
947 955 0.299689
955 956 0.23528999999999997
956 957 0.23071099999999997
956 958 0.069182
958 959 0.13117499999999999
958 960 0.060488999999999994
960 961 0.06745899999999999
960 962 0.076013
955 963 0.435666
946 964 0.8606259999999999
964 965 0.11869
965 966 0.231986
965 967 0.247867
964 968 0.36292199999999997
945 969 0.662783
969 970 0.733267
969 971 0.720283
874 972 0.99697
972 973 0.627539
973 974 0.290634
974 975 0.623429
975 976 1.009382
975 977 1.087284
974 978 1.9926320000000002
973 979 0.213731
979 980 0.588994
980 981 0.496532
981 982 0.380402
982 983 0.82535
982 984 0.21963299999999997
984 985 0.448947
984 986 0.46674000000000004
981 987 0.9920460000000001
980 988 1.630719
979 989 0.30430999999999997
989 990 0.774526
990 991 0.102829
991 992 0.808679
991 993 0.29249800000000004
993 994 0.294047
994 995 0.186804
994 996 0.196709
993 997 0.169079
997 998 0.462134
997 999 0.044299
999 1000 0.41909399999999997
999 1001 0.39941400000000005
990 1002 0.9257259999999999
989 1003 1.697625
1003 1004 0.35655600000000004
1003 1005 0.219822
972 1006 0.769039
1006 1007 0.91618
1007 1008 1.2963799999999999
1007 1009 1.300582
1006 1010 1.828403
1010 1011 0.440725
1010 1012 0.329264
229 1013 0.021131
1013 1014 0.197817
1014 1015 0.42389699999999997
1015 1016 0.250569
1016 1017 10.19268
1016 1018 10.720699
1015 1019 10.101873
1014 1020 10.358523
1013 1021 0.6598620000000001
1021 1022 12.121982000000001
1021 1023 11.726566
228 1024 0.077941
1024 1025 0.455997
1025 1026 3.977983
1026 1027 6.509368
1026 1028 7.362446
1025 1029 10.271094
1024 1030 1
1030 1031 0.162088
1031 1032 0.230334
1032 1033 12.000767
1032 1034 10.326776
1031 1035 11.692316
1030 1036 11.276456
223 1037 4.156212
1037 1038 4.652287
1038 1039 2.865179
1038 1040 2.626881
1037 1041 7.508381
212 1042 0.012110000000000001
1042 1043 11.447607
1042 1044 11.744464
211 1045 5.961943
1045 1046 1.59508
1046 1047 5.125203
1046 1048 5.321001
1045 1049 7.844394
204 1050 5.399544
1050 1051 7.828361
1050 1052 7.869395999999999
193 1053 0.404424
1053 1054 14.265151000000001
1053 1055 0.488232
1055 1056 12.644873
1055 1057 14.28525
192 1058 0.19397999999999999
1058 1059 12.01643
1058 1060 2.242433
1060 1061 1.282802
1061 1062 10.351485
1061 1063 1.5648659999999999
1063 1064 1.3914090000000001
1064 1065 6.789439999999999
1064 1066 6.202667
1066 1067 0.557551
1066 1068 0.09535700000000001
1068 1069 0.49628099999999997
1068 1070 0.468066
1063 1071 0.22652699999999998
1071 1072 8.040267
1071 1073 8.49521
1060 1074 15.347707
191 1075 0.5242680000000001
1075 1076 11.67855
1075 1077 0.537579
1077 1078 11.599508
1077 1079 11.592563
190 1080 0.060019
1080 1081 0.092807
1081 1082 0.22403399999999998
1082 1083 0.18742999999999999
1083 1084 0.429581
1084 1085 12.693203
1084 1086 11.967292
1083 1087 12.422985
1082 1088 13.609822
1081 1089 11.973316
1080 1090 0.391849
1090 1091 12.338708
1090 1092 11.583215
189 1093 2.6677079999999997
1093 1094 1.14067
1094 1095 8.794562
1094 1096 9.253218
1093 1097 9.726920999999999
188 1098 6.262993
1098 1099 6.584447
1098 1100 7.349369
187 1101 0.175415
1101 1102 0.222362
1102 1103 11.718362
1102 1104 0.465783
1104 1105 12.936958
1104 1106 12.395837
1101 1107 0.20146500000000003
1107 1108 0.5951040000000001
1108 1109 13.431756
1108 1110 12.808828
1107 1111 12.640155
186 1112 1.0860750000000001
1112 1113 8.896215999999999
1113 1114 3.287448
1113 1115 3.2244639999999998
1112 1116 0.8032229999999999
1116 1117 5.526509
1117 1118 5.353125
1117 1119 5.268214
1116 1120 12.47053
185 1121 1.355519
1121 1122 4.826417
1122 1123 7.468115999999999
1122 1124 7.277918
1121 1125 12.841681
184 1126 0.044094
1126 1127 1.250838
1127 1128 12.169175000000001
1127 1129 0.471662
1129 1130 5.743237000000001
1130 1131 0.954638
1131 1132 4.874974
1131 1133 5.28057
1130 1134 6.043232
1129 1135 12.321147999999999
1126 1136 0.465551
1136 1137 1.126422
1137 1138 12.387218
1137 1139 11.388042
1136 1140 0.40151600000000004
1140 1141 8.802185
1141 1142 3.039115
1141 1143 3.094769
1140 1144 11.937811
173 1145 0.592396
1145 1146 12.707292
1145 1147 3.189506
1147 1148 9.67147
1147 1149 4.493544
1149 1150 4.946985000000001
1149 1151 4.861784
172 1152 1.484688
1152 1153 1.563985
1153 1154 18.53803
1153 1155 4.15443
1155 1156 12.722117999999998
1155 1157 11.346817
1152 1158 20.142991
113 1159 0.221678
1159 1160 13.113199
1159 1161 13.051233000000002
110 1162 0.5281560000000001
1162 1163 3.464528
1163 1164 9.232116
1163 1165 9.283771
1162 1166 1.814919
1166 1167 2.869174
1167 1168 10.356465
1167 1169 10.139033999999999
1166 1170 13.929775999999999
109 1171 0.246935
1171 1172 0.08143399999999999
1172 1173 14.117734
1172 1174 0.36244
1174 1175 0.339953
1175 1176 1.1601679999999999
1176 1177 14.623425000000001
1176 1178 13.472862
1175 1179 14.678067
1174 1180 0.49912
1180 1181 13.231596000000001
1180 1182 13.467844000000001
1171 1183 0.491884
1183 1184 15.208806999999998
1183 1185 12.418446
108 1186 14.325117
107 1187 14.443005000000001
106 1188 0.440217
1188 1189 0.266662
1189 1190 14.109615
1189 1191 0.8211609999999999
1191 1192 0.357751
1192 1193 11.964974999999999
1192 1194 1.318818
1194 1195 10.547651
1194 1196 10.365728
1191 1197 2.954434
1197 1198 5.227512
1198 1199 5.732796
1198 1200 6.190088
1197 1201 11.506846
1188 1202 13.201578
105 1203 0.096534
1203 1204 0.066329
1204 1205 5.447028
1205 1206 7.829899
1205 1207 7.803917
1204 1208 13.975503
1203 1209 0.8063809999999999
1209 1210 0.11364400000000001
1210 1211 16.491886
1210 1212 14.821814
1209 1213 0.13719900000000002
1213 1214 0.05683
1214 1215 0.452204
1215 1216 17.158293
1215 1217 0.240784
1217 1218 14.845358000000001
1217 1219 13.565542
1214 1220 14.651523
1213 1221 0.384257
1221 1222 14.720547
1221 1223 14.723628999999999
80 1224 1
1224 1225 0.715469
1225 1226 12.912775000000002
1225 1227 14.171606
1224 1228 0.659824
1228 1229 1.868601
1229 1230 12.716252
1229 1231 1.686924
1231 1232 11.864217
1231 1233 12.35208
1228 1234 17.426866
55 1235 2.227633
1235 1236 6.276829
1236 1237 8.939285
1236 1238 8.64408
1235 1239 2.134564
1239 1240 10.302754
1239 1241 12.239779
54 1242 2.894892
1242 1243 1
1243 1244 3.4915950000000002
1244 1245 10.448127999999999
1244 1246 10.255949000000001
1243 1247 0.8274
1247 1248 0.337228
1248 1249 0.23595500000000003
1249 1250 0.227662
1250 1251 5.961998
1251 1252 2.318788
1252 1253 4.062198
1252 1254 3.9892190000000003
1251 1255 7.549975000000001
1250 1256 0.422974
1256 1257 0.629446
1257 1258 2.493445
1258 1259 0.962702
1259 1260 9.073681
1259 1261 11.979638
1258 1262 1.0966
1262 1263 8.243171
1262 1264 7.968671
1257 1265 0.197465
1265 1266 0.741946
1266 1267 1
1267 1268 3.123536
1268 1269 1.468617
1269 1270 8.837007
1269 1271 2.456579
1271 1272 5.598399
1271 1273 6.264657999999999
1268 1274 0.967406
1274 1275 8.085659
1275 1276 8.898785
1275 1277 8.750701
1274 1278 18.886713
1267 1279 16.785938
1266 1280 1.074333
1280 1281 0.628794
1281 1282 4.838522
1282 1283 3.8649540000000004
1282 1284 3.576365
1281 1285 10.007926000000001
1280 1286 3.066319
1286 1287 6.159624
1286 1288 2.164814
1288 1289 3.91658
1288 1290 4.864879
1265 1291 3.075584
1291 1292 1
1292 1293 2.524648
1293 1294 4.904208000000001
1293 1295 2.9402790000000003
1295 1296 2.941455
1295 1297 2.9240530000000002
1292 1298 9.740078
1291 1299 0.721867
1299 1300 7.328429
1299 1301 7.733097
1256 1302 4.503393
1302 1303 5.464772
1302 1304 1.465336
1304 1305 1.550686
1305 1306 3.7119350000000004
1305 1307 2.583631
1304 1308 4.605965
1249 1309 0.298214
1309 1310 6.524476999999999
1310 1311 5.9865450000000004
1310 1312 0.41959299999999994
1312 1313 5.735127
1312 1314 3.1272010000000003
1314 1315 3.5525130000000003
1314 1316 3.17663
1309 1317 1.190374
1317 1318 11.273527
1317 1319 9.920057
1248 1320 2.275978
1320 1321 3.7039250000000004
1321 1322 6.05416
1321 1323 6.591684000000001
1320 1324 1.434308
1324 1325 6.692278999999999
1324 1326 6.870542
1247 1327 1.401884
1327 1328 0.877915
1328 1329 3.288215
1329 1330 6.274024000000001
1329 1331 5.350365
1328 1332 9.183698
1327 1333 2.830337
1333 1334 7.9039269999999995
1333 1335 9.349949
1242 1336 2.37162
1336 1337 7.172178
1337 1338 2.631284
1338 1339 2.729755
1338 1340 2.9220289999999998
1337 1341 5.164938
1336 1342 1.462531
1342 1343 2.4323379999999997
1343 1344 5.333705
1344 1345 2.3616189999999997
1344 1346 2.496351
1343 1347 8.872273999999999
1342 1348 1.087663
1348 1349 6.470689999999999
1349 1350 1.392666
1349 1351 1.355346
1348 1352 8.990259
53 1353 2.127205
1353 1354 3.106163
1354 1355 11.287320000000001
1354 1356 10.470597
1353 1357 13.343459
44 1358 0.319826
1358 1359 3.31235
1359 1360 11.532639
1359 1361 11.950336
1358 1362 5.415898
1362 1363 13.765044000000001
1362 1364 13.011196
43 1365 2.9646909999999997
1365 1366 14.515536
1365 1367 13.659259000000002
42 1368 0.864017
1368 1369 15.433826
1368 1370 5.240071
1370 1371 9.915873999999999
1370 1372 10.026934
41 1373 1.030174
1373 1374 17.254398000000002
1373 1375 15.140127
40 1376 3.848745
1376 1377 2.878096
1377 1378 8.673375
1377 1379 11.132053
1376 1380 5.77067
1380 1381 6.207173
1380 1382 6.620877
39 1383 0.10624499999999999
1383 1384 15.610224
1383 1385 6.304134
1385 1386 11.301862999999999
1385 1387 11.600674
38 1388 0.275055
1388 1389 1.013239
1389 1390 16.40109
1389 1391 19.438
1391 1392 2.1641690000000002
1391 1393 2.223229
1388 1394 0.70658
1394 1395 15.353037
1394 1396 15.222700999999999
37 1397 0.9468449999999999
1397 1398 5.608607
1398 1399 11.369002
1398 1400 15.407238000000001
1397 1401 1.1320000000000001
1401 1402 12.969279
1401 1403 12.213488
36 1404 1
1404 1405 0.313968
1405 1406 2.3599959999999998
1406 1407 13.683124
1406 1408 5.280507
1408 1409 12.335103
1408 1410 11.733831
1405 1411 0.056787000000000004
1411 1412 0.801903
1412 1413 18.905384
1412 1414 17.907256999999998
1411 1415 17.617628
1404 1416 7.2342699999999995
1416 1417 8.867132
1416 1418 8.650186999999999
35 1419 0.579643
1419 1420 15.805088000000001
1419 1421 15.508611
14 1422 0.45079100000000005
1422 1423 7.625553
1423 1424 11.06325
1423 1425 2.366835
1425 1426 6.254278
1425 1427 6.02892
1422 1428 17.289409
13 1429 1
1429 1430 0.139905
1430 1431 0.19865500000000003
1431 1432 5.9957
1432 1433 12.573618
1432 1434 12.834325999999999
1431 1435 0.18496400000000002
1435 1436 0.565074
1436 1437 1.1160750000000002
1437 1438 20.906639
1437 1439 1.332597
1439 1440 22.225095
1439 1441 20.763628
1436 1442 0.489497
1442 1443 2.421274
1443 1444 2.047249
1444 1445 0.494849
1445 1446 3.263229
1446 1447 2.472261
1447 1448 9.165787
1447 1449 9.417277
1446 1450 12.482195
1445 1451 15.179438000000001
1444 1452 0.679158
1452 1453 3.094519
1453 1454 11.579735
1453 1455 13.229534000000001
1452 1456 18.52345
1443 1457 5.535898
1457 1458 12.386857
1457 1459 12.347980999999999
1442 1460 19.865391
1460 1461 0.095395
1460 1462 0.095993
1435 1463 0.756894
1463 1464 1
1464 1465 1
1465 1466 2.077731
1466 1467 15.039971999999999
1466 1468 13.056315
1465 1469 0.557775
1469 1470 0.755161
1470 1471 0.903114
1471 1472 16.877906
1471 1473 20.02432
1470 1474 17.305388
1469 1475 0.077651
1475 1476 19.213691
1475 1477 17.42013
1464 1478 0.113776
1478 1479 1
1479 1480 0.105826
1480 1481 0.8305389999999999
1481 1482 1.127667
1482 1483 14.283604
1482 1484 22.708326
1481 1485 16.262995
1480 1486 1.60999
1486 1487 1
1487 1488 1
1488 1489 1.126324
1489 1490 19.643287
1489 1491 19.352357
1488 1492 17.414551
1487 1493 1
1493 1494 0.225204
1494 1495 18.004827000000002
1494 1496 0.6785399999999999
1496 1497 0.17199699999999998
1497 1498 22.344505
1497 1499 18.429497
1496 1500 1
1500 1501 19.334451
1500 1502 0.644509
1502 1503 0.270643
1503 1504 19.881408
1503 1505 19.206711000000002
1502 1506 1.192706
1506 1507 1
1507 1508 0.7823699999999999
1508 1509 1.724183
1509 1510 26.598565
1509 1511 18.373552
1508 1512 1.0776249999999998
1512 1513 1
1513 1514 0.5008130000000001
1514 1515 1.983422
1515 1516 3.6602210000000004
1516 1517 26.134379000000003
1516 1518 50.297421
1515 1519 25.021997000000002
1514 1520 25.906792
1513 1521 19.561991
1512 1522 0.393271
1522 1523 0.991915
1523 1524 22.048879
1523 1525 27.593972
1522 1526 0.42677899999999996
1526 1527 2.450335
1527 1528 26.268774
1527 1529 55.855262
1526 1530 2.0962769999999997
1530 1531 43.160985000000004
1530 1532 28.204844
1507 1533 18.651285
1506 1534 0.6737879999999999
1534 1535 1
1535 1536 19.042486
1535 1537 2.527394
1537 1538 0.12235900000000001
1538 1539 2.7107360000000003
1539 1540 30.415884
1539 1541 44.684799
1538 1542 18.888305
1537 1543 1.308013
1543 1544 0.656941
1544 1545 0.24965299999999999
1545 1546 29.54292
1545 1547 0.86164
1547 1548 29.017988
1547 1549 28.998089
1544 1550 1.3352620000000002
1550 1551 29.980916
1550 1552 37.135213
1543 1553 0.728553
1553 1554 1.7197859999999998
1554 1555 33.425813999999995
1554 1556 2.429641
1556 1557 39.654581
1556 1558 27.327973999999998
1553 1559 27.870652
1534 1560 1
1560 1561 1.6972790000000002
1561 1562 1.9096769999999998
1562 1563 47.914792
1562 1564 26.746644000000003
1561 1565 27.712867000000003
1560 1566 26.110106
1493 1567 17.642196
1486 1568 0.265177
1568 1569 1.712889
1569 1570 0.243494
1570 1571 23.958287
1570 1572 8.99864
1572 1573 14.406301
1572 1574 14.877827
1569 1575 5.146336
1575 1576 20.634788
1575 1577 21.672532
1568 1578 0.469084
1578 1579 0.263184
1579 1580 0.684651
1580 1581 0.9230119999999999
1581 1582 2.740548
1582 1583 18.70811
1582 1584 21.499399
1581 1585 13.636801000000002
1585 1586 10.369803
1585 1587 9.573005
1580 1588 0.901962
1588 1589 23.186916
1588 1590 21.785202
1579 1591 0.208514
1591 1592 1.45085
1592 1593 28.449832000000004
1592 1594 19.498156
1591 1595 25.322650000000003
1578 1596 1
1596 1597 1
1597 1598 0.769814
1598 1599 19.877999
1598 1600 23.208601
1597 1601 21.429336
1596 1602 0.947061
1602 1603 1.7649149999999998
1603 1604 23.858839
1603 1605 28.178997
1602 1606 0.24653499999999998
1606 1607 1.648022
1607 1608 1.0125089999999999
1608 1609 0.927699
1609 1610 26.435625
1609 1611 30.748397
1608 1612 27.693187
1607 1613 3.977627
1613 1614 24.726147
1613 1615 24.916705
1606 1616 24.486665
1479 1617 0.116515
1617 1618 0.9930140000000001
1618 1619 17.629133
1618 1620 16.291697
1617 1621 16.537433
1478 1622 0.11104699999999999
1622 1623 0.656215
1623 1624 13.301383
1624 1625 5.330991999999999
1624 1626 5.466041
1623 1627 18.969311
1622 1628 1.788679
1628 1629 1.466991
1629 1630 15.982103
1629 1631 13.944613
1628 1632 15.571877
1463 1633 1
1633 1634 1
1634 1635 0.183858
1635 1636 6.126634
1636 1637 13.445229
1636 1638 11.962716
1635 1639 0.328907
1639 1640 1.693765
1640 1641 1
1641 1642 0.412723
1642 1643 1.8645120000000002
1643 1644 30.631363
1643 1645 20.526733999999998
1642 1646 0.670232
1646 1647 21.941838999999998
1646 1648 0.351038
1648 1649 0.304882
1649 1650 1.375686
1650 1651 1
1651 1652 1.0462960000000001
1652 1653 29.107164
1652 1654 26.092239
1651 1655 21.319291
1650 1656 0.9788220000000001
1656 1657 1
1657 1658 22.89484
1657 1659 1.777428
1659 1660 3.215486
1660 1661 8.758643000000001
1661 1662 37.042916
1661 1663 49.639439
1660 1664 10.278262
1664 1665 16.803439
1664 1666 15.256629
1659 1667 27.509904000000002
1656 1668 0.645202
1668 1669 26.742864
1668 1670 1.697537
1670 1671 26.189529
1670 1672 0.140548
1672 1673 33.059557
1672 1674 3.491002
1674 1675 28.515468
1674 1676 28.432434
1649 1677 21.02055
1648 1678 20.729253
1641 1679 0.147373
1679 1680 0.727835
1680 1681 19.980471
1680 1682 16.474999
1679 1683 21.206216
1640 1684 1
1684 1685 0.442353
1685 1686 1
1686 1687 2.158524
1687 1688 1
1688 1689 1
1689 1690 3.982687
1690 1691 18.988102
1690 1692 17.73507
1689 1693 0.526099
1693 1694 0.060227
1694 1695 14.724502000000001
1695 1696 5.5750210000000004
1695 1697 5.693275
1694 1698 0.850896
1698 1699 0.216716
1699 1700 7.080709000000001
1700 1701 17.929793
1700 1702 18.614794
1699 1703 3.159609
1703 1704 1
1704 1705 26.997044
1704 1706 8.764019000000001
1706 1707 2.9704990000000002
1707 1708 4.686282
1708 1709 6.454772
1708 1710 6.678271
1707 1711 2.57613
1711 1712 8.969467999999999
1712 1713 1.392793
1712 1714 1.405667
1711 1715 1.369675
1715 1716 8.616299
1715 1717 9.033187
1706 1718 2.853339
1718 1719 12.164133000000001
1718 1720 4.637776
1720 1721 10.126014
1720 1722 10.438930000000001
1703 1723 2.985314
1723 1724 7.366561000000001
1724 1725 16.422228
1724 1726 14.336166
1726 1727 0.561496
1726 1728 0.549115
1723 1729 20.582078
1698 1730 1
1730 1731 0.460751
1731 1732 2.520441
1732 1733 1.035692
1733 1734 2.68307
1734 1735 20.772947
1734 1736 19.811714
1733 1737 19.875597
1732 1738 2.0560709999999998
1738 1739 2.3591629999999997
1739 1740 17.854736
1739 1741 24.938634
1738 1742 23.181671
1731 1743 1.856157
1743 1744 22.754458
1743 1745 2.23882
1745 1746 21.440856
1745 1747 6.072268
1747 1748 17.102379
1747 1749 18.205083
1730 1750 1.690616
1750 1751 1
1751 1752 1.373383
1752 1753 1
1753 1754 2.083071
1754 1755 0.641575
1755 1756 14.802093
1756 1757 1.657732
1757 1758 11.962339
1757 1759 12.180233
1756 1760 14.056446000000001
1755 1761 29.650996000000003
1754 1762 2.0971130000000002
1762 1763 7.037029
1763 1764 40.384612
1763 1765 51.266212
1762 1766 8.562193
1766 1767 2.860982
1767 1768 37.148466
1767 1769 5.446397
1769 1770 13.743657
1769 1771 1.961468
1771 1772 12.512325999999998
1771 1773 11.336222
1766 1774 23.407373
1753 1775 33.633679
1775 1776 0.639648
1775 1777 0.617651
1752 1778 1.103056
1778 1779 27.953053999999998
1778 1780 3.5609830000000002
1780 1781 28.772498000000002
1780 1782 3.183541
1782 1783 21.119384999999998
1782 1784 16.413248
1751 1785 0.84779
1785 1786 25.370717
1785 1787 25.678129
1750 1788 1
1788 1789 17.890222
1789 1790 6.063483
1789 1791 5.56478
1791 1792 1.6864359999999998
1791 1793 1.568309
1788 1794 0.15248
1794 1795 6.718167
1795 1796 4.547404
1796 1797 12.13298
1796 1798 12.23103
1795 1799 17.948548
1794 1800 0.9625589999999999
1800 1801 1.469241
1801 1802 1.417276
1802 1803 1.898978
1803 1804 1.176195
1804 1805 1.730104
1805 1806 16.321436
1806 1807 9.358326
1807 1808 8.539042
1807 1809 9.508738
1806 1810 19.060125
1805 1811 26.561108
1804 1812 27.443890999999997
1803 1813 24.208579999999998
1802 1814 6.224633
1814 1815 8.7729
1815 1816 14.002233
1815 1817 15.042564
1814 1818 17.249125000000003
1801 1819 0.446763
1819 1820 0.729221
1820 1821 1
1821 1822 1.273414
1822 1823 5.604391000000001
1823 1824 9.896339
1824 1825 4.5473930000000005
1825 1826 14.331971
1825 1827 14.315908
1824 1828 18.035659000000003
1823 1829 3.5418779999999996
1829 1830 23.910365
1829 1831 24.563121
1822 1832 24.461115
1821 1833 27.842969
1820 1834 1.381397
1834 1835 1.032326
1835 1836 0.238381
1836 1837 11.667271
1837 1838 27.519961
1837 1839 29.782387999999997
1836 1840 6.5413440000000005
1840 1841 14.533506
1841 1842 21.576374
1842 1843 11.683486
1842 1844 11.146881
1841 1845 36.669214
1840 1846 51.1664
1835 1847 1
1847 1848 29.587991000000002
1847 1849 2.827933
1849 1850 1.183761
1850 1851 1
1851 1852 34.671232
1851 1853 5.225823999999999
1853 1854 6.3265210000000005
1854 1855 49.027303
1854 1856 31.991777
1853 1857 12.939281
1857 1858 31.121124000000002
1857 1859 31.443790999999997
1850 1860 27.0688
1860 1861 10.953394
1861 1862 0.6043200000000001
1862 1863 5.441016
1862 1864 3.5335819999999996
1864 1865 1.340656
1864 1866 0.9055850000000001
1861 1867 2.36829
1867 1868 4.474657
1868 1869 0.5828990000000001
1868 1870 0.7233919999999999
1867 1871 1.881582
1871 1872 0.657814
1871 1873 0.358435
1873 1874 0.16932
1873 1875 0.166093
1860 1876 8.865838
1876 1877 6.769933
1877 1878 5.286866
1877 1879 2.541894
1876 1880 1.022883
1880 1881 7.7759659999999995
1880 1882 8.306925
1849 1883 0.068048
1883 1884 0.7141299999999999
1884 1885 24.835549
1885 1886 11.50889
1885 1887 11.683181
1884 1888 34.306281999999996
1883 1889 40.493606
1834 1890 6.119896
1890 1891 4.602173
1891 1892 23.624914999999998
1891 1893 24.637923999999998
1890 1894 29.283933
1819 1895 1.1304120000000002
1895 1896 5.221204
1896 1897 2.593937
1897 1898 54.312209
1897 1899 10.371424999999999
1899 1900 28.827619
1899 1901 25.210926
1901 1902 1.472195
1901 1903 1.4273120000000001
1896 1904 2.935957
1904 1905 36.670066
1904 1906 45.295293
1895 1907 5.637299
1907 1908 11.444844999999999
1908 1909 15.88125
1908 1910 15.185535
1907 1911 27.750944999999998
1800 1912 5.297455
1912 1913 18.926124
1913 1914 11.318536
1913 1915 21.496453
1912 1916 2.518761
1916 1917 11.903907
1916 1918 13.353829000000001
1693 1919 9.367206
1919 1920 17.445139
1919 1921 15.201344
1688 1922 0.78198
1922 1923 19.551143
1922 1924 10.416084
1924 1925 11.265427
1924 1926 11.926644
1687 1927 0.19838
1927 1928 1.446018
1928 1929 0.23982299999999998
1929 1930 3.624894
1930 1931 25.193197
1930 1932 24.664251
1929 1933 0.34691700000000003
1933 1934 1.0813
1934 1935 19.445561
1934 1936 26.641105999999997
1933 1937 22.52704
1928 1938 9.228895
1938 1939 22.733850999999998
1938 1940 26.588255999999998
1927 1941 0.72633
1941 1942 3.4011
1942 1943 21.54585
1942 1944 22.62633
1941 1945 4.297200999999999
1945 1946 19.075927
1945 1947 20.012192000000002
1686 1948 23.134964999999998
1685 1949 0.433117
1949 1950 0.47677600000000003
1950 1951 0.35637199999999997
1951 1952 19.338675
1951 1953 26.34072
1950 1954 20.620786
1949 1955 11.649315
1955 1956 10.220087999999999
1955 1957 9.516769
1684 1958 0.21656000000000003
1958 1959 1.178574
1959 1960 0.7818419999999999
1960 1961 19.032478
1960 1962 22.599916
1959 1963 0.70904
1963 1964 19.592897
1963 1965 20.897286
1958 1966 1.251442
1966 1967 3.932451
1967 1968 13.299954999999999
1967 1969 13.322777
1966 1970 17.254331
1639 1971 3.835441
1971 1972 9.207509
1972 1973 9.30475
1972 1974 9.077013
1971 1975 19.745533000000002
1634 1976 0.7334229999999999
1976 1977 19.768431
1976 1978 19.319688
1633 1979 4.918701
1979 1980 15.818878
1979 1981 6.655937000000001
1981 1982 9.246459
1981 1983 9.876777
1430 1984 0.643515
1984 1985 2.8885870000000002
1985 1986 15.683864
1985 1987 15.629835
1984 1988 2.649823
1988 1989 16.661672
1988 1990 18.73341
1429 1991 0.44902299999999995
1991 1992 18.691174999999998
1991 1993 1.906588
1993 1994 16.230556
1993 1995 16.838
2 1996 20.925826999999998
1 1997 14.666478999999999
1 1998 16.400306
