1 2 0.175931
2 3 0.10763
3 4 0.082189
4 5 1
5 6 0.223457
6 7 1
7 8 0.062668
8 9 0.03736
9 10 0.066351
10 11 0.17746
11 12 8.926583
11 13 9.089611
10 14 0.154135
14 15 0.169182
15 16 8.367139
15 17 8.232051
14 18 9.167863
9 19 0.07046799999999999
19 20 0.021985
20 21 0.174043
21 22 0.085174
22 23 8.772154
22 24 2.15902
24 25 6.738401
24 26 6.824352
21 27 9.519039
20 28 0.09678
28 29 0.038965
29 30 0.058556000000000004
30 31 1
31 32 0.011826
32 33 0.022039
33 34 0.181513
34 35 0.131404
35 36 0.301689
36 37 8.312323000000001
36 38 8.23626
35 39 7.997906
34 40 8.21945
33 41 0.385702
41 42 8.447080999999999
41 43 8.810004000000001
32 44 0.078547
44 45 0.094386
45 46 8.956577000000001
45 47 8.958402999999999
44 48 0.071313
48 49 0.026473000000000003
49 50 0.09065
50 51 0.133231
51 52 0.382067
52 53 8.443912000000001
52 54 8.509529
51 55 9.309228
50 56 0.07723
56 57 9.499132000000001
56 58 1
58 59 0.10994500000000001
59 60 0.033721
60 61 0.028694
61 62 0.34971199999999997
62 63 10.86614
62 64 9.477989
61 65 0.007767
65 66 0.070473
66 67 0.048157
67 68 0.137863
68 69 9.265393
68 70 9.509911
67 71 10.084809
66 72 0.046941000000000004
72 73 1
73 74 0.140224
74 75 9.486842
74 76 2.566947
76 77 6.758535
76 78 1.54106
78 79 5.083091
78 80 5.34201
73 81 9.524756
72 82 0.191357
82 83 9.572409
82 84 9.253502
65 85 0.055196
85 86 0.095855
86 87 0.044104000000000004
87 88 0.09783299999999999
88 89 0.074672
89 90 0.002768
90 91 0.752055
91 92 8.829957
91 93 8.831986
90 94 0.212481
94 95 0.090226
95 96 0.083729
96 97 0.015156999999999999
97 98 0.12157299999999999
98 99 0.024903
99 100 0.16481099999999999
100 101 0.11998899999999998
101 102 9.832773
101 103 9.802855000000001
100 104 0.22161
104 105 9.739469
104 106 9.997373
99 107 0.035616
107 108 0.33212200000000003
108 109 0.11026199999999999
109 110 0.171595
110 111 0.22413799999999998
111 112 9.965275
111 113 10.480069
110 114 0.256631
114 115 9.863173
114 116 9.974884000000001
109 117 0.043486000000000004
117 118 10.324039
117 119 10.121305
108 120 1
120 121 0.08047399999999999
121 122 0.013593000000000001
122 123 1
123 124 1
124 125 0.209428
125 126 1
126 127 1
127 128 0.12223500000000001
128 129 0.096801
129 130 0.022833
130 131 0.065441
131 132 0.23720400000000003
132 133 10.23862
132 134 10.965833
131 135 0.201905
135 136 1
136 137 0.095886
137 138 10.87783
137 139 0.23271899999999998
139 140 0.04134
140 141 10.979358999999999
140 142 0.101312
142 143 10.901221
142 144 0.22888
144 145 0.162329
145 146 10.577126
145 147 10.728542000000001
144 148 10.566415999999998
139 149 0.052968
149 150 0.009519999999999999
150 151 0.058399000000000006
151 152 0.15126799999999999
152 153 10.530676999999999
152 154 11.331671
151 155 0.063813
155 156 0.211943
156 157 11.031628
156 158 10.678898
155 159 0.142308
159 160 10.837895
159 161 10.720809000000001
150 162 0.315403
162 163 0.227568
163 164 10.904375
163 165 10.502508
162 166 10.652999000000001
149 167 1
167 168 0.359317
168 169 0.13523000000000002
169 170 0.011695
170 171 0.056431
171 172 0.260828
172 173 10.861906000000001
172 174 11.202871
171 175 0.069082
175 176 1
176 177 0.111867
177 178 0.297091
178 179 11.267424
178 180 11.100997999999999
177 181 0.10155299999999999
181 182 0.097134
182 183 0.133092
183 184 11.940937
183 185 11.135987
182 186 11.304155
181 187 0.168211
187 188 1
188 189 0.074343
189 190 0.260486
190 191 11.24501
190 192 11.174018
189 193 0.325327
193 194 0.095694
194 195 0.104602
195 196 0.2414
196 197 11.565667
196 198 11.663078
195 199 11.42358
194 200 12.104067
193 201 0.024157
201 202 0.164763
202 203 11.56052
202 204 11.668225
201 205 0.041594
205 206 0.079292
206 207 11.954172
206 208 11.730039
205 209 0.026005
209 210 0.012808
210 211 0.009144000000000001
211 212 0.001796
212 213 0.047066000000000004
213 214 0.08330399999999999
214 215 0.046648
215 216 0.052993
216 217 0.11275
217 218 11.726667
217 219 11.451471
216 220 11.982392
215 221 0.021933
221 222 0.792699
222 223 11.147979
222 224 11.372264
221 225 12.213372999999999
214 226 1
226 227 0.035607
227 228 12.302845
227 229 12.089868
226 230 0.117783
230 231 0.093123
231 232 0.29709599999999997
232 233 11.850219
232 234 11.530348
231 235 12.076386
230 236 0.042831
236 237 0.084963
237 238 12.037187000000001
237 239 0.13386599999999999
239 240 12.297698
239 241 12.398658999999999
236 242 0.005689
242 243 0.10089700000000001
243 244 0.081699
244 245 0.114666
245 246 1
246 247 0.085933
247 248 0.091741
248 249 0.294431
249 250 1
250 251 0.039258
251 252 0.311967
252 253 0.137396
253 254 12.568399
253 255 0.23524499999999998
255 256 12.538284999999998
255 257 12.56293
252 258 0.220615
258 259 1
259 260 18.747436
259 261 0.183579
261 262 13.427821000000002
261 263 0.307381
263 264 0.03094
264 265 0.40234499999999995
265 266 13.043318000000001
265 267 12.614576
264 268 0.103305
268 269 0.330216
269 270 13.362098999999999
269 271 12.498225
268 272 13.460269
263 273 1
273 274 0.148895
274 275 13.097222
274 276 13.370389999999999
273 277 0.206745
277 278 0.308725
278 279 0.14935199999999998
279 280 0.039504
280 281 13.400967
280 282 14.028183
279 283 13.548553
278 284 0.39416
284 285 13.064185
284 286 14.567394
277 287 0.028467
287 288 1
288 289 0.148243
289 290 0.630827
290 291 1
291 292 0.08308
292 293 0.264487
293 294 1
294 295 0.210435
295 296 0.14265
296 297 0.6258549999999999
297 298 0.520646
298 299 1.925592
299 300 13.98072
299 301 12.689321000000001
298 302 0.32376900000000003
302 303 1.95105
303 304 1.990529
304 305 20.947323
304 306 0.643833
306 307 0.562507
307 308 0.875869
308 309 22.659261
308 310 24.557338
307 311 21.214212
306 312 19.70053
303 313 18.39163
302 314 33.235138
297 315 1
315 316 0.03665
316 317 13.283449
316 318 0.127483
318 319 14.224552
318 320 14.014314
315 321 0.147454
321 322 1
322 323 0.082483
323 324 0.085954
324 325 0.10516900000000001
325 326 13.930062000000001
325 327 13.802732
324 328 0.084278
328 329 0.190767
329 330 14.181374
329 331 14.411744
328 332 14.308221
323 333 0.23872300000000002
333 334 13.659073999999999
333 335 14.427970000000002
322 336 13.745246
321 337 1
337 338 0.723923
338 339 1
339 340 0.028866
340 341 0.21828899999999998
341 342 15.351604
341 343 15.822485
340 344 0.13100399999999998
344 345 0.196884
345 346 16.411318
345 347 0.25273
347 348 0.8934829999999999
348 349 15.663690999999998
348 350 17.990154999999998
347 351 15.326153000000001
344 352 19.534585
339 353 1
353 354 19.222086
353 355 0.818161
355 356 0.200352
356 357 0.041322
357 358 0.202907
358 359 0.17348000000000002
359 360 1
360 361 0.60503
361 362 1
362 363 0.107146
363 364 0.168168
364 365 1
365 366 0.011538
366 367 0.05694
367 368 14.599822000000001
367 369 16.017587
366 370 14.846907000000002
365 371 1
371 372 16.182502000000003
371 373 0.452308
373 374 0.169377
374 375 15.488999
374 376 16.24177
373 377 1
377 378 15.176490000000001
377 379 0.310269
379 380 0.14064500000000002
380 381 15.916347
380 382 15.662601
379 383 0.326308
383 384 1
384 385 0.07919799999999999
385 386 1
386 387 16.208772
386 388 0.24949
388 389 0.676764
389 390 1
390 391 0.5648420000000001
391 392 1
392 393 0.48118
393 394 1
394 395 1.72934
395 396 18.291213
395 397 19.006358000000002
394 398 15.325316
393 399 0.06525199999999999
399 400 0.832843
400 401 0.271501
401 402 1
402 403 0.20064800000000002
403 404 1
404 405 0.8138110000000001
405 406 0.130308
406 407 1
407 408 0.8576220000000001
408 409 1
409 410 0.289558
410 411 0.38784599999999997
411 412 1
412 413 0.17016900000000001
413 414 0.628086
414 415 0.155649
415 416 1
416 417 0.085693
417 418 0.21121600000000001
418 419 0.34605
419 420 0.201594
420 421 0.010251000000000001
421 422 0.424802
422 423 0.127476
423 424 0.137773
424 425 19.450245
424 426 0.7186750000000001
426 427 1
427 428 0.358208
428 429 1
429 430 0.7233919999999999
430 431 1
431 432 0.33105999999999997
432 433 1
433 434 0.34924
434 435 0.211614
435 436 0.851162
436 437 22.717348
436 438 25.207753999999998
435 439 25.287502
434 440 22.033343
433 441 20.712978
432 442 0.48556399999999994
442 443 0.105988
443 444 23.200728
443 445 22.700081
442 446 1.5066279999999999
446 447 0.744475
447 448 0.502317
448 449 24.814305
448 450 23.060189
447 451 24.877238
446 452 25.834038
431 453 0.279604
453 454 0.365101
454 455 22.731724
454 456 22.005119
453 457 21.826195000000002
430 458 0.722177
458 459 1
459 460 21.167982
459 461 0.544528
461 462 0.091869
462 463 23.177326
462 464 25.506884000000003
461 465 0.6720539999999999
465 466 0.336879
466 467 0.148378
467 468 0.097871
468 469 0.17819400000000002
469 470 0.305714
470 471 0.264533
471 472 24.026951
471 473 23.189649000000003
470 474 23.09073
469 475 22.826419
468 476 22.722869000000003
467 477 24.568239
466 478 24.884295
465 479 23.011649000000002
458 480 0.154513
480 481 0.554642
481 482 0.527557
482 483 23.017011
482 484 22.428333000000002
481 485 22.093901
480 486 22.852501
429 487 20.212708
428 488 0.715637
488 489 22.272582
488 490 20.693005
427 491 0.07345299999999999
491 492 19.908186999999998
491 493 24.221368
426 494 1
494 495 0.605519
495 496 0.328569
496 497 1.288168
497 498 0.556752
498 499 21.531601000000002
498 500 23.05342
497 501 0.545496
501 502 0.944268
502 503 24.774017
502 504 24.365659
501 505 22.891765
496 506 19.57217
495 507 19.694916000000003
494 508 22.079976000000002
423 509 21.419531
422 510 0.07150000000000001
510 511 18.728524999999998
510 512 19.378763
421 513 18.602261000000002
420 514 19.056993
419 515 18.554778
418 516 18.03389
417 517 17.656986
416 518 18.499287
415 519 0.024888999999999998
519 520 0.710596
520 521 19.980117
520 522 26.325551000000004
519 523 18.798513
414 524 0.114858
524 525 0.104098
525 526 0.830795
526 527 20.487762
526 528 19.896853
525 529 20.070014999999998
524 530 1.002236
530 531 19.999361
530 532 19.271894
413 533 18.82893
412 534 17.902041
411 535 0.14422000000000001
535 536 17.633293
535 537 20.828246
410 538 17.935935
409 539 17.814683000000002
408 540 1
540 541 0.753446
541 542 18.326094
541 543 0.221477
543 544 21.025122
543 545 19.713744
540 546 18.968612
407 547 18.776947999999997
406 548 0.177089
548 549 18.906031000000002
548 550 18.745791
405 551 0.188593
551 552 0.46920900000000004
552 553 17.972458
552 554 17.655072
551 555 18.002451
404 556 16.831173999999997
403 557 0.327756
557 558 16.898372000000002
557 559 16.198794
402 560 0.11147399999999999
560 561 16.236978
560 562 16.252901
401 563 1
563 564 1.437609
564 565 1
565 566 0.359215
566 567 0.380191
567 568 0.583329
568 569 0.378306
569 570 0.38257199999999997
570 571 21.057081
570 572 0.282103
572 573 0.29189
573 574 0.325657
574 575 25.455593
574 576 0.542749
576 577 0.46524699999999997
577 578 0.808002
578 579 25.450876
578 580 23.435763
577 581 0.697565
581 582 24.889049
581 583 23.592731999999998
576 584 0.667091
584 585 23.336222
584 586 25.904669000000002
573 587 21.457257
572 588 0.688451
588 589 22.570673
588 590 21.913133000000002
569 591 1
591 592 0.8153
592 593 21.312614999999997
592 594 22.007223
591 595 19.781866
568 596 0.211869
596 597 0.050059
597 598 20.783377
597 599 1.6103470000000002
599 600 27.078753
599 601 21.504243000000002
596 602 0.728948
602 603 21.816305
602 604 20.541995
567 605 19.252201
566 606 18.54345
565 607 0.30218
607 608 20.545012
607 609 18.473207
564 610 1
610 611 17.551529
610 612 0.14824199999999998
612 613 0.46119699999999997
613 614 0.888895
614 615 1.298189
615 616 20.872134
615 617 26.142036
614 618 20.36173
613 619 18.145312
612 620 18.315407
563 621 3.821527
621 622 16.63122
621 623 7.179509
623 624 5.3436829999999995
623 625 5.334454
400 626 0.034507
626 627 1.174841
627 628 18.85124
627 629 0.657869
629 630 20.059806
629 631 21.387563
626 632 17.406476
399 633 17.768660999999998
392 634 0.205186
634 635 17.009246
634 636 15.430025
391 637 0.030235
637 638 0.101318
638 639 0.10803
639 640 0.18018699999999999
640 641 18.274606
640 642 16.290171
639 643 0.540967
643 644 16.505912000000002
643 645 17.350364
638 646 17.927142
637 647 16.606384
390 648 16.303854
389 649 1
649 650 0.5426249999999999
650 651 0.474209
651 652 16.334160999999998
651 653 19.850049
650 654 16.833484000000002
649 655 15.729804999999999
388 656 15.787593
385 657 1.4344489999999999
657 658 14.957571999999999
657 659 17.380485
384 660 0.211011
660 661 0.18720099999999998
661 662 15.302772000000001
661 663 16.174961
660 664 15.703486999999999
383 665 1
665 666 0.282518
666 667 0.109834
667 668 0.21411999999999998
668 669 15.997017
668 670 0.146708
670 671 17.00524
670 672 16.74982
667 673 0.175574
673 674 15.905749
673 675 16.634737
666 676 16.180341000000002
665 677 15.674753999999998
364 678 1
678 679 0.930751
679 680 0.45509799999999995
680 681 15.799489
680 682 15.981888
679 683 15.283769
678 684 14.20095
363 685 0.07746
685 686 0.200246
686 687 14.960944000000001
686 688 14.846748000000002
685 689 14.475867000000001
362 690 0.047245
690 691 14.891283
690 692 0.34151
692 693 14.184492
692 694 14.611054000000001
361 695 0.138196
695 696 0.116522
696 697 0.028474000000000003
697 698 15.715631
697 699 0.453397
699 700 15.643609999999999
699 701 16.593232
696 702 0.10762300000000001
702 703 0.192633
703 704 16.229929000000002
703 705 15.146588999999999
702 706 15.799270000000002
695 707 0.222266
707 708 15.364154
707 709 15.303861999999999
360 710 15.323206
359 711 0.08053199999999999
711 712 14.725859
711 713 14.980619
358 714 0.083789
714 715 15.329419
714 716 14.022808000000001
357 717 0.392262
717 718 14.008559000000002
717 719 14.331522
356 720 0.24889
720 721 14.427514
720 722 13.963174
355 723 0.447436
723 724 13.591454
723 725 13.888302999999999
338 726 0.011068
726 727 1
727 728 0.323877
728 729 14.819966
728 730 0.286309
730 731 15.478375999999999
730 732 14.835389
727 733 14.670092
726 734 0.044860000000000004
734 735 0.053675999999999995
735 736 0.181982
736 737 14.453629000000001
736 738 14.645561
735 739 0.080678
739 740 0.18046600000000002
740 741 0.141831
741 742 0.053468
742 743 0.18462
743 744 15.800706
743 745 16.284315
742 746 0.422667
746 747 15.095601
746 748 16.685775
741 749 14.787119
740 750 0.058897
750 751 0.579408
751 752 15.352643999999998
751 753 17.137235
750 754 14.450957
739 755 14.796930999999999
734 756 0.147243
756 757 15.48474
756 758 14.626596
337 759 0.06035
759 760 13.590328
759 761 0.174854
761 762 13.910133
761 763 15.13845
296 764 0.097019
764 765 13.87245
764 766 0.095161
766 767 14.343691999999999
766 768 14.451854
295 769 3.25056
769 770 11.009037000000001
769 771 11.156955
294 772 13.689586
293 773 0.039978
773 774 13.492337
773 775 0.24754199999999998
775 776 13.791120000000001
775 777 13.536815999999998
292 778 13.233596
291 779 14.072649
290 780 0.12747399999999998
780 781 0.48442399999999997
781 782 13.348204999999998
781 783 13.625480000000001
780 784 14.470030000000001
289 785 0.286375
785 786 12.622715000000001
785 787 13.136394000000001
288 788 12.833143999999999
287 789 1
789 790 12.960484
789 791 0.22477999999999998
791 792 0.141459
792 793 0.372573
793 794 13.866904
793 795 13.461031000000002
792 796 0.466555
796 797 0.071143
797 798 13.887061000000001
797 799 14.554234999999998
796 800 0.313247
800 801 0.23853199999999997
801 802 15.012032999999999
801 803 14.694445
800 804 13.703776000000001
791 805 0.017445000000000002
805 806 0.06571199999999999
806 807 0.163263
807 808 14.107213
807 809 0.315864
809 810 14.101507999999999
809 811 13.580679000000002
806 812 13.462893000000001
805 813 0.072368
813 814 13.228501000000001
813 815 0.283644
815 816 12.532251
815 817 15.099328
258 818 0.13062600000000002
818 819 0.093961
819 820 12.52036
819 821 13.441179
818 822 0.33620099999999997
822 823 13.181728000000001
822 824 12.678596
251 825 12.510068999999998
250 826 12.470918000000001
249 827 0.071907
827 828 0.093004
828 829 12.706376
828 830 0.021357
830 831 12.347392
830 832 12.652608
827 833 0.062789
833 834 0.14272200000000002
834 835 12.461917999999999
834 836 0.08869
836 837 13.014161
836 838 13.048592000000001
833 839 0.114489
839 840 12.794059999999998
839 841 12.914442000000001
248 842 1
842 843 12.773619
842 844 0.10593499999999999
844 845 13.239384000000001
844 846 12.469118
247 847 0.208177
847 848 0.036763
848 849 12.49891
848 850 12.703519
847 851 12.108986
246 852 0.09249800000000001
852 853 13.037233
852 854 12.924305
245 855 0.071356
855 856 0.36267299999999997
856 857 12.833435000000001
856 858 13.229318000000001
855 859 0.29522200000000004
859 860 11.776843
859 861 12.160404
244 862 0.109319
862 863 0.147748
863 864 12.845707
863 865 12.710974
862 866 12.630591999999998
243 867 0.055302
867 868 0.09587899999999999
868 869 12.128635000000001
868 870 12.517114
867 871 0.283675
871 872 11.964694
871 873 12.023161
242 874 0.044426999999999994
874 875 0.17166900000000002
875 876 12.267298
875 877 11.720556
874 878 12.151206
213 879 0.045378
879 880 0.248392
880 881 11.531971
880 882 12.15224
879 883 11.517802000000001
212 884 0.082385
884 885 11.754861
884 886 11.878742
211 887 0.208827
887 888 11.53225
887 889 11.595281
210 890 0.266514
890 891 11.491911
890 892 11.686227
209 893 0.081232
893 894 11.77915
893 895 12.46174
188 896 0.415507
896 897 11.623246
896 898 12.010357
187 899 0.021787
899 900 0.107536
900 901 0.337424
901 902 12.509939000000001
901 903 11.781559
900 904 11.783021
899 905 0.15954400000000002
905 906 11.595154
905 907 11.886628
176 908 0.027526
908 909 11.742959
908 910 0.352183
910 911 11.689345
910 912 10.932112
175 913 0.075497
913 914 0.073443
914 915 0.179397
915 916 11.187177
915 917 11.029422
914 918 11.106028
913 919 11.337743
170 920 0.023221
920 921 10.648314000000001
920 922 0.118387
922 923 0.175004
923 924 11.114334
923 925 10.849229000000001
922 926 0.255158
926 927 10.901231
926 928 10.809296
169 929 0.32110099999999997
929 930 10.589651
929 931 11.070268
168 932 11.288225
167 933 15.704873
136 934 0.14637299999999998
934 935 10.768703
934 936 10.385143
135 937 0.005196
937 938 0.224478
938 939 0.108099
939 940 10.767206999999999
939 941 11.499998999999999
938 942 0.14493699999999998
942 943 10.68653
942 944 11.226426
937 945 11.162162
130 946 0.343089
946 947 10.550276
946 948 10.097498
129 949 0.145092
949 950 10.854376
949 951 10.29947
128 952 0.176425
952 953 0.129234
953 954 10.543354
953 955 10.863529
952 956 10.042831000000001
127 957 10.522325
126 958 0.09144100000000001
958 959 10.923517
958 960 9.977293
125 961 0.16924
961 962 0.07597
962 963 0.176593
963 964 10.356036
963 965 10.443558999999999
962 966 10.450938
961 967 11.16746
124 968 10.800836
123 969 0.32464
969 970 9.962258
969 971 10.432479
122 972 0.029757
972 973 0.131099
973 974 9.958504999999999
973 975 10.436231999999999
972 976 10.622949
121 977 0.14868699999999999
977 978 0.198275
978 979 10.380934
978 980 11.532022
977 981 0.105368
981 982 10.447337
981 983 10.149829
120 984 0.12994599999999998
984 985 0.114666
985 986 10.424391
985 987 10.172775000000001
984 988 11.398492000000001
107 989 0.189212
989 990 10.290115
989 991 10.408266
98 992 0.08925200000000001
992 993 0.084688
993 994 9.829984
993 995 10.008073000000001
992 996 0.168348
996 997 9.801105
996 998 10.036951
97 999 0.190107
999 1000 9.689303
999 1001 0.255029
1001 1002 9.586556999999999
1001 1003 9.239353999999999
96 1004 0.10840699999999999
1004 1005 0.192577
1005 1006 0.022157
1006 1007 9.45834
1006 1008 9.569999999999999
1005 1009 9.314888
1004 1010 0.12054999999999999
1010 1011 10.011927
1010 1012 9.724915000000001
95 1013 0.041201
1013 1014 0.181504
1014 1015 9.726969
1014 1016 9.807444
1013 1017 10.724366999999999
94 1018 0.012218999999999999
1018 1019 0.050004
1019 1020 1
1020 1021 0.114519
1021 1022 9.557906
1021 1023 9.925899000000001
1020 1024 0.143545
1024 1025 0.145411
1025 1026 0.251336
1026 1027 9.128023
1026 1028 9.293029
1025 1029 9.212227
1024 1030 0.0925
1030 1031 0.07516400000000001
1031 1032 0.09639199999999999
1032 1033 9.357683
1032 1034 9.113977
1031 1035 8.861097
1030 1036 9.13697
1019 1037 0.151948
1037 1038 0.264938
1038 1039 9.295717
1038 1040 9.78323
1037 1041 0.083729
1041 1042 0.168573
1042 1043 9.585009999999999
1042 1044 9.240901
1041 1045 9.446812
1018 1046 0.003722
1046 1047 1
1047 1048 9.824292
1047 1049 0.114126
1049 1050 10.382057
1049 1051 0.270777
1051 1052 9.259511
1051 1053 9.110934
1046 1054 0.22173
1054 1055 0.215589
1055 1056 9.27409
1055 1057 9.146963
1054 1058 9.273278
89 1059 0.15953499999999998
1059 1060 9.614979
1059 1061 9.261539
88 1062 0.078292
1062 1063 0.20281000000000002
1063 1064 10.306493999999999
1063 1065 9.683385
1062 1066 0.113485
1066 1067 9.45763
1066 1068 9.267066999999999
87 1069 0.255928
1069 1070 0.21885
1070 1071 9.067122
1070 1072 9.353931
1069 1073 10.079733000000001
86 1074 0.047072
1074 1075 0.421528
1075 1076 9.231342
1075 1077 9.139103
1074 1078 0.170671
1078 1079 9.190565000000001
1078 1080 0.095872
1080 1081 8.937536
1080 1082 9.534123999999998
85 1083 0.197597
1083 1084 3.0936310000000002
1084 1085 6.211892
1084 1086 6.3387150000000005
1083 1087 9.887139000000001
60 1088 9.531629
59 1089 0.10989299999999999
1089 1090 9.591273000000001
1089 1091 9.133424
58 1092 0.058307
1092 1093 0.21043199999999998
1093 1094 8.862005
1093 1095 8.39508
1092 1096 0.105864
1096 1097 9.22082
1096 1098 9.453269
49 1099 0.08231
1099 1100 0.093529
1100 1101 0.126011
1101 1102 9.000744
1101 1103 8.610592
1100 1104 9.46407
1099 1105 0.084253
1105 1106 0.052548000000000004
1106 1107 0.14307899999999998
1107 1108 8.268839999999999
1107 1109 8.178528
1106 1110 9.042144
1105 1111 8.865684
48 1112 0.050065000000000005
1112 1113 0.169626
1113 1114 8.917912
1113 1115 8.490995
1112 1116 8.711953
31 1117 0.037042
1117 1118 0.062623
1118 1119 0.124107
1119 1120 8.808558
1119 1121 8.397919
1118 1122 8.428524
1117 1123 9.241487
30 1124 10.639052
29 1125 9.696119
28 1126 0.165321
1126 1127 8.492491000000001
1126 1128 8.511557999999999
19 1129 0.22937500000000002
1129 1130 8.713911000000001
1129 1131 8.340745
8 1132 0.028251
1132 1133 0.128469
1133 1134 0.20857499999999998
1134 1135 8.083525
1134 1136 8.465058
1133 1137 0.12274099999999999
1137 1138 0.11941199999999999
1138 1139 8.631484
1138 1140 8.777422999999999
1137 1141 9.217633
1132 1142 0.31810499999999997
1142 1143 8.14648
1142 1144 8.45271
7 1145 0.006893000000000001
1145 1146 0.018436
1146 1147 0.164613
1147 1148 8.062557
1147 1149 8.536633
1146 1150 0.316156
1150 1151 8.333063000000001
1150 1152 8.164913
1145 1153 0.12190300000000001
1153 1154 0.094093
1154 1155 0.039656000000000004
1155 1156 8.082942
1155 1157 8.313819
1154 1158 8.006903
1153 1159 8.580273
6 1160 0.015071
1160 1161 0.15899200000000002
1161 1162 8.228323999999999
1161 1163 8.421474
1160 1164 8.67198
5 1165 0.150226
1165 1166 0.108171
1166 1167 0.177912
1167 1168 7.826331000000001
1167 1169 8.01375
1166 1170 8.830185
1165 1171 3.2553859999999997
1171 1172 0.582461
1172 1173 1.475017
1173 1174 4.146324
1173 1175 4.203878
1172 1176 1.9156710000000001
1176 1177 3.778508
1176 1178 3.9137989999999996
1171 1179 1.226749
1179 1180 5.20606
1179 1181 5.219041
4 1182 0.137372
1182 1183 0.11960199999999999
1183 1184 8.233902
1183 1185 7.656786
1182 1186 8.559548
3 1187 1
1187 1188 0.210278
1188 1189 1
1189 1190 0.21621600000000002
1190 1191 7.875189000000001
1190 1192 7.711856
1189 1193 0.087632
1193 1194 0.035411
1194 1195 0.057341
1195 1196 0.124841
1196 1197 7.680670000000001
1196 1198 7.653338
1195 1199 0.09024
1199 1200 7.917884999999999
1199 1201 7.972803000000001
1194 1202 0.10713299999999999
1202 1203 7.827852
1202 1204 7.759192
1193 1205 1
1205 1206 0.125218
1206 1207 7.846082
1206 1208 8.297643
1205 1209 1
1209 1210 0.106901
1210 1211 0.027423
1211 1212 0.017222
1212 1213 7.946967000000001
1212 1214 8.044936
1211 1215 0.081801
1215 1216 1
1216 1217 0.014875000000000001
1217 1218 0.138239
1218 1219 1
1219 1220 1
1220 1221 7.878205
1220 1222 0.130689
1222 1223 0.14953
1223 1224 7.566499
1223 1225 7.868722999999999
1222 1226 0.032511
1226 1227 0.150355
1227 1228 0.07711900000000001
1228 1229 1
1229 1230 0.15521000000000001
1230 1231 1.417797
1231 1232 0.368971
1232 1233 6.1276909999999996
1232 1234 6.574739
1231 1235 7.019693
1230 1236 9.019267000000001
1229 1237 1
1237 1238 0.116562
1238 1239 0.307448
1239 1240 0.016419
1240 1241 0.060627
1241 1242 0.143006
1242 1243 6.953481999999999
1242 1244 6.912915
1241 1245 0.135334
1245 1246 7.1563669999999995
1245 1247 7.26671
1240 1248 7.2394739999999995
1239 1249 0.078067
1249 1250 1
1250 1251 0.27905
1251 1252 1
1252 1253 0.24989299999999998
1253 1254 0.11303699999999998
1254 1255 1
1255 1256 0.025695
1256 1257 1
1257 1258 0.09708800000000001
1258 1259 0.215787
1259 1260 0.085467
1260 1261 1
1261 1262 0.144682
1262 1263 0.05631800000000001
1263 1264 0.090732
1264 1265 0.11763100000000001
1265 1266 0.129044
1266 1267 6.100739
1266 1268 5.994403
1265 1269 6.272778
1264 1270 6.3086519999999995
1263 1271 1
1271 1272 0.29251699999999997
1272 1273 0.011151
1273 1274 0.018232
1274 1275 0.054474
1275 1276 0.022747
1276 1277 0.082871
1277 1278 0.031317
1278 1279 0.080505
1279 1280 6.002187
1279 1281 5.890526
1278 1282 6.194799
1277 1283 0.18645
1283 1284 5.868823
1283 1285 5.973283
1276 1286 0.016979
1286 1287 1
1287 1288 0.27648999999999996
1288 1289 0.015420000000000001
1289 1290 0.05273
1290 1291 1
1291 1292 0.16084400000000001
1292 1293 5.777927
1292 1294 5.709927
1291 1295 6.038548
1290 1296 0.10827899999999999
1296 1297 1
1297 1298 0.023577999999999998
1298 1299 0.16812000000000002
1299 1300 1
1300 1301 0.206936
1301 1302 1
1302 1303 8.034714
1302 1304 0.498702
1304 1305 0.187199
1305 1306 0.157355
1306 1307 5.273604
1306 1308 5.2021049999999995
1305 1309 5.611876
1304 1310 1
1310 1311 0.076418
1311 1312 1
1312 1313 0.051784
1313 1314 5.830228
1313 1315 0.271471
1315 1316 0.287238
1316 1317 1
1317 1318 0.327814
1318 1319 1
1319 1320 0.193804
1320 1321 0.170161
1321 1322 0.096159
1322 1323 0.07423199999999999
1323 1324 0.307259
1324 1325 4.469113
1324 1326 0.161453
1326 1327 4.215287999999999
1326 1328 4.236129
1323 1329 5.045469000000001
1322 1330 4.966215
1321 1331 1
1331 1332 6.5878179999999995
1331 1333 0.27238700000000005
1333 1334 0.10094900000000001
1334 1335 0.023891
1335 1336 0.283957
1336 1337 0.11231500000000001
1337 1338 1
1338 1339 5.178949
1338 1340 0.18080100000000002
1340 1341 0.086837
1341 1342 0.210195
1342 1343 4.693801000000001
1342 1344 4.61794
1341 1345 5.002355
1340 1346 1
1346 1347 0.427683
1347 1348 0.311369
1348 1349 0.138551
1349 1350 0.222365
1350 1351 4.455495
1350 1352 4.653817
1349 1353 4.762453
1348 1354 0.153929
1354 1355 1
1355 1356 0.19267
1356 1357 0.054875
1357 1358 0.384952
1358 1359 1
1359 1360 0.439404
1360 1361 1
1361 1362 0.069923
1362 1363 4.82146
1362 1364 4.7433179999999995
1361 1365 1
1365 1366 0.40799199999999997
1366 1367 0.300608
1367 1368 0.297291
1368 1369 1
1369 1370 0.46314
1370 1371 0.08953799999999999
1371 1372 0.134486
1372 1373 0.011359000000000001
1373 1374 0.061028000000000006
1374 1375 0.7298469999999999
1375 1376 1
1376 1377 0.370092
1377 1378 0.138648
1378 1379 1
1379 1380 0.192601
1380 1381 0.1943
1381 1382 2.8277710000000003
1381 1383 3.042674
1380 1384 0.058259000000000005
1384 1385 0.12795199999999998
1385 1386 2.905736
1385 1387 2.863495
1384 1388 3.060307
1379 1389 0.27642100000000003
1389 1390 2.975409
1389 1391 3.1480719999999995
1378 1392 0.025959000000000003
1392 1393 0.132031
1393 1394 0.135469
1394 1395 3.058358
1394 1396 0.159652
1396 1397 0.144085
1397 1398 2.673033
1397 1399 2.6407320000000003
1396 1400 0.045315
1400 1401 0.212889
1401 1402 2.6885570000000003
1401 1403 0.19605899999999998
1403 1404 2.535587
1403 1405 2.5251409999999996
1400 1406 1
1406 1407 0.31190100000000004
1407 1408 1
1408 1409 0.154104
1409 1410 0.11219400000000002
1410 1411 0.048936
1411 1412 0.204954
1412 1413 2.08395
1412 1414 2.065847
1411 1415 2.704965
1410 1416 2.354069
1409 1417 0.059021
1417 1418 2.404505
1417 1419 2.403187
1408 1420 2.703795
1407 1421 0.029663
1421 1422 2.545121
1421 1423 2.5156080000000003
1406 1424 2.923764
1393 1425 3.230119
1392 1426 3.629005
1377 1427 1
1427 1428 0.394756
1428 1429 0.27998799999999996
1429 1430 1
1430 1431 0.086275
1431 1432 0.22271600000000003
1432 1433 3.206077
1432 1434 0.027187000000000003
1434 1435 0.028723000000000002
1435 1436 0.000658
1436 1437 0.044802
1437 1438 0.081249
1438 1439 0.054657000000000004
1439 1440 0.141624
1440 1441 2.6896400000000003
1440 1442 2.674732
1439 1443 0.193097
1443 1444 0.362233
1444 1445 2.242719
1444 1446 2.311937
1443 1447 2.623597
1438 1448 3.04047
1437 1449 2.98318
1436 1450 0.058134
1450 1451 3.012579
1450 1452 3.009688
1435 1453 0.089032
1453 1454 0.117407
1454 1455 2.999978
1454 1456 2.870468
1453 1457 2.969638
1434 1458 0.10108
1458 1459 0.098166
1459 1460 3.0434349999999997
1459 1461 3.029439
1458 1462 0.344648
1462 1463 3.211687
1462 1464 3.164832
1431 1465 3.409938
1430 1466 3.6504710000000005
1429 1467 0.026128000000000002
1467 1468 3.446765
1467 1469 0.171656
1469 1470 3.259733
1469 1471 3.066178
1428 1472 3.616047
1427 1473 4.117026
1376 1474 1
1474 1475 0.22589599999999999
1475 1476 0.192544
1476 1477 3.395024
1476 1478 3.538175
1475 1479 3.678914
1474 1480 4.070584
1375 1481 1
1481 1482 0.550343
1482 1483 0.060881
1483 1484 0.306554
1484 1485 0.506215
1485 1486 1
1486 1487 1
1487 1488 0.112659
1488 1489 0.41204199999999996
1489 1490 1
1490 1491 0.595723
1491 1492 3.1926959999999998
1491 1493 0.167167
1493 1494 0.263699
1494 1495 0.20538599999999999
1495 1496 1.899573
1495 1497 2.604475
1494 1498 1.945424
1493 1499 0.444413
1499 1500 0.319508
1500 1501 2.94082
1500 1502 0.338595
1502 1503 0.156695
1503 1504 1.204433
1503 1505 1.072895
1502 1506 1.386827
1499 1507 3.7318740000000004
1490 1508 3.810561
1489 1509 1
1509 1510 0.092235
1510 1511 2.492597
1510 1512 0.373728
1512 1513 0.265702
1513 1514 0.178891
1514 1515 0.126912
1515 1516 1.4364
1515 1517 1.498823
1514 1518 1.568433
1513 1519 1.929615
1512 1520 2.027547
1509 1521 4.622803
1488 1522 5.835997
1487 1523 3.3879840000000003
1486 1524 0.188724
1524 1525 2.877009
1524 1526 2.7404
1485 1527 0.281731
1527 1528 0.283401
1528 1529 2.113792
1528 1530 2.187827
1527 1531 1
1531 1532 0.17647100000000002
1532 1533 0.065633
1533 1534 0.333676
1534 1535 0.256491
1535 1536 1.820062
1535 1537 1.671841
1534 1538 0.076433
1538 1539 0.165197
1539 1540 1.634646
1539 1541 1.6548279999999997
1538 1542 2.1880420000000003
1533 1543 2.6376630000000003
1532 1544 2.384442
1531 1545 2.466551
1484 1546 0.326808
1546 1547 2.959867
1546 1548 3.113007
1483 1549 3.7278810000000004
1482 1550 5.945332
1481 1551 6.298748999999999
1374 1552 4.3023560000000005
1373 1553 4.327905
1372 1554 4.636296
1371 1555 4.9279969999999995
1370 1556 4.700374999999999
1369 1557 0.44397100000000006
1557 1558 5.115342
1557 1559 4.803686
1368 1560 1
1560 1561 0.11246500000000001
1561 1562 0.40157200000000004
1562 1563 3.8486640000000003
1562 1564 3.8436440000000003
1561 1565 4.2542990000000005
1560 1566 0.347011
1566 1567 0.053814
1567 1568 1
1568 1569 4.190278
1568 1570 0.263467
1570 1571 0.23175
1571 1572 1
1572 1573 0.23997
1573 1574 0.15065
1574 1575 0.05144000000000001
1575 1576 0.121911
1576 1577 3.100356
1576 1578 0.163814
1578 1579 2.896405
1578 1580 2.97404
1575 1581 0.059652000000000004
1581 1582 3.175988
1581 1583 3.1499230000000003
1574 1584 0.011098
1584 1585 0.132755
1585 1586 3.1004319999999996
1585 1587 3.124265
1584 1588 0.069674
1588 1589 3.266832
1588 1590 3.1602930000000002
1573 1591 3.716418
1572 1592 3.917375
1571 1593 0.031474999999999996
1593 1594 0.23416700000000001
1594 1595 3.280955
1594 1596 3.247385
1593 1597 0.017144
1597 1598 3.4867250000000003
1597 1599 0.131696
1599 1600 3.3088949999999997
1599 1601 3.421874
1570 1602 3.988199
1567 1603 0.020319
1603 1604 0.086427
1604 1605 3.712004
1604 1606 3.929696
1603 1607 0.06221
1607 1608 0.161377
1608 1609 3.614795
1608 1610 3.571439
1607 1611 3.8619019999999997
1566 1612 0.210722
1612 1613 3.9355800000000003
1612 1614 0.0877
1614 1615 3.8245769999999997
1614 1616 3.715909
1367 1617 0.005138
1617 1618 0.36148
1618 1619 0.130668
1619 1620 3.746435
1619 1621 3.9458729999999997
1618 1622 3.943219
1617 1623 1
1623 1624 0.338041
1624 1625 0.021783
1625 1626 0.07232
1626 1627 4.036793
1626 1628 4.009765
1625 1629 4.102782
1624 1630 0.110657
1630 1631 0.21762
1631 1632 3.595805
1631 1633 3.59043
1630 1634 0.020853
1634 1635 3.307861
1635 1636 0.45701200000000003
1635 1637 0.453919
1634 1638 3.85307
1623 1639 4.457929
1366 1640 0.970237
1640 1641 3.827518
1640 1642 4.472077
1365 1643 5.409371
1360 1644 1
1644 1645 0.363628
1645 1646 4.4190380000000005
1645 1647 0.131363
1647 1648 0.014650000000000002
1648 1649 0.053491
1649 1650 4.232009
1649 1651 0.156803
1651 1652 0.042067
1652 1653 3.9638739999999997
1652 1654 3.829648
1651 1655 4.006516
1648 1656 4.289235000000001
1647 1657 0.015118999999999999
1657 1658 4.322126
1657 1659 0.308441
1659 1660 3.8949860000000003
1659 1661 3.9491430000000003
1644 1662 5.120185
1359 1663 5.013306
1358 1664 1
1664 1665 0.371051
1665 1666 0.07807499999999999
1666 1667 0.085673
1667 1668 0.24570199999999998
1668 1669 4.1834169999999995
1668 1670 3.9137489999999997
1667 1671 4.182436
1666 1672 4.614816
1665 1673 0.07159399999999999
1673 1674 0.21056299999999997
1674 1675 4.120158
1674 1676 4.078222
1673 1677 4.495914
1664 1678 4.912361
1357 1679 0.211428
1679 1680 4.673568
1679 1681 4.89121
1356 1682 5.940776
1355 1683 5.385282999999999
1354 1684 0.23178
1684 1685 0.111252
1685 1686 4.34206
1685 1687 4.362394
1684 1688 4.4181
1347 1689 0.089612
1689 1690 5.963699
1689 1691 5.574763
1346 1692 6.793729
1337 1693 0.7830459999999999
1693 1694 4.6803360000000005
1693 1695 0.838676
1695 1696 3.854605
1695 1697 2.167662
1697 1698 1.59991
1697 1699 1.993207
1336 1700 0.17207
1700 1701 0.300074
1701 1702 4.80863
1701 1703 4.70554
1700 1704 0.37047199999999997
1704 1705 4.777216
1704 1706 4.787561
1335 1707 5.396363
1334 1708 5.427879
1333 1709 5.668123
1320 1710 0.013179000000000001
1710 1711 0.180399
1711 1712 5.177207
1711 1713 4.792429
1710 1714 5.234579999999999
1319 1715 0.152475
1715 1716 5.26369
1715 1717 5.110804
1318 1718 1
1718 1719 0.09916599999999999
1719 1720 0.23516900000000002
1720 1721 0.069758
1721 1722 4.843059
1721 1723 0.192366
1723 1724 4.592409
1723 1725 4.618118
1720 1726 0.287847
1726 1727 4.6063529999999995
1726 1728 4.452351
1719 1729 0.093504
1729 1730 0.11280000000000001
1730 1731 4.916589
1730 1732 5.103654
1729 1733 5.049143
1718 1734 0.079791
1734 1735 0.187722
1735 1736 5.129566
1735 1737 5.042499
1734 1738 5.176651000000001
1317 1739 5.474463
1316 1740 1
1740 1741 0.142742
1741 1742 5.22751
1741 1743 5.197592
1740 1744 0.084296
1744 1745 0.084782
1745 1746 5.281109
1745 1747 5.042778
1744 1748 0.193673
1748 1749 4.9090679999999995
1748 1750 0.038458
1750 1751 0.060279
1751 1752 0.129038
1752 1753 4.639983
1752 1754 0.091799
1754 1755 4.493755
1754 1756 4.463735
1751 1757 0.186179
1757 1758 4.601105
1757 1759 4.5082070000000005
1750 1760 4.916228
1315 1761 1
1761 1762 0.049916999999999996
1762 1763 0.112006
1763 1764 0.118161
1764 1765 0.07918499999999999
1765 1766 5.035121
1765 1767 5.035729
1764 1768 5.209276999999999
1763 1769 5.295727
1762 1770 5.509036
1761 1771 5.553076
1312 1772 7.393606
1311 1773 0.32091400000000003
1773 1774 5.269446
1773 1775 5.408691999999999
1310 1776 0.350301
1776 1777 5.527401
1776 1778 5.201344
1301 1779 0.077463
1779 1780 2.811331
1780 1781 2.926171
1780 1782 3.197311
1779 1783 6.044944
1300 1784 0.25225600000000004
1784 1785 5.966183
1784 1786 5.673493000000001
1299 1787 0.001036
1787 1788 0.074212
1788 1789 0.013554
1789 1790 5.646465
1789 1791 5.588353
1788 1792 0.18887500000000002
1792 1793 5.364753
1792 1794 5.414599
1787 1795 0.14719500000000002
1795 1796 5.571036
1795 1797 6.06864
1298 1798 6.100798999999999
1297 1799 0.307567
1799 1800 5.687615
1799 1801 5.648417
1296 1802 0.00982
1802 1803 5.961192
1802 1804 0.058299000000000004
1804 1805 0.148014
1805 1806 0.198733
1806 1807 5.402683
1806 1808 5.579098
1805 1809 0.029
1809 1810 5.531255
1809 1811 5.5011339999999995
1804 1812 5.84895
1289 1813 0.145433
1813 1814 0.22692099999999998
1814 1815 5.774555
1814 1816 5.865121
1813 1817 5.947168
1288 1818 0.043137
1818 1819 0.023146
1819 1820 0.20267000000000002
1820 1821 5.722553
1820 1822 5.714694
1819 1823 6.072633000000001
1818 1824 0.221375
1824 1825 5.92729
1824 1826 5.762994
1287 1827 6.413785
1286 1828 0.056501
1828 1829 6.225166
1828 1830 0.151352
1830 1831 6.103376
1830 1832 5.991766
1275 1833 0.12278700000000001
1833 1834 0.007665000000000001
1834 1835 0.142647
1835 1836 6.049117
1835 1837 5.843595
1834 1838 6.006138
1833 1839 6.177917
1274 1840 0.12933
1840 1841 0.08761100000000001
1841 1842 6.267544999999999
1841 1843 5.827596
1840 1844 6.2383
1273 1845 0.097073
1845 1846 0.225702
1846 1847 6.5734710000000005
1846 1848 6.078351
1845 1849 6.353245
1272 1850 0.283659
1850 1851 6.4856430000000005
1850 1852 6.216786
1271 1853 6.681317000000001
1262 1854 0.073422
1854 1855 0.040125
1855 1856 6.307599
1855 1857 0.14483000000000001
1857 1858 6.296119999999999
1857 1859 6.254487999999999
1854 1860 6.6508020000000005
1261 1861 6.5353270000000006
1260 1862 1
1862 1863 0.134703
1863 1864 0.16272
1864 1865 0.040164
1865 1866 6.113568
1865 1867 6.184003
1864 1868 6.361658
1863 1869 0.119101
1869 1870 6.37023
1869 1871 6.5346280000000005
1862 1872 7.055109
1259 1873 0.10800799999999999
1873 1874 0.027702
1874 1875 0.057408999999999995
1875 1876 6.809266
1875 1877 6.500450000000001
1874 1878 7.078218
1873 1879 7.105657999999999
1258 1880 6.913925
1257 1881 6.775760999999999
1256 1882 0.05696
1882 1883 6.778309
1882 1884 7.088087999999999
1255 1885 0.068538
1885 1886 6.894533
1885 1887 6.718826999999999
1254 1888 0.059081
1888 1889 0.027558
1889 1890 0.157456
1890 1891 6.993085000000001
1890 1892 6.620275
1889 1893 7.079386
1888 1894 7.325489999999999
1253 1895 0.133858
1895 1896 6.743078
1895 1897 0.088905
1897 1898 6.891160999999999
1897 1899 6.772807
1252 1900 7.164127000000001
1251 1901 1.296677
1901 1902 6.080506
1901 1903 6.67253
1250 1904 7.626599000000001
1249 1905 0.048933
1905 1906 0.038371999999999996
1906 1907 0.029922999999999998
1907 1908 6.880056
1907 1909 6.834519
1906 1910 7.156312
1905 1911 6.986067
1238 1912 0.006509999999999999
1912 1913 0.38354299999999997
1913 1914 7.018921000000001
1913 1915 7.049904
1912 1916 0.046619
1916 1917 7.26927
1916 1918 7.204414000000001
1237 1919 7.864820999999999
1228 1920 0.014091000000000001
1920 1921 0.077042
1921 1922 0.085621
1922 1923 0.14166700000000002
1923 1924 0.031852
1924 1925 7.29896
1924 1926 7.022902
1923 1927 7.154383
1922 1928 0.100753
1928 1929 7.609019
1928 1930 7.370738
1921 1931 0.157201
1931 1932 7.102236
1931 1933 7.320841
1920 1934 0.291107
1934 1935 0.7134889999999999
1935 1936 6.936418
1935 1937 6.929978
1934 1938 7.510195
1227 1939 0.030143
1939 1940 0.057932000000000004
1940 1941 7.523523999999999
1940 1942 7.810484
1939 1943 0.077736
1943 1944 0.087157
1944 1945 7.224266
1944 1946 0.11379
1946 1947 6.979673
1946 1948 7.139760000000001
1943 1949 7.381661
1226 1950 0.237623
1950 1951 7.086618
1950 1952 7.336459
1219 1953 0.12551400000000001
1953 1954 7.434505
1953 1955 7.59586
1218 1956 0.119785
1956 1957 0.171199
1957 1958 7.7367539999999995
1957 1959 7.698468999999999
1956 1960 7.7235380000000005
1217 1961 0.307094
1961 1962 7.550171
1961 1963 7.682622
1216 1964 0.42972799999999994
1964 1965 7.691725000000001
1964 1966 7.692891
1215 1967 0.014151999999999998
1967 1968 8.06232
1967 1969 0.211972
1969 1970 7.595961
1969 1971 7.485011
1210 1972 0.47065299999999993
1972 1973 8.496852
1972 1974 8.456589000000001
1209 1975 7.9468250000000005
1188 1976 0.025447
1976 1977 0.10753
1977 1978 0.070144
1978 1979 8.121227000000001
1978 1980 8.326141
1977 1981 0.258803
1981 1982 8.634501
1981 1983 8.167119
1976 1984 0.27109
1984 1985 8.461264
1984 1986 1.0276020000000001
1986 1987 7.295157
1986 1988 7.5327779999999995
1187 1989 0.195014
1989 1990 0.5219480000000001
1990 1991 7.952012
1990 1992 8.950822
1989 1993 8.536757
2 1994 0.026498
1994 1995 8.189938
1994 1996 8.206824
1 1997 7.7077480000000005
1 1998 8.435976
